68 57 86 66 26 24 71 90 99 30 23 26 14 99 86 61 20 8 4 17 43 48 43 67 49 78 44 98 16 57 26 9 80 45 92 37 96 13 77 23 28 98 86 25 26 79 70 15 56 62 17 64 57 30 43 30 11 12 10 38 1 19 59 43 49 31 81 38 12 6 54 14 52 41 38 45 62 85 37 46 88 17 41 53 21 62 56 96 80 86 18 47 17 17 50 86 22 90 81 5 
14 40 20 77 88 44 48 49 25 6 35 39 85 98 68 32 51 85 17 13 36 16 12 43 58 0 20 42 21 23 17 30 94 26 67 94 46 87 71 84 65 81 86 76 51 17 86 97 87 15 43 93 62 6 98 68 2 20 64 11 32 21 72 81 99 14 97 11 14 1 31 12 56 47 60 79 26 9 76 92 48 71 92 84 47 54 78 5 82 72 58 93 16 33 95 46 62 64 60 38 
50 15 77 44 91 55 73 27 53 3 17 13 47 18 3 62 15 47 51 90 50 25 54 88 69 99 57 25 71 77 84 57 9 76 83 40 14 23 47 35 14 82 46 0 12 23 25 7 58 63 6 43 46 86 53 93 87 46 30 38 66 57 71 7 54 57 60 76 24 83 56 53 59 55 30 13 59 67 52 28 40 70 30 60 94 40 94 70 6 63 42 81 3 19 7 99 50 57 69 40 
39 72 79 24 73 22 97 60 92 30 23 31 60 61 3 93 5 10 33 48 97 61 54 7 98 84 19 75 65 29 76 76 65 34 13 96 80 70 35 98 98 39 54 57 56 52 33 6 12 93 71 92 69 73 85 10 46 47 12 42 2 84 36 4 91 84 25 77 71 47 65 97 55 26 74 83 66 50 61 11 31 29 15 24 99 94 51 72 68 45 5 36 71 27 33 96 65 51 67 79 
44 58 30 47 89 65 90 43 99 20 50 72 34 61 21 6 0 37 61 87 68 86 26 65 14 82 80 40 15 30 99 42 97 31 38 50 81 65 54 43 66 18 93 34 45 9 58 96 91 46 86 1 6 89 83 66 80 0 84 37 92 98 94 74 31 18 58 92 2 53 27 54 53 87 44 23 75 34 69 84 91 16 94 72 26 10 93 73 17 90 50 5 34 67 3 83 54 93 53 39 
38 18 52 43 74 63 89 48 53 4 10 93 23 67 10 46 91 82 55 55 81 47 4 46 63 92 55 42 6 27 15 45 63 67 45 12 86 43 4 2 63 58 50 79 48 81 25 78 87 77 42 12 59 96 40 42 24 65 88 85 30 6 96 41 6 6 6 28 81 75 95 91 9 13 68 25 62 91 87 7 16 74 40 13 13 48 46 91 13 59 88 53 44 14 13 7 47 51 44 23 
87 34 96 5 47 25 20 89 65 60 45 27 3 94 15 20 37 8 68 7 13 14 87 79 30 56 6 75 86 96 10 61 0 53 3 51 20 57 42 22 24 2 1 73 59 97 75 67 32 36 84 20 26 49 23 65 77 28 13 88 43 34 37 74 87 55 38 12 90 77 15 40 48 93 62 33 46 17 6 80 34 83 29 77 42 53 50 13 72 49 68 81 25 7 68 22 21 85 55 62 
7 66 98 60 78 98 53 43 82 65 10 57 46 58 40 2 70 58 0 85 81 64 62 91 25 95 91 37 42 14 33 52 72 8 60 64 92 41 0 55 68 23 63 92 78 60 40 74 38 3 79 51 30 72 19 15 24 82 38 75 58 71 13 82 41 94 47 33 70 65 22 70 96 48 51 11 76 46 85 51 61 0 9 38 89 66 88 93 51 95 86 1 85 8 98 68 21 93 90 15 
34 42 67 70 74 35 76 73 53 95 28 8 9 70 89 78 24 62 80 49 29 34 58 1 2 32 52 78 10 77 22 87 70 2 44 20 30 57 81 38 29 80 43 1 36 73 96 63 43 99 36 92 29 44 22 68 67 12 67 92 54 93 93 95 4 26 88 37 47 25 91 26 56 28 40 3 15 76 17 57 24 73 54 8 74 37 87 27 66 3 32 6 54 29 98 49 94 93 99 15 
94 60 37 61 93 60 87 68 10 56 84 84 9 42 0 2 13 72 12 65 60 54 26 0 66 82 41 91 73 33 38 99 59 21 35 99 2 84 11 1 1 60 77 4 84 11 30 63 42 78 65 1 8 36 30 3 61 88 7 31 40 70 56 54 50 73 5 92 77 67 4 86 19 13 49 41 31 23 94 90 13 90 91 25 12 78 10 57 37 22 23 39 1 53 5 87 63 28 52 60 
87 34 50 92 22 11 3 51 75 63 74 2 97 57 81 19 6 99 4 87 4 69 29 25 26 86 30 89 77 97 55 55 35 32 66 69 48 25 84 90 71 22 46 1 19 94 3 5 95 44 72 6 63 88 41 92 28 96 34 38 61 37 70 62 95 34 59 19 90 99 14 47 17 34 76 34 56 30 74 30 87 13 0 33 2 76 92 12 19 72 85 57 35 11 70 95 41 35 97 20 
96 54 64 40 75 67 66 33 38 29 17 10 94 65 42 43 92 72 53 53 15 21 80 18 7 56 34 4 54 24 49 38 97 82 11 23 82 10 39 45 49 66 36 93 28 13 78 58 95 25 77 51 35 12 74 41 69 15 22 67 50 45 70 20 15 82 13 46 6 75 52 0 27 21 79 27 76 64 10 49 89 87 95 6 69 69 51 66 37 41 71 2 81 97 84 25 20 31 40 95 
23 97 84 9 94 52 39 92 23 83 44 67 39 85 47 54 7 75 59 77 42 94 96 83 3 72 71 67 5 41 75 16 77 5 15 1 28 84 55 96 93 90 75 50 65 56 53 23 14 66 39 78 37 69 25 92 39 56 12 5 50 35 7 95 79 83 13 50 23 24 76 88 14 28 28 81 71 7 14 81 86 7 94 17 30 10 95 36 55 50 42 15 18 41 74 75 82 37 15 49 
96 14 60 38 50 33 22 92 85 23 69 57 58 86 53 62 45 63 57 91 45 57 98 53 63 32 92 72 70 70 48 38 82 70 49 59 64 30 5 35 14 59 74 45 4 46 74 30 61 81 71 64 77 95 71 27 55 16 87 61 67 68 0 41 39 85 59 92 61 71 85 6 27 80 62 74 62 56 47 15 12 63 78 65 93 76 21 25 19 44 97 56 33 80 24 31 41 59 84 39 
82 95 35 85 40 25 76 73 77 39 52 98 48 7 92 97 64 69 96 19 67 77 5 32 63 77 31 94 49 63 66 10 32 99 18 69 57 72 37 64 65 48 31 76 42 93 48 0 1 34 45 98 95 78 72 98 22 51 61 0 11 78 89 39 94 6 94 68 2 6 47 41 41 23 58 59 86 2 47 11 17 54 75 60 54 88 36 28 14 92 19 35 31 91 47 32 15 61 20 43 
54 89 48 95 59 59 65 9 55 94 11 64 64 38 87 94 50 55 83 95 43 6 0 69 28 31 18 56 78 68 11 71 74 21 99 13 77 45 10 65 83 0 3 28 62 17 11 65 69 98 9 39 17 93 60 49 44 97 17 46 8 18 44 42 14 77 1 85 20 92 19 54 20 25 63 71 66 12 73 23 24 13 17 64 48 46 56 43 73 2 45 36 29 95 93 98 10 38 33 66 
52 5 7 50 71 16 12 94 70 70 61 34 11 69 95 7 83 44 67 98 28 94 9 25 1 45 24 93 86 60 83 40 73 43 87 8 24 26 81 91 36 60 53 77 45 42 39 2 7 61 69 44 77 64 29 77 55 61 0 1 49 74 23 27 50 55 98 32 59 82 10 32 65 45 63 15 32 15 22 87 8 90 66 96 39 77 70 88 93 38 46 9 65 48 66 11 25 84 76 78 
71 53 24 75 57 75 58 94 90 81 99 92 10 53 59 14 56 36 6 90 85 17 45 52 80 63 35 40 4 95 49 14 10 14 86 18 51 91 7 9 32 36 98 19 72 94 71 74 86 22 63 75 4 73 9 84 31 35 3 66 68 76 42 92 46 15 72 56 25 27 69 36 50 51 63 67 60 13 95 73 10 54 37 40 94 64 51 72 74 91 17 2 65 74 42 80 0 45 39 80 
21 7 32 67 95 6 15 96 72 69 78 49 60 93 7 75 3 10 2 0 16 96 1 94 10 94 30 27 83 2 18 84 88 43 48 42 69 90 86 5 77 10 32 27 88 38 93 73 78 89 62 64 19 26 27 87 29 27 12 99 93 58 89 59 78 5 94 53 58 95 50 56 51 77 29 47 65 66 31 91 40 30 55 16 65 91 12 62 44 94 95 9 40 56 40 61 79 92 9 4 
71 56 65 8 33 66 6 66 20 93 98 19 45 59 38 17 55 18 83 93 84 70 8 22 98 85 72 14 14 86 98 51 36 14 94 89 5 64 22 86 61 6 17 79 85 24 90 13 9 97 76 58 45 20 45 16 85 69 32 38 44 0 52 30 33 52 50 91 81 16 37 29 56 70 24 57 24 29 55 65 34 69 44 63 26 3 93 53 78 75 9 53 33 97 99 94 97 59 55 70 
82 93 68 29 89 88 32 75 58 69 6 17 28 73 14 50 1 65 4 7 36 11 38 47 49 37 55 77 82 35 43 19 60 52 62 40 64 73 64 52 90 32 74 98 33 62 58 58 8 43 86 40 77 27 67 37 60 2 37 65 94 47 26 24 43 76 95 25 4 77 88 3 93 27 56 78 18 27 96 58 24 35 80 59 31 8 52 41 74 29 84 88 26 75 95 6 22 74 36 36 
22 91 20 14 39 22 6 51 3 1 89 56 29 25 54 88 23 89 98 8 66 49 68 64 58 4 50 54 66 10 15 36 82 15 53 68 8 40 74 87 60 87 45 19 39 56 66 99 57 3 52 87 17 16 18 87 57 62 71 86 40 7 95 7 0 90 54 77 47 34 7 12 16 2 82 51 5 97 42 47 61 29 6 24 75 38 97 7 77 48 83 20 82 41 25 44 12 32 40 57 
6 71 46 93 84 30 30 52 85 4 1 70 14 85 33 1 60 84 89 83 20 3 57 6 32 86 59 59 9 60 70 52 7 52 90 86 28 66 0 54 37 60 88 88 85 95 44 60 60 82 78 27 15 75 37 94 36 31 36 80 68 39 48 74 39 96 71 22 36 47 8 26 22 37 9 67 59 60 3 51 34 11 9 98 6 51 84 67 72 99 65 15 85 36 58 36 30 48 14 91 
80 80 55 62 40 64 71 92 41 20 15 45 43 80 53 6 92 63 68 68 57 28 76 25 76 64 93 44 75 76 37 56 16 82 16 27 58 97 67 63 58 22 26 22 19 84 11 42 91 12 72 47 11 50 99 48 9 39 24 7 76 7 55 33 23 76 80 49 82 11 91 96 57 87 35 86 30 12 10 78 41 78 21 47 58 58 90 9 39 52 71 2 35 22 77 55 66 27 9 25 
86 75 30 56 33 10 79 12 80 44 74 7 35 76 53 48 90 96 99 81 12 3 27 99 89 96 73 32 97 6 17 45 79 49 32 53 75 60 76 74 44 79 55 95 49 67 19 90 2 3 41 82 86 65 99 4 18 94 42 97 20 58 92 39 77 48 74 53 87 81 21 76 0 45 30 31 47 14 12 17 60 40 53 50 78 18 39 87 30 35 44 58 59 71 32 62 32 12 27 98 
61 24 23 88 26 28 42 19 80 58 38 69 66 58 72 71 87 50 76 54 76 68 68 12 57 4 51 5 27 6 23 82 73 77 64 11 75 97 59 76 86 15 16 86 93 34 63 47 71 19 17 72 42 60 97 33 11 90 36 26 55 50 91 48 90 41 78 17 30 54 78 36 87 36 71 9 80 35 82 61 68 32 14 8 14 72 7 46 5 4 92 44 8 91 18 19 94 88 37 70 
85 87 58 81 28 49 81 72 9 18 15 44 7 95 0 64 85 56 39 92 43 63 62 15 50 98 56 37 91 97 96 39 98 76 51 77 5 27 61 48 58 99 80 14 68 24 82 71 83 19 92 62 81 55 2 91 13 30 17 25 2 89 83 86 31 56 74 6 33 42 7 6 12 81 16 98 19 44 80 61 3 26 30 91 95 43 85 24 1 4 6 87 74 23 42 45 18 23 2 95 
82 13 64 12 27 60 28 44 12 55 58 98 83 68 10 69 80 63 21 98 17 63 94 43 1 36 62 10 59 94 39 55 42 97 47 36 59 58 83 80 22 24 61 10 57 22 15 99 53 28 5 97 38 4 74 97 1 4 6 11 28 77 86 52 22 26 56 9 68 16 73 50 74 68 76 93 66 96 93 65 82 90 2 69 44 83 73 33 11 6 86 43 67 39 34 25 50 3 0 94 
17 5 54 46 49 38 36 40 22 13 53 3 23 72 98 62 15 79 43 19 19 35 54 97 54 37 7 34 41 76 66 25 7 47 43 13 44 27 51 77 4 29 61 29 51 43 84 56 3 97 96 71 1 54 47 35 3 50 21 19 65 98 50 29 74 58 83 37 14 71 43 97 94 17 20 7 28 42 64 64 95 64 77 22 53 68 8 12 67 83 21 72 8 97 64 70 26 79 14 27 
30 9 80 57 46 13 83 21 0 18 87 96 84 33 21 86 58 88 26 20 65 32 14 65 79 40 97 40 71 6 73 40 83 26 40 79 49 4 8 99 4 91 80 30 30 43 60 25 49 67 36 47 23 48 69 18 6 68 12 67 20 94 19 78 54 77 13 53 95 75 42 89 60 56 83 8 65 63 55 53 50 64 82 49 67 7 12 36 37 32 58 75 90 20 45 63 7 58 67 65 
48 93 29 83 7 50 45 72 21 49 93 96 69 48 56 46 62 78 38 37 3 53 54 56 1 87 33 61 26 7 80 69 71 91 74 94 43 84 93 60 1 48 22 32 66 27 27 90 40 85 96 22 62 63 68 66 73 88 1 26 82 70 78 52 34 53 76 12 78 7 35 50 14 64 23 19 56 80 6 34 73 7 68 12 84 65 44 62 66 38 20 25 1 63 64 29 7 90 63 15 
13 10 56 9 37 95 99 0 8 64 86 60 0 85 29 1 98 39 75 30 39 14 63 37 25 47 83 18 67 2 92 57 36 94 82 9 47 90 50 31 74 74 37 85 31 15 15 75 16 2 28 23 26 44 25 64 87 22 30 70 90 15 46 80 19 62 92 54 95 96 73 51 62 83 5 26 44 84 90 97 5 82 15 30 93 51 66 85 34 27 5 97 91 42 69 70 53 95 67 44 
0 11 90 82 32 66 86 61 56 0 15 78 83 10 97 65 77 16 75 96 40 78 25 79 88 26 38 69 87 49 5 15 85 27 88 95 32 76 46 72 19 0 46 16 24 63 73 82 54 6 66 9 60 97 48 64 67 61 52 92 85 15 49 99 7 25 44 42 93 5 3 69 56 44 29 86 53 21 91 27 99 50 50 84 37 45 48 96 53 35 75 11 67 98 52 28 30 13 68 91 
36 84 85 66 25 11 42 16 50 7 80 50 26 31 32 65 0 93 73 20 38 25 32 74 37 37 44 34 86 18 27 95 33 21 94 70 20 78 24 82 10 81 39 66 53 26 78 77 65 51 50 10 53 34 9 17 55 17 35 82 75 28 85 52 12 98 16 25 6 72 44 8 23 48 20 19 65 98 51 26 3 35 83 75 32 56 21 20 32 93 81 30 68 89 71 43 48 32 10 39 
87 50 93 66 23 20 47 89 86 72 71 69 68 38 24 24 41 36 41 83 97 66 12 75 74 98 68 1 79 90 17 84 31 55 31 80 71 80 61 20 7 96 59 79 34 60 70 27 57 53 43 18 38 71 38 78 5 54 92 4 51 38 20 0 81 92 6 54 75 53 9 20 94 37 58 10 66 72 24 26 20 68 90 21 59 21 51 97 5 67 20 50 73 52 15 91 78 85 67 8 
35 38 20 33 41 60 44 0 44 87 6 55 10 4 10 5 48 4 81 58 62 13 91 81 1 85 10 29 7 85 53 79 34 76 33 99 21 48 18 99 4 28 45 88 6 39 24 28 84 11 74 84 59 57 69 59 14 93 22 50 13 33 0 85 10 79 32 58 70 46 43 9 97 88 16 24 98 9 47 67 64 43 54 31 90 19 83 90 78 7 82 54 55 60 73 92 85 70 45 82 
64 85 11 80 69 2 3 98 4 43 59 15 72 75 87 86 45 78 88 4 7 67 98 9 52 23 95 82 36 41 45 44 14 58 43 46 10 47 70 44 17 57 33 10 44 56 87 39 21 3 68 36 74 87 23 16 31 33 54 57 27 97 19 78 69 45 18 54 69 7 62 29 64 26 0 10 36 42 77 41 85 21 68 46 35 53 88 37 89 95 31 27 73 14 95 89 46 85 80 68 
14 37 30 49 43 15 24 86 24 96 94 12 7 49 95 70 2 57 2 74 58 69 69 58 12 7 82 10 98 39 65 0 28 70 39 68 88 79 30 93 71 86 49 36 57 63 17 28 38 4 19 85 74 6 40 61 66 1 31 76 84 62 74 46 57 9 32 82 5 67 1 33 26 61 70 61 12 26 62 24 25 33 37 36 77 15 41 96 8 96 74 18 31 31 66 50 55 35 97 87 
64 82 17 93 25 69 57 71 84 26 91 10 33 29 35 54 6 95 35 6 38 27 88 2 34 45 30 4 39 67 34 76 9 85 86 5 56 5 27 15 21 80 55 86 51 48 66 30 74 3 42 85 99 10 24 59 62 65 16 16 73 98 20 7 90 28 45 21 94 66 39 3 43 56 35 36 91 53 97 58 97 18 46 40 65 62 82 17 83 6 34 47 9 31 10 41 54 86 25 5 
69 27 97 48 1 81 37 25 44 17 40 97 59 13 60 59 54 47 70 71 5 73 92 99 54 71 4 67 20 60 51 73 27 69 50 31 56 8 35 99 63 83 16 35 80 15 55 19 75 96 13 51 36 30 25 97 65 38 15 75 13 73 78 21 37 48 93 58 68 12 61 23 49 72 27 96 20 45 68 70 56 86 74 48 55 0 25 78 90 83 66 55 57 74 86 61 19 23 62 75 
33 26 37 10 88 44 20 68 2 11 25 17 77 0 34 22 12 24 52 28 57 7 57 25 48 98 19 90 80 67 42 88 55 6 21 18 25 30 16 3 95 12 88 80 5 27 12 30 25 41 59 17 22 45 69 75 85 78 82 50 50 87 28 39 33 67 97 93 19 74 53 89 95 9 73 28 62 31 76 94 14 8 56 96 85 42 93 88 69 97 10 66 39 67 60 67 45 14 71 94 
52 89 74 11 42 81 26 43 54 15 38 71 9 76 54 64 73 17 97 15 73 1 95 47 84 69 87 76 65 42 53 29 90 67 7 19 39 69 25 91 74 91 91 49 1 86 22 71 95 63 62 42 3 55 94 52 69 87 8 37 38 36 42 53 90 67 21 94 0 32 38 22 70 12 66 81 89 2 58 84 83 80 46 16 39 53 90 52 2 29 27 88 83 39 35 40 24 62 63 89 
67 27 31 66 5 6 11 85 6 47 21 79 21 75 88 85 27 75 63 69 6 8 32 28 18 88 19 13 52 28 25 14 25 98 30 2 69 36 19 15 24 98 0 56 45 61 33 97 53 28 86 42 98 44 52 61 33 70 46 40 21 84 80 51 26 44 55 25 32 79 57 85 51 26 74 91 78 61 11 96 2 9 94 54 74 32 30 52 86 70 96 9 64 22 75 11 57 57 56 81 
87 15 5 81 30 60 23 80 97 72 57 31 67 38 51 11 22 40 51 99 71 92 46 20 2 7 2 5 12 23 11 61 14 67 92 82 75 47 83 63 66 93 88 40 37 26 81 96 78 78 13 67 88 67 95 93 73 47 70 43 85 43 23 9 8 63 53 35 68 32 55 68 65 73 30 4 47 41 37 41 70 28 95 52 39 48 76 93 37 21 26 36 41 20 29 49 59 40 68 54 
30 47 2 68 66 60 57 95 95 76 66 62 73 46 46 19 94 78 79 34 72 86 30 56 16 72 19 21 1 10 33 18 49 47 45 53 88 45 53 22 83 83 13 59 20 97 4 94 63 94 27 49 12 1 58 11 45 11 56 13 27 88 53 3 20 12 2 60 77 60 44 91 17 65 45 76 63 20 8 3 88 87 65 83 74 71 59 73 38 6 85 65 81 3 75 21 37 47 51 14 
91 46 72 8 6 23 94 78 38 60 50 40 49 74 39 66 30 71 96 46 37 85 56 62 95 50 64 44 34 48 36 81 47 51 21 75 97 44 56 7 5 37 95 63 32 94 52 76 72 86 42 70 91 95 8 74 84 6 55 16 12 98 55 83 12 58 21 98 4 41 52 24 71 10 54 62 92 13 4 72 12 72 16 77 84 13 45 86 54 83 32 42 75 74 6 87 44 0 46 12 
13 82 97 74 1 80 19 27 48 16 55 29 45 96 82 39 0 70 28 99 27 0 27 28 67 12 16 8 45 9 47 49 45 62 35 47 47 22 22 45 29 85 62 41 93 95 80 89 31 87 84 27 80 21 45 11 31 31 2 80 48 96 57 44 24 29 75 17 77 17 44 72 99 20 9 15 22 16 63 57 36 11 33 4 45 15 37 64 17 83 47 86 29 9 83 31 14 97 48 6 
47 89 40 60 90 16 6 3 25 80 98 12 44 79 24 77 1 90 99 85 7 5 59 54 92 73 13 5 43 91 50 20 69 33 83 93 37 90 95 81 45 14 57 83 55 51 64 73 54 97 76 12 90 93 11 64 89 20 43 66 46 6 6 82 2 53 16 91 46 50 43 33 80 51 97 0 37 46 25 42 26 61 83 11 21 66 65 12 59 21 18 74 60 52 67 23 99 94 31 2 
27 59 47 31 12 3 81 93 30 4 8 75 90 46 52 16 30 69 52 74 64 21 25 26 61 33 13 1 92 76 0 42 57 41 97 91 10 85 21 21 41 27 3 48 78 91 60 89 79 69 57 10 14 7 65 80 89 46 84 79 5 54 36 59 19 9 48 49 98 18 6 44 83 36 37 89 37 40 26 96 70 59 98 96 77 72 13 65 60 75 85 77 13 65 66 66 31 35 77 21 
52 69 67 89 72 46 23 70 69 14 14 0 37 87 86 89 39 20 25 37 21 95 79 59 10 80 94 9 47 10 62 71 0 7 16 46 56 95 75 83 96 9 37 61 52 92 61 95 71 54 69 89 62 38 59 73 78 48 69 65 61 55 38 16 25 11 9 74 59 43 64 32 91 24 81 43 61 38 92 3 0 94 90 7 69 98 44 16 86 89 18 79 63 78 5 50 28 2 15 93 
4 43 26 73 18 68 13 2 43 46 6 86 35 94 43 85 35 52 18 66 86 34 14 93 86 10 24 87 65 71 77 59 85 7 58 42 21 24 10 66 77 28 27 26 12 51 64 5 23 43 89 20 53 84 3 81 29 43 14 85 44 19 88 92 32 66 15 60 3 81 62 91 16 19 8 97 11 36 66 57 99 29 30 86 81 82 19 18 98 58 91 26 61 54 14 13 14 44 18 93 
50 2 36 1 84 12 28 82 7 95 39 60 97 30 8 25 84 80 97 43 99 27 0 65 27 91 38 4 98 91 45 59 36 61 76 53 4 23 63 12 22 76 54 30 54 59 15 11 95 36 58 94 73 9 48 9 11 19 49 18 26 45 74 24 54 99 7 65 74 59 50 5 34 76 56 18 82 48 76 70 2 48 29 42 36 93 99 20 69 1 17 3 40 2 73 70 52 70 64 26 
20 52 84 60 8 26 71 6 89 56 74 4 9 88 18 23 4 54 17 33 73 74 57 8 53 83 8 27 93 2 59 21 47 91 61 57 60 68 70 9 23 64 21 7 43 37 77 73 60 93 59 72 51 13 61 15 81 63 37 9 67 58 85 36 91 56 65 24 93 47 34 75 35 11 58 78 17 15 71 92 30 1 8 73 83 7 34 2 44 80 83 11 44 83 9 53 28 14 49 73 
33 53 22 48 46 30 52 73 63 49 7 80 36 59 13 88 0 12 91 16 62 23 95 77 17 89 79 23 98 94 20 32 86 50 6 41 80 4 67 59 1 75 38 69 43 75 13 53 91 95 24 0 62 42 48 66 98 98 56 25 84 79 51 45 17 74 34 96 97 14 95 90 35 3 63 24 15 44 44 20 60 28 73 32 38 13 82 88 18 41 75 9 35 14 9 68 42 32 35 58 
93 28 89 29 25 46 58 75 19 87 70 22 35 60 55 19 56 96 66 34 31 20 52 86 71 95 54 9 96 12 80 67 67 5 28 60 14 99 75 83 61 47 84 37 27 79 30 5 48 13 90 44 7 12 80 36 16 45 10 61 69 3 53 32 24 94 57 16 67 88 83 45 83 93 5 34 2 13 36 94 56 11 16 75 3 36 97 35 94 44 62 58 3 73 51 91 69 2 11 7 
36 21 57 19 94 16 49 58 78 96 27 94 51 56 92 61 99 49 86 27 68 66 21 58 91 25 45 18 43 94 22 30 93 75 53 67 42 1 93 3 60 7 30 41 44 44 65 59 91 18 8 20 71 68 27 63 17 76 19 15 93 25 18 97 94 38 4 43 10 88 8 83 8 28 86 75 16 57 75 37 62 16 1 54 72 73 17 59 49 77 38 20 2 40 20 69 14 69 89 41 
88 72 58 88 97 51 13 96 83 36 58 48 18 90 84 5 8 86 54 12 74 57 9 68 53 11 11 20 54 1 96 16 30 9 40 64 29 10 9 72 1 80 11 90 49 61 85 77 90 78 30 76 34 19 84 27 3 61 67 43 62 77 61 55 29 13 41 34 50 38 14 8 57 10 93 49 96 89 45 43 93 71 29 14 55 72 60 96 8 42 65 79 42 78 97 80 17 17 13 38 
1 54 14 98 45 73 24 19 91 45 47 69 0 45 68 42 18 32 11 77 64 31 68 83 18 28 60 78 26 84 32 31 70 7 44 43 95 39 85 18 49 6 23 61 28 41 91 56 91 22 28 65 35 24 8 94 30 54 52 33 23 28 75 87 37 28 73 8 72 68 19 41 8 19 46 85 33 87 64 36 25 74 72 24 88 12 6 66 9 96 87 29 50 57 42 25 61 83 94 56 
80 45 30 99 22 9 35 11 3 70 57 10 98 94 21 18 60 8 49 70 4 63 24 18 81 72 27 81 64 80 36 14 54 46 50 54 68 43 22 1 33 67 61 22 32 59 62 8 59 16 49 90 51 7 99 13 29 61 24 76 44 72 11 44 40 70 8 49 6 90 16 89 21 77 32 0 8 92 27 88 61 31 14 94 38 55 93 96 74 3 52 8 26 79 73 73 48 6 60 76 
87 66 36 6 97 61 55 16 26 51 29 83 14 69 81 98 72 40 33 80 35 34 23 26 54 32 56 60 59 1 20 43 77 22 82 80 34 35 5 30 38 36 23 85 33 75 81 2 51 33 56 77 2 52 14 98 87 4 3 95 25 28 34 74 66 19 63 7 4 70 23 15 15 56 74 87 3 81 39 54 21 51 44 0 29 38 28 37 43 38 39 69 2 47 9 5 95 24 34 47 
82 62 43 93 18 95 96 75 16 78 9 82 51 82 91 91 13 71 97 5 56 55 63 6 77 45 13 28 24 46 95 60 82 69 95 34 92 40 11 75 64 47 74 34 61 53 37 28 18 81 14 84 15 47 55 58 47 30 75 12 69 36 22 6 86 32 35 24 66 56 87 37 75 59 75 38 58 68 96 50 43 92 34 32 96 49 71 13 8 3 86 7 29 15 72 41 11 90 49 69 
27 14 70 51 81 43 18 71 4 37 98 64 94 53 73 95 58 33 80 60 28 56 99 50 58 46 80 21 81 32 83 15 14 23 86 68 17 87 38 23 45 77 82 44 9 68 8 95 83 16 29 45 75 36 24 94 30 2 22 38 88 77 81 0 14 38 2 72 88 66 59 40 82 47 33 29 65 64 78 78 73 54 43 57 25 48 75 33 38 95 91 77 23 99 9 39 8 16 67 47 
70 81 74 76 67 77 14 55 42 62 83 99 81 74 24 9 85 24 52 53 30 8 54 92 56 94 1 96 92 25 4 8 39 23 98 73 8 7 65 26 56 5 88 30 47 17 54 51 36 15 53 49 69 2 92 36 17 87 16 83 50 4 85 37 10 8 11 49 96 50 71 42 27 94 12 59 67 23 93 65 26 65 72 68 45 44 59 62 79 54 7 32 86 70 90 81 69 10 86 46 
44 62 62 39 42 53 75 58 84 78 75 61 43 43 64 40 60 75 29 17 81 34 57 55 87 74 48 53 34 23 57 47 53 2 49 17 94 29 57 79 67 77 18 53 7 41 10 8 75 42 13 52 69 20 10 44 34 17 94 63 62 3 23 56 72 70 81 40 47 30 67 90 69 82 50 19 9 74 21 32 70 2 72 49 21 96 2 75 19 30 13 88 49 27 41 57 76 80 60 40 
97 17 4 43 96 2 5 1 46 83 69 20 41 83 41 87 23 36 70 8 62 94 64 40 23 31 97 82 88 9 93 13 47 14 69 2 72 16 37 10 82 31 54 64 75 88 4 13 25 75 73 51 63 92 87 60 83 6 38 15 55 20 68 24 35 60 84 20 79 13 73 86 53 39 5 36 41 62 86 73 51 67 67 93 77 82 30 86 66 68 41 20 6 39 18 31 67 28 39 23 
47 88 18 1 63 87 45 28 67 88 26 78 95 61 5 72 14 29 58 27 80 27 40 9 93 6 54 96 56 41 82 60 29 78 23 63 83 42 59 8 29 27 72 36 51 92 30 77 36 39 42 56 97 12 6 46 88 66 96 9 82 16 19 60 29 90 84 44 63 64 58 32 91 42 20 23 53 88 18 77 24 28 34 8 33 46 60 44 15 7 45 32 29 93 60 2 7 45 41 12 
77 38 18 69 37 74 75 48 35 71 38 59 45 47 63 86 67 39 60 93 17 20 12 20 16 3 1 9 7 31 47 3 46 4 39 69 70 70 88 49 70 15 85 22 57 25 71 28 53 95 89 38 23 74 21 96 68 99 4 27 92 79 65 21 90 25 54 34 15 51 88 99 65 20 51 52 98 66 77 33 45 7 23 4 54 76 41 82 45 96 91 79 48 98 35 67 96 94 54 46 
48 13 13 2 66 43 57 80 29 9 10 69 0 95 3 29 75 75 14 65 43 27 45 72 77 31 78 3 93 55 91 3 33 23 85 63 87 99 82 22 98 6 48 67 82 30 96 7 45 26 67 97 94 87 47 96 72 67 25 99 10 42 82 87 85 26 64 16 45 62 38 73 73 14 42 93 18 81 30 73 75 26 1 98 34 93 68 22 8 65 84 49 45 54 34 60 42 69 92 31 
96 57 93 47 6 65 25 10 14 35 61 82 24 47 98 52 70 52 44 70 83 62 44 51 34 5 87 1 90 13 23 38 96 74 48 7 36 62 72 83 68 5 78 72 9 32 13 43 43 97 3 12 79 66 36 67 51 40 5 70 74 53 53 75 73 21 30 62 93 86 39 2 25 30 25 26 34 66 87 83 65 84 6 64 33 92 4 91 2 90 49 10 22 30 24 69 22 2 60 38 
87 88 90 64 93 3 76 80 19 40 30 24 52 24 68 27 1 96 37 18 1 44 10 83 82 56 90 19 44 40 21 44 50 97 38 29 51 12 1 82 39 91 4 11 88 90 74 51 27 12 66 4 94 17 69 60 89 18 50 55 43 83 57 72 4 81 70 54 85 28 31 0 92 54 81 22 28 73 62 69 71 41 3 8 66 14 5 65 32 41 49 72 91 72 76 27 20 79 54 97 
13 56 27 14 56 82 7 2 97 94 38 93 16 98 73 88 40 62 90 39 19 28 38 30 64 71 79 31 89 7 35 79 24 15 39 20 32 59 44 64 55 28 2 56 31 33 6 99 38 14 60 68 78 88 85 89 9 99 93 89 24 91 36 93 10 90 85 66 44 16 32 47 66 40 77 68 4 6 53 97 22 14 12 89 21 36 34 41 39 37 10 22 57 56 25 90 35 16 41 13 
63 21 17 26 66 21 18 23 11 18 99 67 89 93 1 22 84 29 42 10 42 84 83 65 4 45 83 89 30 90 46 35 19 52 65 43 22 53 76 0 12 45 82 63 39 12 47 36 54 62 8 21 6 69 23 33 72 31 65 12 97 0 32 61 90 58 48 5 44 5 28 90 54 66 49 2 8 50 31 45 36 8 13 28 55 39 74 64 51 69 7 42 6 21 59 32 77 66 48 47 
38 7 80 67 6 38 24 36 3 80 28 19 26 79 11 52 52 71 37 5 51 17 26 95 34 85 20 38 0 6 63 43 21 11 32 90 57 56 44 14 2 97 74 4 36 26 4 14 27 29 10 87 37 43 76 86 25 21 62 53 99 18 0 28 40 28 78 63 76 93 88 18 15 90 34 98 65 42 8 32 14 32 56 92 93 52 32 33 58 9 65 32 65 15 44 70 49 91 44 42 
62 56 84 62 27 35 35 80 67 94 77 92 18 28 24 15 54 28 39 47 87 88 69 10 79 85 26 37 2 92 13 31 58 66 69 60 22 67 97 45 80 23 17 76 47 55 32 68 78 90 91 9 30 23 11 77 74 87 54 29 92 78 66 82 99 14 58 22 55 11 69 7 29 76 40 70 76 38 91 11 75 35 59 61 12 66 19 32 67 25 80 78 83 21 41 63 70 2 11 94 
52 82 30 89 62 10 72 84 87 96 38 89 42 99 91 16 93 96 51 95 65 73 37 49 71 54 44 94 11 31 33 86 43 89 16 35 43 21 83 36 62 35 39 24 59 92 84 82 36 13 61 98 27 48 68 4 92 61 39 71 82 19 7 41 57 27 95 1 55 44 56 5 22 23 24 25 97 1 41 4 7 78 96 57 28 41 25 72 49 21 49 47 62 54 29 31 30 85 64 63 
39 24 84 67 23 49 17 16 78 80 47 84 76 75 97 4 69 82 9 50 51 35 94 16 49 63 35 32 66 6 10 41 51 12 38 2 24 93 64 2 44 30 96 99 16 75 70 51 66 75 63 96 10 63 58 59 61 83 14 48 72 95 86 7 71 33 34 18 87 26 15 37 56 58 62 54 3 11 45 95 59 33 43 4 38 52 18 5 39 58 25 19 94 12 70 82 95 86 32 91 
46 9 10 91 98 8 97 52 81 39 18 78 4 44 82 96 87 78 9 32 71 35 9 13 78 4 5 68 39 12 41 29 34 29 83 50 2 38 95 96 33 1 8 97 76 31 91 66 44 70 31 66 4 74 85 2 73 48 24 50 42 22 76 72 59 27 32 48 91 6 66 56 13 36 99 61 76 31 94 69 99 84 81 18 36 41 49 18 66 7 25 29 61 73 66 25 93 70 81 36 
39 48 61 99 71 70 35 60 53 83 24 93 10 31 46 11 17 5 77 66 15 38 67 19 72 25 49 26 83 83 84 46 72 41 45 93 36 20 57 4 40 72 96 57 42 16 42 19 84 16 54 40 46 20 2 22 71 81 15 44 42 46 87 93 7 1 25 2 99 29 96 11 32 17 30 83 94 62 49 97 29 58 11 10 20 90 46 49 41 18 56 84 23 98 69 7 8 19 89 57 
62 94 16 91 68 83 98 22 68 54 40 85 60 95 24 70 5 76 76 63 20 51 82 12 12 35 31 67 62 91 1 25 55 38 41 63 79 74 13 58 38 35 50 3 76 58 82 86 69 93 96 78 62 5 11 30 33 11 8 37 79 59 38 31 52 42 56 62 14 1 34 76 77 2 76 87 59 91 16 52 52 85 36 53 76 11 43 37 80 35 24 25 81 64 55 40 91 9 41 42 
41 49 30 22 33 11 41 89 79 43 34 62 93 86 26 32 58 42 16 28 83 10 3 60 17 97 85 44 17 0 2 38 84 77 47 45 54 41 65 9 25 38 61 43 73 17 53 75 56 10 20 5 43 58 94 80 19 48 2 35 41 35 77 98 82 50 16 25 56 97 96 64 73 7 95 55 41 93 70 54 5 2 54 95 96 63 76 46 7 53 33 74 81 89 97 54 65 43 2 43 
62 6 7 52 86 87 15 53 78 52 52 93 94 11 27 26 14 98 21 62 84 53 75 83 23 94 86 22 47 37 59 73 97 53 5 54 46 89 42 31 75 54 7 32 31 72 26 26 41 95 30 53 11 64 74 20 24 8 33 99 97 20 78 61 54 13 18 35 87 66 78 8 55 52 35 59 76 94 51 23 20 5 66 53 1 9 53 71 8 12 53 63 35 87 99 49 30 19 43 5 
66 14 2 8 77 58 1 10 77 92 14 73 5 41 85 52 15 85 80 94 39 45 23 75 68 74 71 79 28 63 31 94 91 96 39 52 42 3 60 6 2 23 72 36 10 38 8 84 40 27 35 71 80 69 45 47 58 59 88 89 83 56 34 76 53 88 87 22 46 12 0 13 70 50 88 0 60 89 46 67 15 16 75 92 0 68 58 4 83 23 61 57 34 70 61 45 6 71 64 39 
29 32 66 17 22 78 79 89 10 77 7 68 63 3 4 72 8 55 83 88 12 29 35 50 94 71 87 76 12 69 26 55 30 4 1 48 18 19 31 24 58 11 64 70 61 13 0 95 6 30 13 57 65 70 76 40 7 72 76 93 96 77 8 51 91 23 41 24 38 24 15 23 34 87 12 71 41 14 57 77 42 84 65 81 14 89 91 31 57 88 24 0 62 0 26 41 58 10 51 39 
81 54 76 40 39 60 11 50 19 13 78 66 98 66 51 86 50 64 65 23 95 17 56 20 38 13 72 75 48 41 58 43 1 40 72 93 77 79 49 39 99 23 12 42 88 15 77 39 22 83 61 52 78 51 55 23 71 69 83 31 13 51 82 95 36 59 73 0 56 43 7 14 4 67 50 17 2 28 13 96 63 8 55 50 99 71 2 97 26 60 42 23 8 32 40 75 79 58 26 75 
51 81 96 71 43 74 96 71 62 92 54 56 54 72 67 49 52 85 4 40 60 85 9 94 27 2 7 6 42 58 56 0 80 44 89 50 48 79 2 80 96 52 93 73 38 18 94 49 1 20 97 73 75 85 88 87 28 30 91 34 89 23 1 58 21 41 85 80 99 95 61 20 66 44 49 46 6 63 47 11 84 96 45 28 31 39 96 12 44 83 56 82 39 56 77 25 31 3 44 99 
0 37 12 0 7 91 34 23 1 30 78 97 3 27 41 85 42 4 28 76 11 15 67 90 65 34 42 49 98 55 90 64 6 98 71 94 54 46 60 69 56 17 88 36 68 46 36 45 6 71 57 19 32 70 11 15 23 8 2 37 14 9 8 48 59 10 67 8 12 80 96 98 23 28 20 89 21 12 14 18 9 81 34 81 17 85 41 91 25 71 72 3 10 68 77 5 21 12 7 80 
93 26 9 39 38 76 30 14 42 75 52 70 53 5 19 34 72 52 35 75 35 86 81 55 83 97 69 5 41 17 75 16 72 71 24 36 25 81 83 37 53 75 53 75 66 32 88 14 82 22 35 3 5 62 67 99 69 11 21 98 18 48 68 50 67 28 27 50 95 34 26 81 37 9 49 95 26 50 58 89 95 35 77 92 2 46 48 8 8 55 64 90 10 30 93 20 96 33 40 91 
45 72 79 33 85 65 37 5 95 58 28 32 31 57 55 8 19 91 20 22 40 28 54 28 23 35 70 93 80 13 3 48 92 34 47 19 22 22 4 96 27 29 71 5 14 10 31 37 32 93 22 46 44 55 12 11 51 1 28 69 79 84 90 66 5 69 73 58 48 49 66 10 56 42 73 9 3 6 25 41 5 19 38 14 34 84 84 21 8 83 9 80 85 23 35 64 75 0 49 70 
59 73 72 70 75 50 32 45 95 82 15 70 85 82 0 99 28 18 17 57 94 67 68 58 98 62 2 81 45 24 75 39 26 11 25 12 27 80 60 7 54 65 79 19 78 29 81 34 47 22 44 63 63 22 2 99 49 89 77 7 10 45 68 49 55 39 29 56 42 1 39 29 52 41 57 31 70 85 68 17 15 15 99 67 21 15 89 67 11 50 82 9 19 6 51 84 20 52 44 42 
70 57 71 1 25 83 11 4 6 49 25 86 91 74 9 13 30 63 80 22 24 52 28 7 40 92 61 60 2 42 31 18 80 95 68 89 16 93 71 13 14 58 92 68 40 34 31 29 0 49 11 92 32 53 60 69 65 30 45 26 12 54 41 52 28 71 80 84 2 59 92 50 42 28 94 95 63 52 43 24 31 34 59 69 47 73 9 11 65 53 31 24 40 92 54 96 58 51 45 46 
67 96 23 23 25 74 59 62 94 11 95 52 77 54 11 14 52 21 43 97 38 0 55 71 37 51 15 47 66 72 70 31 95 41 42 88 84 61 97 67 74 84 91 22 9 48 36 81 1 97 86 11 98 52 66 76 62 16 91 19 31 13 48 30 74 90 92 85 95 20 66 69 78 35 66 23 86 32 44 96 16 24 59 49 78 33 59 49 76 94 15 10 90 92 46 33 59 26 70 2 
86 96 61 28 20 51 48 25 53 31 93 45 90 51 45 23 34 2 38 68 43 86 13 30 67 69 40 28 80 61 42 76 37 36 31 68 14 77 61 82 42 41 51 50 50 82 53 93 73 95 88 39 30 16 7 9 34 13 90 1 99 97 63 25 48 97 94 49 13 16 58 28 5 97 28 97 30 11 53 40 21 26 68 4 7 63 13 89 19 64 97 5 17 87 21 50 6 42 20 60 
73 25 85 17 77 80 86 8 32 61 47 86 60 40 86 34 16 0 73 96 5 69 40 92 5 50 61 72 52 44 21 55 18 23 85 48 20 74 24 30 25 6 63 9 23 0 26 37 30 54 97 73 57 84 80 14 69 55 26 53 14 47 20 91 75 83 91 68 8 38 59 15 21 15 55 63 30 35 85 12 33 46 48 7 0 7 83 52 83 1 52 11 36 2 85 53 77 37 5 79 
6 72 46 11 28 79 41 58 53 52 71 33 37 19 91 40 35 40 99 20 65 6 4 41 85 70 28 27 24 72 50 92 98 17 57 34 30 47 1 12 19 65 98 35 97 6 81 59 61 95 88 36 25 14 9 90 15 50 10 67 88 69 83 71 87 21 40 64 74 90 41 99 73 58 68 50 3 98 2 36 57 21 84 10 51 62 19 20 64 51 30 19 9 63 83 60 31 71 56 45 
49 41 63 70 84 29 88 46 77 44 2 23 54 13 5 56 1 6 87 10 57 52 72 1 31 15 62 55 72 32 8 25 79 51 30 61 65 11 42 56 84 84 22 20 5 36 10 17 29 97 19 84 42 10 93 96 33 76 24 96 39 71 13 80 24 33 67 24 27 14 99 74 56 13 29 48 86 30 72 68 1 40 26 54 15 89 63 83 0 23 38 43 16 65 29 18 48 23 93 91 
61 86 98 1 24 20 24 37 21 74 6 55 79 66 69 8 27 56 33 8 84 52 63 5 38 2 98 16 82 44 88 78 74 87 96 30 98 12 29 36 53 25 40 85 64 64 46 54 19 24 60 50 41 54 24 36 27 69 36 80 32 80 64 49 3 12 23 23 48 62 66 78 20 78 83 30 63 78 48 80 15 76 50 53 99 41 35 78 25 66 38 52 68 41 22 84 28 33 25 41 
87 25 51 41 36 34 81 30 82 43 23 26 91 5 86 61 17 86 46 13 29 3 76 66 99 21 61 47 57 95 22 9 63 86 58 54 74 37 33 89 31 87 52 44 47 74 97 14 64 17 29 50 19 21 70 32 72 76 10 83 46 86 48 86 91 84 93 62 26 70 12 79 91 59 10 39 99 60 85 88 41 85 18 6 63 11 48 48 69 19 55 50 70 97 49 27 61 85 56 60 
36 25 36 68 14 67 66 25 82 74 5 23 85 67 11 48 49 67 19 20 40 85 46 25 30 97 12 58 27 74 5 19 35 67 36 25 84 42 14 40 89 5 50 24 7 95 67 27 84 89 3 15 42 3 95 1 7 93 42 98 50 33 66 69 8 68 52 84 92 41 16 30 96 49 94 61 50 28 39 9 65 90 26 65 99 89 72 84 70 2 82 3 94 62 55 81 91 7 5 10 
32 76 24 97 67 5 20 71 29 46 74 9 36 17 34 70 39 50 15 96 78 43 56 57 23 56 82 79 44 5 58 36 66 50 52 51 49 18 28 27 61 54 48 23 65 28 46 94 26 87 84 12 38 17 1 80 8 64 89 99 75 90 55 60 59 23 10 58 80 3 23 91 2 84 66 31 39 88 95 1 27 87 69 15 81 24 95 24 87 30 43 97 47 29 17 44 47 48 37 29 
50 21 92 69 8 19 58 29 0 68 87 55 47 99 56 11 56 11 33 69 70 49 9 41 78 30 7 50 69 33 98 24 32 67 67 56 38 4 55 93 38 81 13 48 26 59 24 19 31 95 48 67 34 77 9 83 70 10 37 40 67 77 52 54 90 14 21 19 26 74 74 83 34 46 38 76 40 62 82 39 62 35 90 30 95 63 29 91 80 61 28 73 87 37 23 77 40 42 76 56 
