78 46 93 49 89 83 36 89 90 55 24 29 35 95 16 34 40 58 27 0 12 92 21 62 77 18 87 76 64 8 85 88 18 73 26 9 34 54 14 77 24 66 22 35 57 53 10 44 68 95 7 1 53 43 7 20 67 35 45 66 39 82 59 50 67 18 62 92 92 75 9 44 73 44 82 64 79 95 22 67 61 82 70 72 39 0 54 86 97 44 36 61 50 30 36 45 69 44 6 41 
97 71 13 75 44 62 79 50 61 65 13 28 46 94 21 29 19 24 40 11 5 13 17 51 17 50 43 77 4 36 58 76 3 1 92 16 79 47 49 39 83 52 82 77 21 95 90 71 21 15 27 43 71 65 71 10 48 46 88 50 56 37 12 73 83 38 64 52 92 56 25 65 13 48 9 67 88 42 4 80 29 12 50 98 77 17 10 25 66 67 55 32 41 16 26 52 96 25 53 64 
64 97 66 7 34 52 87 51 16 11 16 15 46 95 58 88 73 8 42 67 53 33 45 23 50 96 19 17 60 47 29 31 15 73 92 24 55 5 83 11 80 41 44 24 98 90 77 93 45 35 68 90 7 71 29 91 8 26 36 88 37 64 10 96 32 40 20 30 32 55 45 97 58 25 95 67 59 22 78 25 19 17 20 29 13 49 28 68 11 46 83 65 16 7 88 41 45 51 61 84 
13 25 34 24 96 46 10 21 26 30 10 28 51 67 20 36 10 45 40 18 23 83 67 68 69 16 1 73 76 10 19 94 94 43 17 40 44 49 87 76 15 56 35 11 43 53 22 75 24 73 75 37 79 26 81 29 88 41 99 35 62 49 94 52 62 46 78 56 88 30 56 73 62 84 24 48 58 34 5 30 33 57 21 22 53 86 87 96 53 99 9 69 67 86 83 98 55 46 9 18 
84 80 5 36 54 75 93 48 99 27 82 33 35 94 77 67 83 64 36 34 95 89 40 14 98 36 41 20 31 26 83 37 94 11 52 38 68 25 7 84 7 71 19 96 80 91 51 98 14 19 44 89 99 45 7 10 29 1 53 58 99 11 15 57 44 97 43 65 1 41 37 94 90 31 18 15 40 57 67 9 94 68 56 91 5 43 6 29 2 74 97 97 58 0 34 18 68 95 86 55 
98 36 67 16 59 62 39 35 73 16 58 58 39 51 7 50 5 68 77 39 98 70 84 7 94 2 79 29 68 96 15 26 62 65 62 85 32 77 1 50 21 23 2 68 4 63 65 60 75 44 41 13 37 97 79 73 73 61 98 96 81 37 60 12 48 89 61 72 91 12 56 70 50 83 90 62 78 28 23 64 46 2 25 49 35 89 48 96 56 32 55 92 50 89 81 32 95 43 84 43 
62 26 80 85 74 67 87 62 90 92 72 85 71 14 6 16 52 31 14 90 51 43 91 53 21 74 96 17 0 36 95 33 98 71 46 69 66 92 75 55 65 20 92 97 87 62 34 47 43 74 33 89 22 31 89 52 72 40 87 49 75 20 35 74 98 88 57 80 13 82 9 61 74 11 31 91 47 63 43 40 9 84 86 39 85 72 13 55 56 92 29 91 20 82 59 30 57 9 5 88 
93 64 94 32 84 11 30 71 34 80 9 61 46 57 79 38 75 49 4 32 61 94 95 23 91 23 32 65 42 89 82 48 68 42 9 84 34 96 88 57 75 47 50 36 26 10 55 29 81 19 49 17 11 65 48 41 91 46 61 7 26 77 73 63 87 29 10 69 33 31 70 85 53 40 0 31 85 19 43 8 15 14 44 8 98 82 16 53 49 32 70 20 13 77 26 51 18 77 69 35 
93 40 67 75 5 8 3 4 98 83 5 51 69 5 66 4 53 12 87 55 45 32 23 96 83 80 47 47 85 9 35 62 62 34 95 59 87 75 45 17 78 59 96 82 95 72 34 68 77 48 46 88 43 7 65 64 48 74 6 35 96 94 99 99 60 17 38 22 43 36 60 61 41 26 33 45 24 36 80 98 6 6 36 74 31 24 51 78 23 68 34 47 78 3 65 56 6 19 37 94 
32 32 95 96 3 57 27 28 14 89 48 21 12 89 97 54 44 60 49 31 30 62 56 63 12 53 18 78 93 22 63 24 72 6 3 10 20 12 18 3 71 34 59 65 71 98 30 85 80 63 4 80 23 11 26 47 34 64 49 10 81 34 12 9 97 11 87 59 47 78 74 26 24 12 81 22 30 52 98 37 45 88 71 11 95 64 62 12 32 31 30 95 34 92 81 59 64 7 91 31 
82 31 92 33 52 38 88 52 38 95 58 96 8 0 86 82 41 61 4 52 46 91 14 4 52 15 21 72 13 29 39 82 51 5 95 45 93 69 6 79 79 65 60 64 84 34 30 44 95 60 59 44 35 87 92 15 6 88 16 54 72 81 68 28 91 89 35 60 29 37 66 60 9 52 86 95 15 71 90 16 23 52 91 49 48 3 40 31 38 79 79 67 88 16 89 57 69 34 61 99 
37 77 48 17 20 40 11 20 87 94 38 16 98 11 96 73 17 65 7 59 22 19 45 18 30 86 94 18 95 9 80 59 9 69 77 3 40 70 72 54 82 96 55 27 28 6 31 42 30 35 24 69 71 25 18 31 86 90 20 61 43 81 60 23 93 30 52 7 0 73 32 99 94 45 64 33 57 60 10 94 27 89 63 64 68 8 91 77 28 29 82 68 27 32 70 54 53 56 53 79 
33 7 51 98 75 80 69 46 1 90 16 19 99 72 44 80 67 37 54 14 84 83 4 85 61 10 1 66 76 78 41 72 79 13 50 83 95 50 86 82 75 67 86 20 28 4 64 17 22 68 94 77 33 35 91 94 65 80 73 54 35 37 15 71 78 97 43 98 76 42 8 85 0 56 90 49 76 80 98 75 26 16 88 86 77 77 26 5 29 70 3 61 54 17 91 91 5 87 76 71 
64 53 38 35 68 44 59 9 32 68 67 18 75 53 46 78 34 42 33 32 43 27 34 49 49 68 94 11 10 99 53 10 85 86 61 8 39 40 82 86 32 78 34 47 33 76 35 99 77 38 53 82 37 92 38 25 48 25 95 81 75 75 41 76 92 50 67 81 41 16 46 11 35 92 7 56 36 73 87 86 98 44 69 31 41 28 83 81 70 22 42 80 85 14 0 7 16 97 66 28 
41 63 31 68 54 34 10 42 87 87 95 87 44 49 41 54 24 24 98 57 21 36 28 20 64 6 54 28 51 86 74 90 77 29 81 21 54 1 8 66 27 87 78 99 13 80 10 93 57 24 70 41 59 18 23 45 39 64 88 12 3 13 17 8 87 24 33 83 85 32 76 54 36 64 84 68 91 42 90 51 14 31 20 6 93 61 14 31 72 59 13 77 1 87 37 20 80 77 18 16 
83 72 38 0 94 3 90 92 15 42 48 68 73 37 58 38 90 64 26 86 93 19 69 29 93 20 86 96 67 11 65 65 42 41 27 26 17 76 67 45 77 65 21 49 79 27 26 6 32 32 97 18 7 98 61 18 15 67 90 39 66 36 24 58 5 98 22 94 92 46 15 57 56 3 95 92 52 9 60 63 57 80 14 35 86 2 16 82 86 89 27 52 27 24 49 72 67 12 11 23 
45 38 95 2 50 87 1 2 76 78 90 7 54 30 69 10 70 67 94 68 16 54 48 37 39 0 52 29 13 22 94 69 98 27 62 6 41 22 47 79 42 27 74 56 35 7 71 77 70 50 48 75 31 73 50 93 26 84 67 71 79 45 88 19 52 50 0 8 2 87 18 24 44 0 0 40 28 49 71 41 35 31 93 21 12 26 76 52 84 15 32 20 88 37 12 59 2 34 54 32 
89 71 13 67 76 0 14 9 85 0 65 7 50 49 69 1 59 6 78 46 77 26 43 18 18 93 39 76 22 96 31 82 46 33 40 6 71 87 94 58 5 7 30 73 69 0 48 95 27 45 89 39 36 40 54 48 63 17 48 86 46 11 99 46 68 42 88 3 33 82 12 30 13 95 81 9 80 6 31 31 54 46 83 59 2 2 87 82 40 22 95 74 88 76 54 92 9 74 88 56 
65 25 30 91 85 32 86 78 81 40 9 85 34 22 50 2 15 51 85 72 49 92 52 86 89 83 89 72 35 44 16 23 45 47 46 12 49 84 86 47 98 73 39 53 80 60 22 28 83 48 25 17 82 18 68 71 68 75 87 22 3 9 61 66 83 9 79 89 21 2 0 46 0 95 3 7 92 85 10 98 22 45 42 71 11 1 66 9 40 25 97 22 88 32 58 44 60 86 82 62 
0 72 28 70 91 22 79 8 53 1 2 34 11 17 0 29 99 48 87 81 60 92 61 41 56 17 15 81 96 87 30 87 44 19 47 83 75 95 75 58 5 15 66 62 7 97 59 8 27 40 77 61 22 29 81 57 17 14 56 33 11 71 99 36 59 46 75 45 96 42 90 83 6 7 47 72 99 76 40 70 63 65 98 63 16 43 25 35 45 37 50 24 28 60 21 33 74 94 51 48 
33 18 88 85 1 3 68 18 76 35 90 28 63 50 22 93 42 3 83 20 26 14 8 42 8 59 29 79 36 46 80 52 36 36 57 85 54 64 29 22 37 45 54 10 31 67 31 61 34 97 13 39 0 14 55 39 84 6 10 60 79 91 88 13 87 95 18 20 17 97 79 70 13 35 34 61 30 26 23 73 95 40 95 35 97 9 58 3 53 89 52 45 89 92 74 23 11 24 17 5 
30 43 73 49 71 93 0 71 73 8 33 71 32 36 7 70 31 14 29 19 54 91 68 19 7 90 50 2 31 38 29 75 80 57 15 74 84 94 12 50 92 8 50 58 54 14 55 83 4 86 96 69 26 85 33 12 61 93 41 75 45 46 91 80 80 97 17 63 60 6 92 56 11 56 1 38 9 94 6 97 34 20 60 70 12 98 83 42 63 56 14 24 47 44 33 51 94 95 40 99 
11 86 90 27 98 24 94 47 13 52 57 54 30 21 4 39 57 19 51 3 13 36 50 71 74 55 14 0 6 61 19 30 16 18 54 85 16 93 14 89 49 86 95 73 51 32 84 54 45 24 96 45 62 68 71 66 62 23 91 59 19 40 71 36 61 42 54 68 43 51 23 28 42 59 40 26 47 38 73 97 96 48 38 27 51 93 15 95 19 22 43 72 23 90 87 97 32 16 28 63 
45 57 0 0 85 17 4 65 48 31 86 46 30 84 62 29 40 90 29 4 57 41 82 99 28 71 39 89 86 35 71 38 75 79 94 37 72 64 96 26 7 78 15 79 38 79 74 75 5 84 6 11 19 35 12 16 63 87 75 25 51 37 8 9 69 63 39 35 99 66 83 26 32 83 1 71 85 42 85 9 46 71 49 95 58 10 2 83 44 81 92 79 23 94 94 80 22 54 10 59 
72 40 66 31 47 63 58 34 67 68 92 87 14 86 6 68 26 98 43 41 7 37 25 60 1 63 73 63 43 79 95 71 93 1 67 90 0 6 17 39 52 14 89 17 83 6 38 9 79 56 28 44 75 16 94 45 22 64 21 90 65 68 27 64 72 46 40 67 54 72 47 28 12 55 35 55 7 50 16 64 45 32 39 33 89 14 60 36 58 0 79 9 6 25 49 35 51 38 69 43 
62 63 2 8 55 96 47 73 67 75 56 8 51 29 22 29 78 70 62 7 53 4 42 48 34 63 81 6 11 59 29 44 96 58 9 15 56 29 3 55 58 16 18 50 62 76 53 34 24 33 52 28 51 32 39 51 11 2 60 71 3 13 23 52 80 71 9 22 64 5 13 74 66 10 43 64 50 24 98 2 27 90 27 5 68 26 88 15 12 33 29 21 81 1 54 90 94 62 20 95 
63 97 45 44 93 72 46 55 51 50 55 0 77 34 26 37 87 93 43 46 0 93 12 75 67 75 79 69 33 97 72 71 5 72 93 2 64 91 59 31 41 53 83 43 12 36 37 59 33 91 80 38 92 53 42 59 90 82 24 47 51 45 9 50 13 83 87 97 55 27 19 96 63 58 67 1 97 37 89 5 30 37 37 29 92 66 97 92 10 91 37 31 82 21 14 33 81 77 11 60 
30 15 13 87 35 13 22 85 8 53 57 42 38 74 16 77 55 52 72 26 63 61 64 77 18 78 19 50 39 91 47 38 5 32 38 38 71 89 24 95 49 43 29 66 20 67 13 20 27 74 32 81 16 77 11 89 37 11 68 99 84 53 37 29 15 61 64 19 28 83 78 75 40 3 69 41 82 71 50 12 34 68 59 73 43 46 81 87 2 54 46 10 20 14 20 76 49 95 49 96 
62 46 14 53 84 75 54 63 22 67 81 24 25 15 44 54 50 33 3 43 28 47 20 45 18 15 61 74 51 29 89 3 32 91 95 9 78 32 71 28 17 58 17 40 72 99 92 4 86 30 99 73 52 11 66 99 56 23 55 1 49 36 90 3 72 17 74 67 66 33 21 97 75 73 67 60 27 11 13 72 63 12 91 13 98 98 40 63 76 26 90 48 59 64 42 28 44 17 69 35 
16 68 46 92 11 96 34 4 34 52 5 4 68 52 27 11 74 75 7 99 27 74 15 55 80 96 76 5 21 6 91 74 12 73 68 42 43 38 82 68 20 61 4 13 55 45 14 0 43 79 46 30 93 69 76 14 70 29 37 0 43 25 44 86 25 21 91 4 53 64 3 0 34 19 24 44 14 40 56 94 87 53 14 80 97 7 48 97 35 30 44 4 49 2 33 96 85 64 89 0 
66 97 18 32 76 50 27 39 74 48 17 90 40 86 10 5 29 9 96 25 4 40 29 45 57 60 85 41 66 21 20 52 42 86 42 8 2 45 85 8 67 2 58 33 59 38 14 25 15 15 18 68 56 42 72 47 77 76 24 75 69 25 88 14 41 2 52 25 84 44 80 93 56 58 34 17 52 40 14 28 88 92 69 11 93 25 62 34 98 85 35 32 10 79 35 8 30 42 18 57 
17 89 74 0 15 63 93 20 79 0 83 34 12 33 37 91 69 20 66 99 40 80 65 31 28 28 87 17 11 89 10 97 14 97 43 4 50 21 48 1 55 35 64 28 27 85 35 90 57 0 29 28 63 12 22 39 48 23 47 92 54 24 52 90 43 27 33 40 70 30 70 67 49 33 18 60 37 21 38 42 17 73 73 42 94 54 43 38 47 25 96 19 68 11 2 90 56 77 10 14 
55 7 59 76 45 57 11 11 85 68 50 61 29 94 36 30 98 38 59 27 55 66 25 77 65 77 10 39 61 19 13 97 89 31 43 99 87 44 61 34 52 83 68 13 61 88 30 42 76 19 30 18 56 53 70 18 24 3 56 24 49 66 63 21 55 0 15 60 35 38 92 39 86 42 19 9 28 54 77 32 97 42 8 43 20 35 48 86 31 96 78 80 34 6 55 90 79 38 90 95 
32 89 74 8 39 44 23 76 39 69 83 14 72 78 10 78 37 99 49 93 72 17 46 65 14 34 97 68 51 30 49 56 16 92 57 51 35 17 64 96 86 12 28 6 76 20 47 51 53 42 47 87 72 90 23 78 42 50 77 56 0 80 67 79 37 77 1 82 97 43 19 60 49 72 70 23 88 87 56 38 26 99 90 77 23 90 34 71 90 64 92 16 90 83 12 48 68 53 44 76 
54 27 60 76 24 13 47 44 93 52 71 99 41 15 73 5 88 53 98 44 49 25 85 45 92 95 48 96 69 99 36 9 6 36 85 36 30 38 6 51 11 14 55 7 33 73 0 12 69 4 95 45 64 92 44 75 8 26 68 5 19 36 4 89 85 88 92 12 73 56 8 87 30 98 93 52 92 98 55 75 68 63 1 6 68 27 2 31 48 78 91 72 84 27 57 88 31 63 36 96 
43 86 92 64 78 84 7 71 60 58 35 32 22 33 89 39 43 2 34 7 21 75 1 78 14 41 42 14 83 30 1 56 85 53 6 58 82 75 8 89 98 56 11 21 43 79 22 76 61 30 64 97 75 34 39 85 50 21 23 3 87 81 68 49 30 56 78 77 44 0 36 40 22 41 35 80 43 24 61 94 80 63 57 92 61 30 76 3 48 84 8 27 21 35 44 41 28 68 81 29 
30 42 28 10 0 32 4 47 69 81 92 51 11 60 92 47 33 92 80 26 87 54 14 22 38 96 98 53 17 36 98 54 44 14 11 33 51 58 25 89 7 18 1 93 49 90 93 88 13 76 44 32 65 30 72 88 21 66 24 50 86 49 26 25 32 47 13 27 53 87 82 41 79 62 64 10 47 28 93 34 62 25 91 76 32 17 91 61 64 99 52 14 47 67 3 12 69 66 86 91 
64 62 75 37 42 29 87 76 5 87 71 73 76 44 37 66 93 62 21 74 57 7 66 47 28 93 15 52 70 87 43 41 33 67 45 8 92 97 72 13 14 58 19 93 55 92 94 57 4 18 28 89 97 27 48 27 13 36 26 50 20 45 63 37 92 91 11 54 92 63 14 95 52 38 5 10 35 54 71 23 77 12 56 8 84 54 40 84 69 47 42 36 7 5 15 95 96 66 74 3 
44 50 2 41 45 63 42 44 19 70 0 15 7 13 23 57 86 6 81 97 89 15 17 48 87 86 98 43 51 63 41 87 50 3 23 54 78 44 57 43 52 71 79 5 12 29 63 66 43 24 4 94 13 7 83 49 19 65 72 57 83 63 0 98 19 29 89 88 51 66 19 23 46 13 98 78 94 11 19 98 62 74 0 83 37 60 46 38 5 77 25 97 5 17 51 33 27 54 41 42 
56 88 6 32 49 77 76 32 42 79 80 76 57 80 61 92 9 54 28 81 7 47 42 71 17 86 39 82 53 62 50 0 65 11 16 82 44 67 61 52 99 35 77 62 6 22 67 93 64 76 60 5 62 90 34 39 38 6 51 70 15 99 12 94 41 74 85 22 89 10 62 70 95 12 90 79 29 70 67 78 92 19 87 6 78 80 74 6 6 48 55 90 99 94 19 40 65 58 60 94 
6 23 50 35 44 93 8 51 80 55 32 51 31 18 28 44 30 46 60 26 15 64 64 64 94 73 60 66 5 19 37 8 24 50 21 73 84 28 97 34 86 27 31 68 78 82 51 47 32 42 58 73 74 75 65 14 92 52 50 53 81 84 20 74 39 21 36 34 33 9 72 16 2 30 91 33 80 26 0 39 30 16 24 97 51 13 94 26 89 99 97 27 69 89 26 34 19 31 18 8 
35 5 54 49 97 98 72 31 71 7 64 12 77 99 76 36 30 82 32 22 16 45 42 33 28 80 49 95 67 22 47 9 84 92 13 89 35 20 58 96 37 20 42 54 97 20 28 40 47 56 2 21 43 42 16 64 39 38 64 28 24 3 68 27 95 81 96 53 88 15 30 13 19 6 83 58 14 95 24 43 61 26 72 38 8 35 16 94 34 90 20 39 34 1 88 72 67 96 59 23 
27 16 63 15 77 9 73 6 87 63 62 28 49 82 91 59 52 24 60 49 69 65 15 67 41 1 39 99 89 35 75 84 30 58 93 16 91 12 18 23 18 24 44 27 75 88 18 67 18 0 70 99 48 6 88 80 97 14 18 16 1 0 55 85 43 91 53 14 29 44 94 94 5 67 93 52 91 89 53 74 24 12 89 34 98 23 92 14 86 41 48 43 30 67 27 4 47 59 2 56 
6 4 27 1 53 36 66 67 64 65 48 28 84 99 58 25 33 4 58 69 63 5 45 84 58 57 28 91 30 99 28 70 31 1 19 30 69 34 78 16 88 35 28 77 88 58 12 23 83 79 58 45 89 55 57 91 15 93 73 89 11 35 11 99 96 46 86 63 99 58 37 27 69 32 96 29 58 76 15 34 1 13 48 74 92 99 25 68 22 76 22 9 52 82 32 37 13 32 18 82 
85 55 83 76 72 55 5 65 86 98 24 5 27 17 25 88 4 64 52 31 51 46 48 97 79 49 94 95 14 19 53 34 49 2 17 55 13 17 45 91 38 60 58 72 84 40 0 16 93 71 34 80 30 82 66 92 25 63 98 61 82 78 6 31 9 99 98 72 60 70 90 16 81 85 65 83 17 73 57 88 30 31 64 32 71 41 4 70 90 81 39 43 59 86 38 53 85 33 50 16 
36 69 92 17 14 26 21 2 95 46 65 97 56 45 29 81 69 82 34 71 46 15 5 29 99 94 52 44 39 20 26 93 83 15 9 64 46 54 31 78 96 63 67 40 15 40 78 77 81 10 9 67 0 0 16 60 83 27 32 12 2 29 69 57 63 79 83 63 85 70 58 69 28 5 51 72 55 65 85 78 43 1 24 30 97 60 85 86 6 52 6 33 69 56 19 78 57 9 34 84 
11 25 30 24 49 24 18 20 28 60 24 34 79 38 52 64 49 48 19 44 86 74 11 83 77 52 81 42 32 27 88 33 71 0 68 35 2 47 11 42 85 88 95 67 37 77 12 5 8 72 18 55 61 72 34 66 66 62 18 83 46 59 87 45 18 98 23 79 82 39 54 25 84 5 88 23 44 88 0 53 26 95 83 81 88 71 68 90 75 18 18 19 37 41 18 51 9 12 71 46 
42 11 16 24 51 56 61 25 54 4 92 13 95 74 69 76 75 63 87 92 18 43 38 49 34 82 78 21 98 94 53 78 50 76 8 97 83 77 33 12 1 43 73 79 38 89 64 2 54 19 10 74 41 85 25 53 17 34 74 86 13 51 36 29 97 25 22 59 79 96 13 42 46 89 42 52 20 7 17 9 41 12 66 73 97 17 19 63 86 84 94 78 88 16 80 41 25 87 58 98 
9 59 44 86 64 70 39 65 73 24 71 91 3 29 97 58 38 35 28 22 29 64 2 61 89 76 78 33 64 66 65 98 11 13 90 64 85 21 89 44 1 25 94 94 65 91 22 28 56 26 81 97 85 48 43 63 54 80 13 41 63 5 66 7 62 20 51 80 59 50 19 87 40 18 23 13 3 65 37 82 11 31 41 29 47 13 36 81 89 64 33 17 90 25 34 41 38 68 16 18 
23 42 77 53 33 2 81 24 77 88 86 54 66 53 61 43 95 14 82 5 70 91 47 28 1 17 48 17 91 7 72 47 65 85 48 37 25 2 92 19 71 76 22 39 22 85 92 15 61 9 24 32 79 9 21 60 72 14 0 45 37 70 0 81 97 42 35 97 64 29 40 6 52 44 45 33 15 7 46 37 33 66 50 50 30 31 22 44 62 55 30 6 63 88 74 53 79 54 46 92 
2 56 2 9 42 57 29 31 17 26 27 50 14 94 28 88 13 57 75 61 88 89 19 77 30 42 64 12 26 64 37 78 27 79 53 32 15 46 64 63 40 6 4 72 30 9 71 64 14 74 34 73 50 72 94 36 62 79 38 52 7 25 13 11 62 81 26 63 32 88 49 52 59 0 40 44 27 66 34 36 26 99 14 61 36 31 27 57 59 29 86 54 46 96 49 79 69 6 51 75 
40 66 29 26 27 88 91 51 70 30 85 90 44 35 91 85 54 34 35 50 21 16 30 11 15 47 38 2 78 55 19 18 77 1 58 10 61 5 10 64 43 36 5 48 2 79 38 58 31 63 13 21 51 53 22 2 78 47 78 1 22 52 47 61 25 92 38 90 82 76 44 98 49 97 48 61 34 19 54 70 12 95 33 45 23 80 68 50 14 50 88 26 37 12 85 21 93 76 81 91 
17 85 33 23 49 32 21 13 45 62 67 62 1 61 47 90 47 92 78 97 24 76 21 94 98 40 40 64 41 33 10 33 93 39 81 86 20 66 1 19 11 8 34 95 14 54 84 96 68 74 84 2 96 20 83 89 46 32 48 40 49 78 93 5 41 2 53 19 24 99 50 33 8 87 2 40 27 85 51 30 69 1 80 69 38 87 53 60 30 43 42 43 17 40 10 57 62 31 9 1 
77 38 35 66 84 8 87 16 31 64 69 98 72 78 92 54 42 20 59 85 64 81 12 55 96 18 86 75 28 38 67 98 53 32 73 66 90 50 62 65 40 79 65 31 63 92 3 93 55 72 70 82 32 15 17 39 27 21 24 41 79 58 45 53 6 68 55 45 79 70 94 38 52 92 83 30 35 60 94 6 11 35 69 58 60 73 2 71 34 28 4 41 90 20 18 95 14 75 53 16 
43 27 79 3 52 36 75 93 84 22 71 29 96 8 48 60 70 66 13 43 97 96 50 54 79 7 27 30 39 24 51 89 42 63 78 12 80 22 6 53 42 73 4 78 83 96 47 98 92 39 89 99 16 89 3 28 24 28 70 19 30 24 74 5 40 46 41 65 27 63 19 70 9 34 25 53 64 82 15 47 24 51 63 63 38 74 43 74 82 83 9 70 22 94 97 40 0 6 83 78 
39 22 35 77 24 80 25 71 18 19 48 15 67 27 62 75 73 64 28 6 9 59 0 71 73 91 0 3 28 20 81 47 46 57 84 32 28 84 56 26 79 70 84 10 24 10 10 23 43 74 64 35 28 4 61 63 57 15 16 64 62 99 37 20 33 76 48 97 33 1 2 35 29 4 73 68 73 37 59 47 93 65 2 37 73 92 70 32 3 5 48 65 79 40 50 93 4 24 11 30 
51 48 72 59 9 96 46 97 20 0 54 99 18 36 35 52 38 12 71 16 91 74 48 8 22 98 48 10 50 21 75 25 34 1 69 76 43 31 76 33 82 82 70 84 40 92 69 24 28 55 94 65 25 9 13 31 9 51 52 0 17 26 18 68 1 87 29 12 74 1 13 44 75 92 43 16 93 80 54 58 15 26 73 17 24 39 18 69 90 35 77 37 31 40 63 53 78 30 45 42 
4 69 23 34 87 61 2 64 34 89 54 60 39 96 0 19 98 31 79 22 54 79 3 47 45 70 79 67 55 8 3 93 47 8 14 36 5 78 6 13 7 15 40 67 79 51 57 39 5 30 97 57 61 67 67 68 63 33 9 30 97 22 58 3 40 65 37 16 91 22 7 93 76 57 32 16 17 75 30 56 94 52 10 8 35 70 72 94 4 84 13 94 36 35 19 63 43 93 92 39 
39 30 90 18 89 60 58 77 35 73 26 36 65 20 9 38 44 25 78 27 50 20 92 79 75 29 28 45 32 19 19 70 18 62 62 83 49 7 27 52 90 41 82 58 5 99 23 79 19 51 10 89 91 45 92 69 19 44 84 1 2 12 7 71 60 5 27 36 13 55 26 71 37 98 33 18 88 60 62 91 33 29 19 83 48 2 8 80 45 81 20 67 71 80 86 4 40 32 86 68 
89 3 51 72 38 89 35 24 72 16 13 39 58 30 85 93 53 44 5 28 31 28 23 63 9 6 71 32 32 42 98 25 73 56 79 82 55 13 80 5 70 54 44 81 6 83 17 55 62 30 69 61 57 64 49 57 5 46 11 47 82 60 51 66 13 26 60 0 90 31 17 67 50 99 32 42 21 72 49 85 19 25 23 92 77 93 10 30 66 34 44 40 3 97 97 63 76 68 65 24 
45 91 89 35 96 55 64 50 22 72 48 83 15 4 71 99 45 77 15 48 58 3 45 37 15 62 81 40 88 7 99 13 92 64 72 17 15 61 9 62 27 84 71 61 35 80 66 95 19 34 35 92 95 68 71 29 38 78 42 5 19 78 52 95 9 83 31 34 64 65 77 32 26 63 40 51 11 77 31 89 93 72 34 27 79 46 57 4 95 2 49 11 98 58 91 30 74 67 29 56 
23 60 26 86 43 94 2 33 99 54 38 91 63 24 41 95 32 32 47 82 16 42 96 60 72 94 25 78 69 28 58 5 56 74 24 6 76 44 33 0 39 15 8 75 31 13 7 26 26 60 65 87 63 97 9 73 11 43 44 95 80 36 35 15 15 10 49 18 56 46 42 62 58 37 64 84 68 88 16 30 27 3 48 36 37 60 72 19 33 36 51 37 96 49 75 72 72 49 27 69 
18 83 24 80 37 4 82 53 45 53 81 33 14 44 75 47 41 78 67 80 79 10 87 97 40 83 50 43 82 7 93 47 35 68 43 95 8 8 79 56 75 3 73 10 54 3 3 5 49 56 68 90 41 45 46 57 10 47 1 8 58 79 28 99 79 33 88 97 59 79 17 32 2 91 24 17 68 46 2 59 35 25 79 63 35 56 27 74 0 4 55 34 64 61 91 43 30 37 42 60 
30 24 71 81 42 60 30 26 64 6 54 91 80 70 30 65 25 40 10 1 47 12 40 67 16 30 50 94 36 29 17 39 80 57 26 7 82 11 16 92 33 98 19 82 68 3 83 6 98 28 88 20 55 80 8 38 18 34 21 64 12 80 22 37 55 30 12 10 12 68 33 21 25 4 31 45 83 59 26 84 59 29 96 17 64 14 44 91 93 60 97 33 47 23 56 8 53 5 72 90 
22 46 94 33 38 84 8 59 81 94 37 10 68 90 14 7 86 6 91 86 18 5 17 14 65 42 51 87 27 51 91 79 9 17 6 58 93 71 10 67 85 94 98 8 69 0 35 5 64 76 54 0 89 36 30 81 58 84 63 58 17 42 67 10 36 78 37 85 62 37 75 15 60 96 12 54 30 55 30 25 19 63 32 91 22 34 95 79 58 49 81 89 78 30 10 9 41 17 87 78 
37 97 85 10 3 67 80 8 66 58 79 14 35 99 53 68 21 47 52 16 96 98 16 60 92 71 8 73 26 77 13 53 98 72 3 60 47 25 29 74 51 54 10 48 68 9 41 19 37 34 85 33 9 79 13 71 89 28 59 67 1 27 2 43 76 89 2 5 99 50 51 76 7 26 28 7 46 41 13 17 84 27 55 68 69 67 75 34 86 73 41 13 8 59 70 90 24 53 65 85 
66 43 62 86 15 67 48 67 96 62 16 16 20 0 69 63 88 59 66 13 55 19 10 73 96 87 94 28 46 40 20 4 91 0 43 57 2 8 99 36 19 37 54 54 30 98 79 84 74 10 14 53 19 18 96 37 80 22 77 63 2 33 43 66 87 68 33 23 22 90 20 54 15 81 0 13 45 44 46 73 47 65 8 12 56 97 81 31 50 58 51 93 36 88 51 7 6 56 36 37 
45 60 27 29 24 75 13 99 55 96 12 29 54 96 63 68 96 57 53 42 28 84 13 57 11 74 75 63 68 95 81 0 60 39 48 33 22 14 21 27 2 26 64 20 52 94 23 11 24 5 46 26 7 47 50 82 13 27 55 67 28 42 27 94 43 55 60 39 84 59 77 60 11 7 31 13 33 43 29 83 8 58 74 70 83 80 46 74 12 94 12 85 48 8 94 85 94 43 78 13 
60 58 27 84 98 58 55 74 25 21 48 6 3 3 60 28 24 78 14 56 97 28 77 83 22 30 31 19 25 80 34 61 0 46 82 94 63 69 23 34 91 89 40 86 23 5 73 51 97 26 93 32 47 25 58 23 83 36 13 94 75 49 1 49 93 55 79 2 26 37 0 57 1 6 98 10 94 0 60 23 76 95 51 90 92 52 44 39 67 45 12 53 97 75 98 79 95 39 16 72 
58 0 29 40 21 18 5 13 65 67 45 28 35 54 84 66 14 49 66 21 13 29 93 92 3 21 57 81 33 39 88 12 56 6 98 9 96 29 9 17 40 23 32 15 87 91 85 12 50 69 0 35 63 58 82 87 21 28 55 57 73 58 16 82 64 39 39 25 34 32 18 53 7 27 70 30 48 17 37 28 24 0 3 4 27 85 38 98 99 8 75 34 45 54 82 27 14 94 97 48 
15 15 1 41 74 80 50 54 33 5 56 99 76 73 74 55 22 93 74 97 72 80 85 44 86 7 0 33 94 71 27 3 22 17 21 77 68 53 44 68 68 46 19 55 70 25 57 14 32 52 4 8 62 37 61 15 4 94 42 9 76 79 29 48 8 74 7 9 6 31 1 46 7 29 25 77 21 3 9 36 44 90 35 39 43 50 24 7 6 43 75 12 83 34 16 4 29 76 10 69 
56 66 48 1 79 93 11 62 98 92 96 77 16 60 0 42 76 24 41 80 74 9 95 44 28 91 43 96 45 36 46 70 70 53 89 42 48 39 31 56 89 51 65 93 42 6 93 21 8 10 57 26 22 69 26 59 11 47 78 43 84 93 91 70 24 96 77 44 81 91 79 53 70 81 73 36 87 59 76 97 41 65 59 69 35 58 52 59 48 5 70 64 77 77 18 14 77 72 71 78 
16 28 67 63 33 58 22 27 83 11 33 4 29 52 15 33 69 5 22 30 78 46 6 81 62 72 26 31 10 97 11 54 91 22 73 80 29 93 23 84 34 80 10 91 77 8 37 6 16 57 44 71 90 53 90 9 41 23 75 91 23 30 50 75 51 2 71 43 23 47 4 56 12 0 49 59 13 45 50 77 3 55 20 97 65 19 71 32 23 98 58 56 4 4 47 45 8 88 92 76 
3 11 34 28 28 3 22 22 17 82 53 32 95 99 48 74 65 44 71 65 20 20 54 96 25 23 46 0 46 56 69 86 45 26 92 46 95 42 23 46 89 80 62 56 61 76 87 49 6 35 97 58 79 6 79 33 45 66 63 76 16 72 21 27 73 99 6 60 61 28 82 10 12 2 66 70 3 66 26 86 26 40 94 90 18 27 38 6 78 89 31 41 76 63 68 38 35 51 45 16 
46 95 86 74 95 93 68 89 29 71 80 61 15 81 56 42 23 48 34 66 54 53 57 27 16 75 90 3 98 74 60 92 6 36 16 17 30 32 16 28 17 52 57 2 83 87 22 56 19 88 95 83 94 58 62 34 65 48 60 58 47 67 75 98 64 65 51 65 29 8 3 69 45 28 65 53 60 61 40 77 66 28 81 76 2 15 8 58 55 80 49 88 22 34 31 80 49 90 95 61 
56 85 32 95 66 5 69 71 27 13 39 81 59 0 77 9 37 5 73 63 21 88 54 91 83 61 43 45 61 42 49 29 62 98 83 49 64 83 64 98 19 27 90 45 0 63 98 98 45 88 13 14 69 19 65 16 41 97 71 69 0 74 7 9 89 23 52 77 31 51 75 23 62 96 10 7 91 70 85 43 56 91 23 1 5 6 4 96 30 41 23 24 38 66 28 89 91 50 8 58 
91 25 16 87 62 84 93 8 37 24 77 89 55 54 83 22 6 44 87 41 0 95 84 50 14 53 93 10 49 64 70 68 7 40 1 40 48 98 81 53 82 26 38 66 46 22 13 99 88 47 20 49 92 99 81 51 74 59 84 22 90 36 31 47 45 93 6 24 68 51 58 81 70 95 96 83 20 83 81 26 67 87 13 62 94 74 23 31 64 6 40 30 0 36 62 72 39 67 29 53 
58 98 86 59 84 12 4 4 87 28 32 26 98 65 62 10 53 76 93 94 1 63 97 19 17 44 83 81 30 39 36 65 37 32 7 25 10 12 13 70 45 26 90 22 2 1 61 67 67 36 55 40 4 65 88 87 30 17 86 79 57 8 86 74 83 88 40 46 34 57 67 39 43 84 53 68 7 6 0 91 18 95 17 38 99 65 68 52 83 83 48 6 34 35 64 82 86 11 14 22 
49 28 39 85 85 83 3 87 77 17 30 89 79 64 0 86 76 46 25 12 40 9 52 31 7 64 17 4 63 17 40 84 83 35 96 30 94 14 95 63 44 93 28 17 6 64 67 50 1 74 8 81 81 72 94 56 61 2 89 68 46 29 70 66 99 10 34 16 80 74 34 16 76 19 69 15 11 22 94 92 4 45 92 21 45 55 83 51 16 78 17 54 22 44 68 63 99 76 42 94 
37 31 31 62 80 2 53 67 21 39 2 46 53 44 49 14 53 83 6 14 32 79 67 58 65 69 79 40 53 46 7 0 50 32 46 53 65 7 45 77 22 27 90 70 90 47 43 83 81 87 91 79 32 14 66 24 1 49 90 55 2 24 41 21 19 94 47 69 75 58 99 65 48 65 34 94 89 17 3 8 57 72 15 45 18 18 35 76 43 3 34 5 22 37 84 91 68 8 51 58 
94 66 5 63 24 9 91 77 28 47 85 13 65 86 65 39 84 16 24 26 23 92 54 14 92 5 9 93 37 43 49 69 5 36 75 55 57 60 23 79 21 48 3 6 4 80 73 27 71 91 12 63 29 83 74 75 98 69 43 59 21 38 13 44 30 95 52 74 45 22 81 23 21 61 71 43 32 14 15 4 51 48 71 93 96 86 58 10 90 97 83 6 69 74 92 65 27 28 72 98 
2 71 82 67 47 78 28 32 87 26 48 98 32 87 70 5 53 46 87 12 93 44 12 60 49 39 45 6 89 10 99 60 98 61 96 66 25 54 42 57 66 53 35 33 61 91 36 72 44 57 84 34 31 27 46 2 49 28 12 77 48 42 62 37 87 19 70 76 49 29 10 27 80 82 89 69 19 41 93 12 1 47 49 31 0 81 29 28 41 45 10 52 72 80 80 91 9 43 25 18 
16 72 55 56 67 67 65 30 26 72 62 27 8 19 30 22 99 71 34 15 20 99 34 41 96 71 37 0 62 77 63 42 58 7 30 81 45 72 63 73 38 77 22 36 37 54 16 61 98 49 92 53 67 42 88 47 93 19 78 87 25 35 67 1 47 49 13 87 87 2 63 20 11 71 13 38 43 68 79 31 31 26 31 51 14 29 25 9 44 90 73 96 65 38 26 79 22 71 82 4 
21 1 22 60 8 31 40 51 7 88 29 16 43 35 8 70 49 29 8 65 22 65 25 14 71 85 10 61 93 1 41 18 27 88 7 78 27 85 34 6 25 46 60 32 77 67 6 45 44 14 9 18 82 23 27 83 15 9 34 57 6 58 84 87 5 24 98 60 34 24 87 15 81 83 75 58 83 38 5 99 26 27 48 36 75 98 37 58 93 25 22 53 42 22 41 97 6 40 20 92 
2 93 19 74 79 83 91 45 75 22 78 38 41 92 22 55 88 46 6 75 84 15 47 59 89 58 99 39 35 45 76 56 71 27 47 63 6 97 31 2 43 13 91 81 55 2 74 71 82 84 15 86 53 71 56 89 2 62 39 93 88 54 46 70 84 23 14 10 75 90 35 42 9 67 79 96 85 25 89 20 53 52 3 95 89 94 77 86 39 13 40 83 41 88 23 80 55 96 93 55 
14 97 51 41 66 61 63 67 71 72 98 99 97 77 74 87 29 24 14 93 94 20 38 53 94 11 10 68 66 55 14 58 39 95 8 11 13 31 29 94 4 24 77 2 18 79 24 24 68 40 52 88 0 78 37 27 30 26 55 81 6 99 44 28 54 4 77 93 48 36 60 93 98 5 14 94 51 40 46 91 49 31 51 10 25 76 62 45 91 41 87 95 63 85 0 19 46 79 42 25 
73 24 65 96 15 13 42 4 73 58 27 52 39 92 49 67 73 26 72 63 63 78 8 90 64 93 36 4 25 52 64 17 97 37 10 15 40 19 4 54 28 25 47 20 91 92 32 63 51 63 84 85 95 58 69 74 3 94 63 40 85 1 18 39 60 72 34 14 45 69 56 42 96 26 19 89 41 75 63 38 36 47 9 99 14 52 63 23 14 49 57 25 43 99 20 29 42 20 58 37 
53 16 31 22 61 0 46 41 49 56 46 96 45 27 91 74 74 94 32 77 66 9 51 49 30 5 67 89 90 23 40 77 10 19 40 88 10 44 60 99 59 95 70 37 23 47 62 92 77 68 23 44 95 19 44 79 72 12 34 57 57 17 95 12 10 79 7 27 1 46 22 6 2 89 62 34 29 2 55 58 80 27 0 97 13 78 92 30 7 55 73 32 0 99 67 32 38 71 32 95 
24 53 23 20 96 78 99 49 82 49 61 85 27 99 4 70 27 43 83 4 96 44 81 82 73 17 97 43 30 76 28 80 12 66 43 84 11 73 31 51 77 68 0 39 14 55 18 4 22 62 98 80 87 95 32 39 40 14 52 71 9 85 86 65 96 12 98 50 72 63 92 73 43 61 21 2 25 68 6 0 82 74 12 90 80 33 49 35 31 55 92 18 53 27 75 72 46 8 25 26 
54 75 58 9 12 23 99 69 27 57 9 24 59 76 98 14 95 22 61 98 80 27 10 42 56 6 42 84 0 62 27 96 23 10 79 93 20 72 38 84 45 79 14 14 45 51 19 44 39 65 78 60 93 47 56 42 67 65 43 86 35 73 1 0 93 44 25 83 39 49 38 10 19 33 49 65 68 80 35 60 5 11 23 13 8 50 45 6 22 57 18 56 63 29 70 54 1 24 72 9 
12 21 92 89 81 88 27 44 23 94 70 54 74 44 60 21 1 65 82 34 45 41 80 79 64 43 86 58 71 11 38 98 48 77 91 80 43 28 99 49 11 54 41 34 75 58 2 40 54 44 73 10 8 50 88 99 26 55 65 64 79 32 61 42 99 64 84 59 8 68 29 75 68 7 23 93 63 56 68 99 50 94 81 66 74 23 47 97 32 88 80 36 53 92 48 96 13 55 82 14 
98 72 98 50 34 63 93 1 45 44 95 84 40 84 31 82 24 9 71 83 11 31 70 23 40 38 92 54 46 9 25 17 19 74 88 2 85 79 13 83 76 71 57 89 49 69 77 22 26 95 90 3 23 24 99 19 45 87 92 71 89 15 81 93 68 47 38 91 0 49 17 8 37 60 16 0 1 98 70 66 36 47 76 95 64 65 28 6 56 34 28 67 36 13 79 8 24 42 89 9 
29 81 29 30 60 75 36 39 60 42 83 43 58 94 75 5 2 81 44 42 13 12 88 31 49 38 78 15 89 49 31 80 22 78 63 19 61 54 31 92 89 98 90 95 55 86 85 3 40 18 95 73 80 29 77 81 97 47 94 19 81 64 63 60 67 33 37 26 79 7 27 45 57 50 22 47 72 3 45 31 20 81 62 90 0 0 6 2 16 55 44 34 9 92 65 73 26 62 90 82 
40 86 23 49 73 77 43 76 45 72 40 28 84 97 48 68 78 46 68 10 45 35 35 94 1 45 62 72 58 40 27 73 18 84 36 20 38 11 74 72 26 90 65 62 77 87 53 97 34 98 97 26 30 82 3 13 1 74 53 11 94 63 11 62 14 1 57 42 3 77 98 41 55 97 28 37 50 94 74 84 8 93 11 92 13 17 81 89 9 40 19 76 3 88 34 29 75 44 54 27 
11 27 63 6 92 40 14 57 89 51 33 49 28 74 34 62 79 84 28 36 44 74 18 17 21 27 53 38 7 61 11 59 49 96 73 2 80 3 53 86 16 49 17 64 38 26 68 10 79 50 64 48 47 53 52 20 24 83 14 33 64 42 21 14 70 17 65 51 88 19 87 92 57 5 3 49 41 9 31 18 3 8 6 36 42 56 68 99 87 85 64 74 60 12 55 72 30 10 3 20 
68 52 4 75 5 91 33 36 54 22 82 97 10 5 97 60 41 40 27 4 24 80 4 73 21 78 62 9 25 18 77 29 56 13 99 31 63 2 10 13 85 69 94 22 27 18 77 96 12 1 64 14 53 13 36 54 96 82 0 1 83 9 5 42 47 51 84 93 62 59 98 77 26 68 82 71 19 74 10 68 2 42 95 9 59 16 55 57 56 40 80 93 3 12 38 43 51 57 79 19 
41 73 22 78 88 4 74 83 54 30 29 16 21 39 81 1 98 12 49 7 91 13 15 55 91 43 49 96 98 28 49 38 42 13 37 45 5 8 11 66 3 29 53 96 55 78 25 33 97 45 71 6 7 33 35 29 49 73 76 81 9 36 73 47 7 70 56 27 63 14 76 92 8 8 35 12 53 84 43 84 86 56 0 80 33 71 79 85 22 35 85 26 20 92 3 68 52 93 21 18 
31 98 97 65 79 95 21 85 42 56 31 27 95 5 8 27 85 76 31 29 21 16 36 80 54 49 44 63 95 58 74 64 69 45 82 57 97 69 18 17 76 0 94 71 61 11 32 37 31 99 55 63 96 97 16 65 57 2 3 51 55 60 79 23 88 47 84 4 78 75 95 93 57 96 15 88 88 83 67 76 58 37 60 25 65 46 41 58 91 16 4 91 55 55 62 73 86 67 98 7 
42 76 50 14 42 33 90 50 20 89 73 94 8 25 30 46 49 90 91 88 73 34 16 5 56 20 81 37 13 9 0 0 13 61 6 62 75 71 28 98 32 52 3 58 75 72 95 62 40 14 71 58 7 37 17 80 86 27 19 23 74 91 75 48 82 9 19 3 52 81 44 98 42 52 72 48 72 94 65 5 98 25 80 91 49 48 66 68 13 68 89 18 93 63 22 52 82 25 2 83 
89 4 3 55 64 30 20 96 67 50 27 71 23 87 82 61 42 64 64 21 72 25 62 64 46 53 49 74 9 37 97 0 89 23 11 70 55 14 19 14 79 69 78 60 14 94 33 87 15 89 57 91 36 9 74 80 96 30 77 80 67 60 79 65 41 31 90 9 70 91 70 30 82 90 61 32 8 88 54 40 84 98 72 26 14 50 53 34 29 1 73 28 59 70 9 38 21 91 35 6 
