93 32 68 50 83 47 11 55 9 40 51 71 60 8 62 71 5 66 54 82 79 38 91 20 34 32 27 10 80 64 35 89 66 25 12 19 18 99 97 31 38 75 11 20 0 90 7 76 95 7 14 89 52 69 11 65 62 72 0 22 43 81 62 24 76 4 63 18 83 5 92 30 59 70 92 65 31 73 98 71 27 21 30 38 91 1 39 97 61 60 11 51 77 54 12 80 83 24 9 3 
65 58 48 25 74 41 38 3 18 51 68 50 75 77 21 30 95 1 79 24 3 75 47 19 7 69 23 33 11 97 3 15 73 22 23 22 88 95 22 80 45 67 60 74 16 98 71 43 85 67 52 18 95 86 29 63 77 47 14 95 55 96 56 72 72 72 59 59 13 29 39 57 84 95 98 4 66 1 89 39 97 79 17 51 14 85 99 71 51 59 42 74 16 17 8 12 39 85 76 6 
25 99 18 82 59 92 47 95 40 62 46 96 91 18 51 59 9 55 67 47 80 7 49 10 95 43 96 21 13 84 32 37 39 15 45 48 13 49 18 38 60 76 74 76 43 44 37 46 94 5 37 40 2 7 50 12 97 19 83 33 13 30 5 83 77 84 6 97 43 99 35 91 48 63 2 86 52 88 71 12 57 66 35 52 39 80 9 82 97 9 93 31 14 58 46 47 25 96 45 87 
33 53 98 9 65 73 85 17 3 55 29 93 56 27 23 65 68 86 67 61 74 72 47 82 9 77 88 63 8 36 64 24 19 24 88 76 7 71 7 43 65 24 64 54 81 67 21 45 53 96 39 49 7 56 23 68 46 71 2 62 85 79 1 34 25 35 28 48 6 52 45 55 63 84 7 93 97 23 7 38 9 19 57 87 17 98 36 84 25 63 44 44 58 58 52 87 26 83 87 77 
33 65 41 57 40 26 34 76 36 23 27 75 74 70 62 37 56 30 51 78 2 18 47 37 25 60 3 37 20 72 12 79 26 21 30 69 27 55 98 65 34 18 85 67 2 10 73 5 48 3 38 10 80 7 17 5 24 34 44 55 21 13 27 70 59 50 5 27 39 10 66 22 63 48 79 8 70 66 54 86 20 94 88 92 20 11 44 8 61 83 18 25 98 23 36 34 81 41 28 83 
13 77 46 74 30 83 71 9 38 47 82 79 38 6 90 16 2 81 28 43 81 68 34 83 38 29 88 51 4 73 50 5 5 9 63 48 48 76 16 62 89 97 8 18 32 28 94 59 26 78 44 0 95 41 63 77 87 64 74 69 79 50 83 42 59 72 80 70 34 42 63 7 61 3 32 62 39 12 46 43 44 69 84 72 89 45 1 39 3 67 67 65 32 34 72 60 34 38 9 99 
1 19 90 68 4 93 31 7 67 61 50 9 27 64 12 16 81 12 40 85 4 87 13 85 49 42 20 72 84 50 74 91 8 35 8 85 95 1 59 49 91 7 8 78 69 76 41 54 60 0 1 79 20 11 74 7 59 85 24 43 39 97 76 34 78 75 78 11 62 68 83 12 57 72 51 56 80 63 62 76 86 91 67 65 75 37 90 37 94 93 78 51 24 3 26 84 2 51 2 84 
85 45 80 88 47 65 32 61 93 89 7 68 55 53 15 39 43 98 43 85 22 90 36 58 47 67 49 61 81 94 67 89 31 54 72 37 46 25 72 63 91 89 25 20 30 19 79 46 50 72 27 26 10 93 82 38 67 33 12 17 47 97 93 94 22 91 62 47 78 73 52 48 80 44 39 15 80 72 97 8 78 43 17 63 99 70 58 53 34 83 95 73 4 7 29 52 96 29 58 75 
99 96 80 15 18 70 85 36 14 25 29 3 25 2 30 70 1 84 6 10 14 2 58 43 91 97 14 93 82 44 21 7 4 68 58 11 83 94 75 69 2 10 29 21 80 14 61 18 28 56 57 33 96 25 70 44 18 94 52 67 92 91 82 64 59 85 84 38 36 16 38 29 56 54 83 36 46 87 18 75 96 93 76 93 20 17 78 93 31 55 76 37 25 27 57 99 30 36 85 75 
64 9 41 64 58 70 35 67 53 64 86 77 25 64 50 48 46 93 74 36 79 88 77 50 35 87 71 62 22 69 14 50 2 89 1 86 26 65 59 53 79 1 63 92 2 61 31 33 53 35 63 87 82 96 11 0 28 12 91 39 42 51 54 43 73 11 9 11 46 68 25 48 21 27 23 52 20 31 99 0 11 35 28 57 27 3 59 34 61 81 65 76 36 11 13 14 55 36 5 47 
76 3 60 87 67 74 54 57 43 46 63 54 2 94 93 89 8 27 99 76 14 19 86 59 46 32 99 39 10 67 69 75 8 76 25 86 89 53 19 71 67 3 90 9 35 20 99 97 19 37 70 2 86 54 57 31 94 91 45 11 86 81 98 1 40 26 39 81 43 13 94 91 27 90 81 34 34 56 60 88 25 36 5 36 95 89 94 8 30 52 46 68 89 98 95 34 38 79 46 52 
76 46 67 79 29 82 90 9 46 27 75 2 26 74 66 86 79 68 90 66 10 6 22 3 38 41 44 83 72 16 26 63 53 78 39 29 47 84 39 99 69 60 45 47 61 63 76 8 63 77 83 17 28 98 26 21 76 74 42 86 80 44 48 30 90 20 17 35 58 19 80 50 89 24 24 63 72 40 19 38 91 5 56 37 46 99 5 8 64 7 28 17 39 96 43 81 27 14 25 91 
10 72 83 60 11 63 39 86 1 33 8 64 27 87 2 2 98 5 64 2 86 17 18 10 28 59 72 61 52 13 64 19 87 15 58 3 27 60 99 20 97 89 18 23 22 29 95 52 50 2 5 21 42 59 45 39 61 46 57 96 44 44 77 45 76 11 69 77 80 39 54 37 8 16 18 97 46 43 18 27 75 32 94 35 19 94 48 71 24 93 80 63 0 8 20 24 66 17 42 52 
36 33 34 69 22 48 2 24 57 18 67 67 80 27 86 59 27 25 11 74 6 59 53 87 36 12 29 11 18 44 3 58 45 46 51 85 63 39 0 82 96 50 83 77 79 80 70 24 24 94 35 79 63 28 14 74 56 5 49 28 61 60 99 66 44 93 20 51 22 1 96 73 63 6 49 91 18 2 93 48 59 49 26 56 59 78 65 82 16 10 72 94 62 27 11 0 25 59 73 64 
64 39 36 75 37 95 30 15 50 71 63 94 32 51 39 0 90 70 2 82 59 24 64 93 56 63 10 64 64 39 54 25 85 12 34 54 92 36 32 79 27 76 53 74 30 96 3 43 23 31 79 93 15 51 7 77 82 72 0 78 92 34 16 92 25 6 57 21 46 86 9 89 41 7 93 84 27 87 64 13 95 38 18 89 98 34 60 62 17 55 42 78 90 20 57 99 52 62 74 68 
76 8 24 7 84 76 46 32 81 73 41 7 82 62 30 85 77 58 59 64 37 36 94 84 63 80 24 37 77 14 44 6 46 43 54 99 55 15 97 14 5 6 2 15 92 33 24 17 75 50 85 32 94 58 10 96 1 3 34 34 77 50 23 29 35 35 18 96 19 14 32 71 67 12 56 66 73 99 3 1 34 75 65 76 4 26 70 30 76 52 89 81 36 86 28 76 81 39 16 94 
48 60 62 93 50 26 26 84 40 6 63 69 48 40 68 77 54 35 81 19 22 68 0 4 2 24 1 72 70 47 57 20 46 23 59 21 64 90 13 62 47 19 64 69 67 94 44 48 37 2 83 9 85 94 24 26 99 27 20 87 11 29 28 4 57 0 24 76 63 85 59 86 16 60 27 33 57 24 55 95 13 38 4 65 35 83 28 35 14 81 17 78 32 58 97 37 24 46 20 96 
60 34 58 14 72 81 99 37 38 59 5 32 46 40 41 32 58 94 24 55 13 62 87 81 45 85 40 80 0 37 71 35 55 1 42 32 78 18 93 46 20 35 76 29 72 99 13 37 30 28 68 38 22 4 90 48 53 32 82 55 69 79 62 27 0 92 25 62 68 98 11 66 61 63 98 64 58 97 36 23 81 61 97 37 10 64 42 16 10 63 22 19 19 94 72 58 62 81 97 87 
8 9 87 95 43 92 10 8 46 71 55 52 57 40 90 70 80 57 60 99 86 83 4 28 42 2 45 94 3 56 61 59 3 28 49 35 0 81 97 33 46 15 8 95 60 86 40 54 38 88 83 99 46 36 21 70 66 8 50 53 65 42 98 61 29 23 19 16 17 63 54 75 3 85 98 11 8 30 13 73 94 88 15 62 66 73 72 66 54 44 50 98 13 39 99 11 30 85 83 40 
33 42 89 37 68 20 18 6 78 9 95 76 62 75 57 54 13 23 6 66 43 33 5 9 63 54 68 88 86 95 84 97 78 65 87 89 59 25 58 35 61 34 42 41 56 61 64 22 9 85 45 24 37 19 35 50 86 35 53 40 16 60 31 26 94 52 78 66 66 88 69 2 39 22 24 18 28 47 60 25 56 32 27 54 8 40 25 65 4 72 47 79 73 9 23 10 14 64 73 33 
14 92 0 91 78 65 91 50 36 93 25 77 15 47 32 42 67 21 50 82 95 58 89 18 81 97 60 87 26 5 21 56 99 9 90 6 63 98 71 48 70 46 40 69 66 51 18 67 96 17 83 77 88 32 60 31 0 69 31 40 66 82 56 32 85 68 7 32 2 57 34 90 92 47 8 45 4 8 23 45 9 66 54 42 99 68 55 31 26 25 23 37 62 12 21 57 8 25 51 99 
55 28 30 51 0 59 62 93 51 85 62 87 27 68 61 18 64 86 46 90 26 60 16 26 21 18 68 96 71 23 47 24 98 60 54 39 63 71 65 57 77 62 96 39 74 80 60 27 70 43 49 85 38 55 86 71 12 65 98 75 51 63 46 71 98 52 47 94 84 95 73 57 39 57 28 12 73 82 34 42 62 39 61 86 32 17 38 20 51 25 22 88 56 5 32 53 40 6 56 88 
5 98 70 98 17 27 74 82 58 77 63 52 1 45 53 35 17 79 3 2 10 41 92 61 70 96 82 0 64 62 13 93 36 8 37 34 7 39 30 57 23 94 19 91 0 10 77 34 40 60 41 27 45 34 45 52 41 12 99 22 26 41 90 13 90 74 13 66 92 31 1 13 73 52 7 13 30 53 98 53 83 41 41 24 67 31 24 51 56 50 83 14 6 67 8 84 19 72 35 14 
78 51 38 23 12 28 22 53 78 3 54 95 64 57 18 2 41 33 53 48 41 66 63 15 99 3 94 74 43 65 97 79 87 88 2 57 16 53 56 58 83 95 0 60 4 69 85 51 15 79 33 98 86 35 58 87 58 21 24 84 17 78 29 75 96 2 67 88 96 20 61 66 74 38 65 15 63 61 12 13 93 54 75 89 56 62 88 1 88 3 19 12 35 87 47 36 1 28 19 21 
65 9 86 20 99 16 91 94 33 40 69 10 99 45 3 73 82 74 97 81 10 35 42 59 27 31 1 73 53 11 54 54 44 91 74 20 90 52 97 60 14 7 83 48 8 17 21 2 2 20 58 99 3 9 70 54 90 70 1 85 54 98 78 93 51 30 62 78 3 43 52 77 5 49 79 14 50 6 42 60 54 43 74 7 30 30 53 28 28 21 82 50 26 50 45 36 10 80 49 22 
41 96 27 41 11 15 8 12 7 55 25 31 47 40 74 9 6 37 61 8 80 28 13 95 46 30 87 49 51 82 95 64 33 56 14 81 4 73 82 25 48 53 71 63 93 67 81 89 36 47 69 24 88 22 53 64 74 43 78 31 0 7 88 28 59 10 9 23 64 86 46 23 28 87 30 4 8 71 83 83 76 52 34 67 62 60 58 81 93 37 72 45 94 77 45 90 83 83 93 60 
35 38 99 89 57 62 60 35 8 89 92 39 34 47 19 64 51 89 44 22 73 63 0 21 33 8 77 43 93 10 85 84 0 6 73 55 93 81 1 66 16 48 85 90 73 37 4 73 75 82 56 43 32 81 7 22 93 9 93 57 60 68 53 52 12 90 60 1 90 61 99 10 57 33 65 50 43 1 78 17 86 31 69 16 15 29 48 40 82 8 23 89 42 37 10 54 96 45 49 60 
10 53 16 44 24 19 64 48 10 92 75 52 75 23 16 97 14 44 87 35 11 60 65 76 85 8 79 80 41 20 87 74 9 58 24 10 14 7 75 33 31 2 42 66 3 34 92 54 77 81 36 67 66 42 43 72 22 42 92 48 46 86 18 40 29 8 5 50 62 21 85 27 46 98 0 79 35 65 89 76 71 58 84 60 61 57 75 47 68 78 98 80 74 8 15 2 96 14 89 71 
39 72 78 12 19 88 87 80 36 8 27 29 18 7 66 70 89 98 75 84 97 29 88 95 60 2 41 85 92 93 16 44 16 0 31 79 29 53 14 15 77 42 51 31 56 33 27 54 37 48 18 50 31 10 62 77 77 47 92 31 15 4 68 11 38 35 83 67 9 85 41 73 33 40 4 80 46 48 89 98 71 48 73 27 84 50 69 73 33 75 25 98 54 12 43 39 85 26 2 2 
83 43 37 35 43 34 90 26 36 3 22 55 53 62 39 82 50 81 67 5 4 80 23 24 12 89 48 0 5 20 81 23 23 0 49 15 56 6 6 99 89 91 6 46 84 45 8 27 13 10 27 16 73 75 98 67 51 82 68 62 17 14 78 18 57 32 37 62 20 3 11 45 27 79 63 21 36 78 33 58 47 18 30 54 90 35 91 94 17 11 66 25 46 3 80 91 96 58 38 89 
23 27 61 27 88 8 31 66 17 28 64 55 70 28 2 67 9 21 37 61 7 37 18 89 49 33 96 94 10 2 35 75 17 35 36 89 33 25 58 28 34 24 12 42 96 1 82 64 87 24 32 68 9 96 44 54 88 77 4 63 81 65 52 63 29 42 17 22 38 87 34 22 5 17 14 99 19 40 50 23 84 50 1 66 27 63 41 17 27 98 3 82 86 87 98 31 20 25 39 72 
2 58 97 30 76 48 72 82 87 90 3 21 64 71 30 57 21 87 52 8 4 16 93 84 49 47 20 54 22 43 39 94 11 37 30 63 68 16 45 68 6 35 12 99 58 13 34 56 66 27 65 88 21 9 99 51 81 34 14 8 71 21 76 97 71 36 26 1 73 78 89 43 31 66 94 31 71 57 86 60 63 44 13 22 88 78 40 80 84 43 84 97 3 2 74 99 3 9 56 88 
47 14 25 80 1 47 43 90 75 45 60 83 96 46 39 32 47 18 33 52 40 43 51 29 25 23 49 9 55 45 68 32 21 95 28 36 81 87 1 81 46 41 87 54 69 44 31 48 79 75 52 61 90 77 74 8 83 76 18 79 23 11 26 77 60 82 42 13 51 98 20 43 96 33 91 17 38 91 90 60 35 89 3 53 58 30 62 38 55 12 52 45 90 13 67 63 0 94 0 29 
79 67 58 11 73 0 65 1 82 78 95 58 37 61 54 54 87 26 66 55 94 72 19 92 30 31 74 30 45 40 33 86 20 23 61 87 96 78 88 12 30 41 66 65 39 43 95 6 11 28 82 27 52 19 20 86 29 86 80 19 39 87 33 34 16 2 12 74 54 60 72 80 34 90 40 37 2 14 84 36 12 45 86 55 84 10 10 45 32 42 19 64 57 60 53 40 93 11 44 4 
71 66 58 7 30 71 96 25 90 43 72 48 95 20 31 5 20 92 9 99 35 30 81 70 49 39 40 84 32 34 96 76 75 35 45 19 6 40 90 19 35 57 4 66 84 74 48 43 86 66 2 30 21 31 62 42 33 95 70 30 1 96 56 88 97 0 29 86 73 26 26 2 72 41 87 61 23 70 45 99 83 96 28 1 96 24 0 10 94 93 47 90 51 61 56 39 71 16 35 98 
61 69 49 26 75 35 53 55 7 73 11 3 78 97 59 23 10 70 49 12 92 84 72 28 92 32 73 22 35 64 46 90 16 12 86 7 86 38 34 83 54 95 77 49 13 46 96 90 76 32 9 78 86 81 36 52 14 58 26 67 94 15 42 46 11 71 38 62 82 70 23 98 66 15 87 67 95 74 98 81 90 83 86 42 74 15 96 58 66 90 16 67 60 62 32 70 98 44 55 69 
79 48 35 98 0 94 62 16 67 6 53 84 63 35 34 99 54 47 67 18 12 57 54 14 12 25 50 42 20 25 96 9 96 40 87 68 31 91 69 87 14 21 13 11 1 75 52 13 31 24 61 24 3 91 60 69 68 79 31 30 38 90 30 63 87 73 85 72 89 15 52 74 52 24 55 82 90 95 85 44 45 87 18 17 17 67 70 54 46 25 64 14 69 52 75 73 10 68 3 95 
88 9 67 32 68 10 86 5 39 33 52 88 35 0 39 51 40 1 61 58 35 18 71 58 79 34 58 84 58 64 37 95 66 26 83 17 56 32 75 1 8 94 53 5 19 82 19 32 53 51 24 6 95 7 99 74 88 65 15 73 31 30 13 54 9 57 79 17 6 34 48 72 45 97 32 19 75 14 82 78 88 10 59 17 22 63 60 90 38 81 67 47 60 54 53 98 93 7 76 21 
19 47 99 39 17 64 46 54 56 95 81 59 97 53 47 10 47 83 91 19 24 57 5 77 51 51 41 5 12 80 12 79 59 96 80 2 46 23 62 2 18 86 63 25 16 22 10 39 72 50 59 83 57 78 37 41 10 26 19 34 80 59 66 76 30 96 70 14 70 47 93 83 53 70 0 46 36 69 87 55 35 45 92 92 6 3 79 74 46 74 61 92 67 33 95 64 40 20 45 37 
18 16 25 54 88 88 64 1 70 87 55 6 45 0 79 4 23 29 64 80 39 79 34 5 23 65 5 60 64 63 41 57 34 45 65 33 20 4 20 90 46 75 76 75 46 6 3 57 15 96 63 31 73 55 99 76 93 24 7 10 47 14 90 69 85 63 22 73 53 41 28 61 16 11 85 12 85 80 44 41 8 51 29 59 99 0 47 29 0 21 61 32 41 81 85 20 25 69 90 59 
23 44 6 74 83 4 31 96 48 25 75 26 48 46 93 0 75 38 94 0 94 9 40 0 30 99 14 72 92 72 36 42 70 16 4 9 5 44 73 40 21 74 99 99 0 10 95 54 23 86 89 9 5 80 23 32 1 28 91 68 11 51 76 69 38 18 33 94 56 63 15 22 93 15 44 96 84 79 55 53 8 16 38 56 22 33 38 34 84 50 62 36 30 63 34 90 74 33 97 37 
33 61 73 19 60 55 3 65 72 28 6 61 94 55 11 61 49 72 57 20 69 70 98 52 44 4 15 20 95 38 97 30 20 49 76 39 17 66 94 42 88 38 23 74 16 28 40 56 14 14 29 65 25 55 68 72 75 77 35 3 21 64 60 81 85 79 95 27 98 73 32 75 11 68 27 57 12 74 48 90 29 47 18 41 84 91 63 36 93 58 84 50 8 69 11 15 51 40 46 21 
5 92 26 96 6 83 84 68 56 66 55 93 25 99 26 24 18 54 75 68 55 32 36 75 48 98 32 2 91 68 94 62 11 30 14 17 57 87 4 69 93 27 45 79 87 4 7 18 66 85 56 72 73 27 6 53 4 89 69 96 38 98 42 55 92 52 59 2 68 23 43 86 3 74 59 42 55 9 88 63 10 40 51 0 11 39 23 92 42 70 98 67 1 15 10 71 60 45 57 96 
31 47 99 77 69 46 4 96 53 60 77 95 92 2 67 25 52 75 25 1 96 60 85 37 87 2 27 13 62 90 61 57 21 85 86 65 49 9 76 31 25 18 59 82 65 48 40 61 2 83 30 18 6 36 28 36 15 56 68 83 88 55 22 62 71 2 59 73 61 16 40 93 70 46 97 28 48 41 35 46 83 16 66 84 46 30 87 50 92 44 17 16 88 67 84 4 29 77 87 91 
34 13 82 5 5 16 68 34 99 70 43 58 4 70 8 35 63 1 44 46 47 11 39 12 55 10 20 89 99 88 49 70 32 36 53 6 35 78 54 30 8 82 16 99 65 80 4 76 68 93 17 4 92 73 8 3 85 94 29 75 5 59 33 66 19 12 66 54 81 13 57 18 8 46 71 47 45 22 54 41 82 83 81 88 95 53 15 20 73 48 7 65 54 87 43 63 66 58 27 20 
90 88 17 92 63 58 83 68 82 14 99 0 57 31 41 10 44 47 53 62 88 31 47 46 12 76 28 77 11 14 3 24 57 33 88 18 9 33 56 73 98 46 90 19 85 56 28 66 10 65 68 22 35 21 64 56 25 69 43 60 96 47 59 70 65 92 4 22 18 15 23 22 70 82 91 64 57 3 2 32 54 81 79 97 52 22 6 14 98 18 61 60 34 77 17 42 51 82 73 34 
97 70 11 90 58 95 78 66 75 39 19 36 56 51 54 79 16 95 81 88 51 17 61 25 73 53 0 41 3 91 17 13 28 19 76 39 45 97 40 24 1 57 96 86 48 68 38 96 42 28 26 58 91 63 3 36 64 11 85 17 33 50 38 19 57 13 34 76 1 75 41 32 40 73 44 6 50 31 50 73 80 60 36 60 83 99 23 35 97 78 82 67 68 32 11 7 0 86 98 58 
44 57 55 21 64 58 35 69 33 85 59 0 80 91 40 6 8 71 74 4 26 7 62 76 58 80 61 71 15 2 39 55 83 76 8 83 84 8 38 97 23 78 43 67 67 15 57 28 64 67 79 85 16 38 89 2 37 15 87 30 25 78 62 56 82 8 95 78 78 80 48 27 98 97 92 60 33 41 67 38 75 16 46 20 95 6 56 94 94 97 69 76 57 94 57 65 85 37 97 98 
28 18 21 16 91 75 74 5 74 12 82 97 47 22 24 51 99 67 18 13 37 57 31 26 8 13 54 2 27 49 68 3 87 57 46 95 85 47 35 84 21 22 75 15 75 60 8 52 95 34 59 34 94 71 74 34 78 27 69 36 62 11 11 14 43 90 66 83 86 26 65 19 76 23 77 86 6 15 70 30 60 47 88 84 80 88 45 85 71 86 16 81 64 25 67 85 88 1 57 82 
84 63 35 93 45 92 48 16 5 78 62 20 2 33 12 5 28 96 37 63 94 60 37 39 26 72 30 73 49 29 56 75 25 51 26 90 1 65 81 99 92 14 81 96 1 13 63 20 94 58 16 85 89 13 36 56 28 35 67 99 92 38 62 90 3 58 93 58 55 97 23 37 42 63 67 93 73 62 37 1 50 79 0 97 2 98 11 66 1 74 58 13 51 53 31 10 70 55 76 45 
57 73 54 56 81 4 38 47 6 81 59 36 24 35 81 49 82 26 20 80 35 91 60 1 63 86 19 97 64 59 55 67 57 64 83 91 87 57 24 26 51 61 80 97 95 77 93 19 17 99 87 25 32 24 76 45 35 4 43 30 7 57 91 0 9 67 9 61 25 51 68 94 5 51 45 36 65 65 22 53 58 6 90 83 53 57 54 31 45 36 78 2 77 46 55 24 35 69 96 4 
83 22 22 52 60 91 61 21 52 64 59 30 3 33 11 9 42 43 87 38 39 33 97 91 68 93 28 83 95 83 68 3 65 77 51 30 84 76 0 36 61 82 77 25 74 52 85 15 66 13 9 13 3 4 31 86 97 11 72 85 55 41 14 90 31 65 66 25 77 59 90 49 20 66 59 48 40 26 49 25 43 5 39 70 19 13 44 63 99 83 94 7 14 38 45 17 56 45 52 33 
42 19 92 41 40 69 33 6 69 44 61 11 43 92 34 88 79 51 24 79 64 3 7 55 39 91 6 12 73 14 43 15 56 57 57 42 55 54 72 7 29 18 80 97 59 28 0 43 77 98 24 72 34 32 9 71 39 71 32 91 34 44 49 97 95 32 69 33 15 58 59 23 63 15 23 20 35 5 20 79 40 91 87 95 70 12 7 57 22 11 23 15 43 78 26 41 75 93 37 43 
93 88 22 58 16 95 36 66 35 23 55 4 67 58 21 21 88 91 17 19 0 30 71 62 56 4 72 69 12 16 32 50 13 97 5 16 0 44 94 40 42 84 43 26 95 18 63 0 24 88 35 59 20 45 65 93 52 84 33 39 25 28 54 80 18 41 57 33 99 67 97 58 62 39 3 85 28 48 8 2 61 32 38 15 71 87 88 85 60 47 0 74 39 85 64 8 10 19 9 46 
33 31 46 89 49 42 96 54 41 48 80 42 13 91 78 86 6 22 52 60 64 40 6 30 15 1 17 93 71 72 69 53 26 57 28 47 48 54 96 3 80 73 36 52 2 8 49 72 14 95 62 96 68 41 98 91 14 9 97 77 70 75 90 87 69 24 67 66 23 10 86 1 91 7 86 15 45 31 29 73 94 16 85 11 28 6 64 80 35 4 49 47 67 85 3 49 27 70 76 25 
21 18 98 21 59 87 77 61 42 53 37 21 41 53 17 15 19 32 77 47 17 4 79 75 38 29 16 33 32 87 98 87 48 0 73 93 72 9 42 37 12 38 74 12 22 25 83 59 39 59 79 12 95 81 58 81 78 8 86 5 52 96 37 98 58 42 30 55 54 60 51 35 97 57 79 74 42 49 98 47 34 94 33 89 14 68 79 69 41 98 76 59 27 37 94 53 92 44 65 70 
33 17 27 3 55 23 8 71 9 93 78 30 9 57 72 27 86 89 68 91 25 14 62 57 64 9 27 60 82 11 23 37 36 47 95 98 99 55 93 95 31 84 63 78 52 42 46 74 91 55 44 79 23 12 69 58 76 69 27 47 7 22 23 54 0 43 1 62 29 14 47 6 56 10 58 6 38 78 14 78 49 70 87 86 42 26 28 22 11 64 75 18 37 31 29 16 93 21 27 20 
64 68 57 97 99 44 58 46 60 76 80 84 47 96 74 74 12 57 83 73 21 99 85 33 26 31 85 19 87 52 45 44 10 24 23 90 82 22 56 46 3 82 93 34 42 82 8 60 83 52 91 66 26 2 28 96 15 24 48 91 94 0 21 59 57 98 58 43 59 99 7 39 33 16 48 10 30 75 54 5 89 97 86 59 49 60 8 63 0 18 81 56 57 87 85 99 86 80 85 42 
23 24 59 67 70 43 81 50 75 37 70 55 52 84 46 8 20 13 86 2 61 97 97 42 93 90 61 86 61 99 72 45 1 0 20 59 56 63 45 64 77 92 46 40 12 14 31 31 1 30 85 2 65 47 83 73 54 12 35 54 34 94 64 2 95 92 31 59 18 55 99 26 71 21 97 34 99 95 40 81 61 35 94 29 66 3 43 37 28 10 85 57 9 74 20 35 39 84 91 28 
3 36 51 42 35 64 68 31 28 74 21 10 67 43 23 1 70 67 85 90 75 39 23 94 9 94 76 59 70 87 28 4 44 61 18 51 7 80 98 38 30 76 98 2 61 27 82 16 38 16 2 89 55 69 15 81 47 44 45 26 64 2 63 81 61 99 63 21 4 58 87 79 30 60 8 74 85 15 43 92 50 5 29 52 99 64 27 13 19 92 17 84 65 20 83 97 61 21 26 92 
73 73 32 94 32 67 98 72 53 94 0 23 5 90 10 65 8 49 18 8 77 11 67 81 89 89 96 42 70 40 59 96 68 58 20 71 63 72 60 14 79 8 83 91 57 9 6 46 54 68 9 61 88 17 72 97 83 83 79 51 34 44 95 69 43 73 3 46 5 60 67 10 83 58 43 91 76 32 84 13 77 92 83 16 46 97 94 12 4 32 67 12 50 60 5 43 59 97 29 7 
56 90 66 74 87 4 33 99 23 43 92 80 88 46 16 1 57 80 36 70 8 56 88 61 74 57 78 18 44 38 71 54 37 96 17 49 17 61 60 42 42 63 23 65 33 49 12 61 86 70 82 15 23 0 66 45 42 10 44 58 30 25 0 39 20 83 93 78 67 2 32 98 0 87 80 79 62 10 40 50 49 9 93 91 77 32 58 70 14 68 13 60 85 78 45 62 65 65 9 39 
3 58 82 54 15 21 11 2 28 29 27 77 14 84 40 7 5 11 7 47 33 90 41 18 12 76 32 3 84 30 61 3 58 50 36 55 57 74 44 14 87 25 29 34 4 17 8 1 41 53 26 77 64 5 58 29 88 52 47 95 8 41 53 14 3 90 52 19 51 96 16 91 66 15 31 58 28 9 23 15 27 68 82 38 27 85 74 86 89 65 74 84 90 67 70 76 16 13 50 19 
77 47 10 77 95 2 44 71 47 31 95 19 36 49 75 59 58 77 81 79 63 0 19 32 2 84 43 93 3 79 41 75 63 27 55 80 4 46 44 75 11 64 39 19 47 23 65 52 81 97 41 70 94 97 24 49 36 7 77 69 13 37 97 23 28 6 22 40 30 69 64 56 52 95 52 49 46 64 41 78 7 75 36 14 1 83 21 65 68 64 91 8 62 31 90 48 42 35 27 33 
77 45 3 84 60 53 9 15 47 44 86 79 33 44 22 66 10 51 68 19 97 85 49 11 6 24 49 84 27 32 2 95 89 74 17 74 9 73 62 16 39 56 76 80 75 11 97 84 11 8 23 70 9 75 23 44 32 37 33 13 96 26 52 67 41 13 27 57 92 64 76 52 50 52 52 90 37 26 11 87 37 27 69 92 38 81 70 8 2 85 62 1 77 52 28 83 83 45 48 51 
25 42 58 55 4 71 81 96 43 77 51 95 51 67 19 76 76 56 85 36 10 37 17 62 85 54 26 12 65 8 56 19 40 66 28 57 1 14 91 37 0 29 22 92 91 45 12 90 33 95 12 90 89 53 41 91 26 50 91 59 8 63 20 5 25 64 50 22 40 36 7 35 6 50 3 30 95 68 16 58 8 0 4 0 75 52 38 67 86 94 38 87 3 64 6 73 19 78 37 46 
94 50 79 25 43 87 18 25 41 69 95 80 80 43 60 28 7 11 8 20 10 86 67 63 44 23 76 31 15 17 8 89 67 27 90 27 12 88 39 93 71 4 6 76 22 77 56 4 27 25 44 57 58 99 19 21 93 40 86 75 93 4 64 79 71 96 77 41 37 83 79 15 33 52 68 14 22 58 49 19 13 87 69 38 13 44 81 88 20 6 15 46 53 97 79 76 54 41 46 51 
25 69 65 5 49 50 62 43 56 49 37 65 46 76 68 3 77 75 85 95 91 69 11 34 47 64 11 5 95 37 60 21 37 21 1 40 37 25 63 93 87 23 99 2 46 65 16 76 4 53 75 72 46 38 46 12 46 14 28 24 83 85 12 35 58 85 36 33 91 30 43 81 97 55 24 18 65 13 53 97 35 44 72 78 31 9 21 37 44 63 73 87 43 8 88 21 18 17 97 26 
37 40 30 4 88 2 46 37 62 41 15 55 98 92 75 5 88 1 31 11 19 98 70 52 28 55 39 91 73 78 56 97 71 20 21 4 81 20 44 79 30 93 99 16 41 12 97 81 35 95 68 56 68 52 19 5 5 29 6 9 65 40 30 20 95 29 3 79 84 12 43 0 34 0 28 69 31 93 57 31 90 90 17 6 43 60 68 32 37 27 95 84 53 10 46 1 80 13 24 3 
61 50 9 16 40 55 87 82 22 35 59 41 42 15 57 15 83 35 74 87 27 69 5 74 84 73 12 15 65 77 28 38 55 51 24 15 84 37 90 72 88 5 79 68 82 85 64 14 77 28 73 53 80 30 64 57 59 88 45 98 27 15 56 91 71 3 12 13 8 55 47 37 54 15 42 68 72 41 7 18 6 32 11 82 4 78 61 87 30 20 8 21 46 83 76 18 61 69 44 95 
86 68 26 27 68 87 83 94 42 83 84 29 64 47 82 54 43 6 15 6 4 40 41 22 38 20 46 58 1 86 32 39 99 65 25 73 29 78 14 64 61 62 22 90 67 80 21 85 45 94 70 0 43 29 96 36 54 63 24 1 83 65 36 95 63 58 6 54 91 23 28 64 65 26 74 1 89 12 45 55 61 17 99 75 89 75 70 95 52 4 97 82 86 91 29 41 62 46 20 64 
24 27 60 76 98 13 90 70 84 66 44 76 76 36 72 18 75 37 6 67 22 54 10 57 12 24 89 59 20 54 20 50 21 9 22 86 0 48 45 93 98 35 25 60 18 7 52 97 89 52 89 85 61 21 69 59 79 59 79 24 28 33 13 36 30 87 11 5 86 50 80 46 57 58 69 51 43 73 96 28 35 27 17 79 0 70 81 38 60 41 36 79 47 88 7 98 46 25 26 48 
73 93 25 54 78 44 38 25 51 2 58 47 5 47 1 78 9 85 71 95 83 13 78 2 78 18 66 28 23 92 51 97 13 77 10 91 64 44 71 59 5 55 17 34 10 35 94 47 90 45 69 78 91 0 32 32 18 76 55 66 99 68 46 27 98 23 27 46 5 51 16 91 10 48 18 21 47 88 62 44 85 51 26 52 18 61 71 77 42 73 29 0 31 68 16 18 52 15 23 28 
7 29 38 95 6 20 95 56 4 78 48 98 40 63 90 63 14 1 46 77 89 46 5 2 31 53 76 78 70 20 78 87 67 17 8 41 33 4 51 99 49 84 8 2 0 96 74 41 52 27 17 0 2 23 30 92 95 86 55 83 85 35 0 61 1 64 10 71 39 19 75 31 6 90 43 47 16 90 13 28 24 92 60 54 30 51 12 7 42 76 92 41 1 43 26 4 41 21 77 51 
72 14 25 10 54 26 96 56 42 10 7 86 73 52 28 39 57 39 51 97 42 35 3 93 22 57 14 82 10 53 80 51 15 89 48 13 22 57 23 19 36 44 85 57 33 6 16 24 35 18 80 64 85 18 84 9 88 8 63 14 50 92 39 74 25 39 24 65 26 26 60 91 55 3 34 99 86 27 65 43 19 45 90 22 80 53 8 94 46 53 86 95 19 49 18 84 94 49 58 40 
6 46 88 92 99 92 38 87 69 26 61 29 39 31 33 5 59 42 62 85 10 76 1 79 66 40 26 81 82 90 17 60 82 76 26 10 32 34 77 9 74 92 70 47 89 81 26 91 69 62 6 52 98 12 51 25 91 22 83 29 20 98 97 32 97 42 15 61 89 82 24 69 77 84 68 95 34 55 44 46 16 96 85 29 63 25 5 81 81 27 19 60 10 27 22 75 49 84 98 65 
44 43 46 55 41 39 41 35 46 36 91 81 86 1 14 82 29 37 30 75 10 26 80 2 54 91 9 59 84 80 35 38 39 50 40 3 84 97 55 30 60 68 67 88 56 76 93 13 23 21 86 51 36 32 85 51 93 94 74 3 7 79 94 60 19 91 65 33 8 41 86 7 54 85 65 46 22 59 99 16 11 48 93 69 40 64 66 99 71 97 55 75 38 76 92 15 0 45 37 77 
70 95 56 28 38 40 8 13 99 62 15 93 91 8 4 37 22 83 36 75 36 52 58 59 20 36 88 47 97 17 40 19 9 57 67 16 29 16 45 64 21 74 9 71 32 17 94 80 65 57 50 1 67 2 78 19 15 66 19 5 36 34 47 24 27 28 94 63 43 83 23 55 10 87 58 46 42 16 72 4 43 93 40 2 53 11 8 3 37 48 67 31 71 81 97 6 34 59 94 93 
67 69 14 27 7 36 48 78 28 33 4 30 82 39 19 35 18 73 2 75 19 2 26 3 99 1 54 30 68 64 2 62 63 27 18 30 8 30 14 27 40 23 52 31 27 20 10 22 18 65 42 47 85 57 36 95 48 59 11 73 83 39 62 58 53 1 32 5 25 16 65 85 56 99 8 25 42 32 81 17 17 30 40 16 6 17 11 85 21 79 55 30 87 49 66 33 70 22 47 4 
93 87 91 76 29 28 90 82 79 46 45 39 46 26 31 56 12 57 49 44 88 76 70 44 10 38 15 43 14 51 83 28 34 71 27 56 83 3 44 21 42 39 93 75 75 41 83 29 81 30 21 79 87 18 69 9 31 85 56 36 89 67 85 27 18 39 49 50 42 7 13 73 90 99 61 75 42 20 56 73 14 91 12 96 63 39 87 64 85 46 13 33 35 75 96 35 74 3 50 76 
33 81 66 56 32 81 62 90 20 95 7 82 99 41 17 98 28 52 92 68 93 19 91 80 59 74 52 98 82 17 97 23 21 25 34 1 0 21 55 68 21 57 87 94 39 51 44 21 34 40 81 59 27 6 69 94 10 49 86 50 73 38 70 76 75 58 9 88 10 92 44 25 60 23 8 31 64 34 45 1 96 33 76 60 82 51 8 24 36 44 89 2 37 1 26 85 96 93 48 81 
34 10 9 73 55 32 42 32 52 14 85 6 8 55 96 7 40 39 42 80 89 26 49 81 8 79 36 4 95 1 29 56 27 94 11 92 92 81 26 80 0 14 3 68 24 91 86 52 31 29 57 76 93 55 83 69 83 55 12 12 15 75 67 41 98 9 21 94 60 89 56 13 96 39 56 19 77 77 56 99 76 22 44 23 3 80 34 89 70 83 83 24 67 66 95 48 79 90 56 23 
23 69 90 82 12 96 71 91 95 44 73 65 47 22 76 97 84 9 42 17 4 59 16 90 4 83 51 65 50 82 74 88 40 89 14 87 72 2 60 81 81 12 1 48 72 44 68 5 32 70 71 45 3 20 59 21 78 25 62 37 83 1 49 63 81 40 75 76 87 48 43 83 41 27 1 65 95 9 16 93 51 85 18 45 37 10 9 29 77 81 48 50 97 38 33 57 80 7 50 13 
22 31 53 27 81 54 24 12 15 80 93 64 77 33 6 41 31 80 68 58 97 31 98 45 38 62 84 43 78 97 41 46 29 55 1 71 14 88 87 38 17 58 81 26 17 16 88 37 97 55 87 52 97 46 87 43 64 8 44 59 15 39 82 4 80 67 7 9 84 11 32 69 73 87 79 15 49 27 38 54 31 2 91 51 79 55 23 46 60 92 65 43 39 24 33 65 31 51 40 99 
79 63 97 51 43 18 24 3 87 49 2 26 52 26 22 31 9 9 11 8 57 68 41 30 97 29 81 22 25 36 75 99 82 41 81 79 35 39 2 27 48 22 48 6 30 7 63 32 28 53 78 64 45 30 82 23 43 58 42 20 27 22 72 96 18 1 13 24 16 19 12 53 83 48 39 95 87 68 42 26 75 50 16 93 66 14 40 92 95 38 28 13 53 17 63 13 15 86 48 16 
36 94 26 82 86 13 99 7 36 1 0 50 64 93 46 33 13 29 9 68 14 17 44 79 7 67 61 72 1 1 70 94 65 79 65 14 47 29 16 76 37 12 56 42 41 30 47 63 66 91 35 83 28 40 93 72 13 99 58 24 44 5 56 78 28 27 60 82 64 69 38 81 41 74 71 4 91 32 31 47 93 91 37 37 32 71 35 66 10 7 88 89 44 15 49 8 68 98 19 48 
35 24 74 53 18 6 87 2 70 96 66 65 14 93 80 26 96 33 26 12 32 95 65 51 8 39 81 72 15 27 99 10 28 47 96 2 90 29 58 74 66 41 53 77 68 71 38 46 90 71 55 49 25 41 48 58 45 76 48 38 19 90 95 63 17 46 2 91 66 46 47 82 6 44 19 63 16 66 2 57 87 25 65 27 26 62 5 95 67 14 11 26 17 36 19 34 76 88 54 96 
74 91 63 60 56 72 85 79 38 37 69 55 31 22 65 49 23 20 53 40 22 66 53 68 97 89 60 85 19 62 39 41 29 12 93 71 82 86 1 37 98 6 85 33 1 78 26 31 23 79 83 42 61 72 23 48 3 44 17 39 24 15 10 2 69 62 1 11 85 65 46 26 84 77 37 81 15 38 76 5 92 47 68 45 74 55 95 66 31 42 34 56 12 84 42 3 12 69 0 76 
73 18 57 20 67 23 93 24 91 2 43 51 40 3 86 30 83 4 39 35 60 26 67 92 34 1 43 48 67 0 9 57 22 41 4 40 73 28 98 19 86 93 80 2 4 71 3 3 17 58 23 85 95 17 85 3 52 81 13 25 30 64 28 52 43 21 82 91 12 79 43 52 92 92 70 68 4 12 55 10 8 18 37 62 24 6 99 9 56 0 17 38 13 76 1 17 53 3 15 27 
85 9 60 81 5 71 22 78 47 62 24 58 88 8 3 92 55 94 34 66 79 96 78 8 51 93 85 10 72 90 88 50 8 53 98 57 56 56 6 8 95 64 40 86 60 75 73 21 16 57 57 58 53 90 48 1 98 79 79 20 52 39 16 43 20 56 12 31 83 38 24 87 94 3 42 36 65 56 53 40 54 42 16 5 50 97 40 35 60 37 95 3 21 69 71 41 78 5 6 57 
20 91 72 53 45 2 83 11 48 14 53 24 70 6 35 92 41 90 65 8 98 47 26 48 38 21 57 94 27 25 28 50 44 84 68 32 0 62 22 83 18 2 4 63 20 76 51 65 4 32 23 38 24 27 71 41 37 59 75 65 97 48 35 94 66 40 66 62 66 54 3 20 62 63 71 64 8 57 43 41 17 41 15 19 5 70 11 67 16 70 80 2 72 17 30 1 68 8 10 1 
69 91 43 25 31 30 41 47 98 92 39 1 97 97 0 33 95 43 68 79 48 35 29 69 22 45 30 19 0 95 42 84 23 29 4 33 12 94 66 84 34 2 76 92 96 33 98 43 64 19 48 59 5 89 37 74 69 19 94 28 48 98 28 99 25 59 33 77 34 72 26 27 15 11 37 25 1 9 58 89 5 81 63 25 66 93 12 81 59 4 58 40 38 36 67 46 27 18 11 54 
57 36 62 44 30 50 46 78 74 40 59 34 66 51 39 24 44 66 62 66 86 35 74 31 95 54 16 76 37 49 72 96 13 81 45 87 83 28 76 94 41 99 37 20 74 89 14 36 56 49 20 85 67 89 67 78 82 56 94 91 79 33 91 99 70 28 36 89 2 24 78 16 35 49 60 70 19 68 35 8 20 73 45 82 69 85 44 87 33 97 81 6 96 61 56 28 99 88 30 96 
30 27 12 18 88 47 25 60 3 32 31 18 60 96 30 46 18 12 89 35 18 97 21 86 21 66 68 41 9 62 11 9 69 64 50 75 8 37 87 43 51 96 5 77 70 31 89 47 20 38 63 95 42 62 19 9 6 16 34 68 44 77 63 41 69 40 13 23 66 54 63 25 75 21 5 29 45 48 4 75 4 34 5 37 49 90 38 40 87 26 78 99 84 14 95 18 35 62 92 70 
75 90 67 59 71 38 27 14 16 43 15 32 86 49 67 67 15 1 39 55 88 80 33 60 81 48 78 54 59 83 64 52 48 98 5 81 90 88 12 9 52 67 88 4 66 34 14 20 91 76 76 83 88 39 78 41 86 77 44 7 52 59 79 38 34 18 81 76 38 19 7 52 93 65 57 93 99 86 17 99 62 82 99 98 48 71 1 32 93 86 21 87 80 89 36 30 88 13 57 78 
69 82 77 48 46 1 78 49 27 72 96 38 49 16 88 25 88 16 71 20 24 89 34 53 25 78 40 61 33 40 27 37 28 73 60 69 25 34 37 71 76 69 84 72 10 26 45 41 8 56 66 61 12 90 31 45 24 73 81 32 28 47 43 15 11 62 42 20 40 76 84 39 27 61 20 97 73 55 40 33 68 50 45 7 88 80 90 50 37 95 86 73 2 33 19 98 33 58 87 35 
80 36 26 53 80 71 24 81 36 68 37 72 7 56 41 10 22 76 85 10 40 35 99 50 23 62 65 45 0 80 1 48 29 42 36 57 90 96 96 20 33 20 54 80 91 14 4 54 20 22 19 76 60 98 77 25 91 51 21 67 30 13 70 61 47 45 45 79 63 75 45 74 2 92 81 28 66 69 57 55 91 81 53 84 19 92 47 28 46 76 49 62 36 96 94 40 26 58 45 31 
25 21 26 75 81 87 29 0 37 5 5 29 79 41 45 55 15 64 89 85 63 36 79 5 46 95 79 16 97 80 60 5 21 53 4 47 14 34 7 96 24 81 26 24 68 51 82 55 73 6 91 90 19 20 66 20 39 58 47 52 25 72 7 77 87 32 89 87 51 53 50 68 2 98 50 53 74 47 9 33 68 15 86 70 98 75 59 83 21 38 61 46 82 14 29 71 39 58 39 81 
71 83 90 48 1 28 13 62 52 88 72 21 98 95 18 81 84 6 36 18 42 31 2 25 40 13 66 60 84 74 54 58 29 25 19 48 35 18 29 28 27 63 70 68 9 94 77 47 97 76 8 29 15 36 21 17 75 65 87 66 47 60 76 39 14 70 90 68 37 24 60 64 27 44 71 36 71 26 97 24 28 3 36 4 64 62 18 82 66 27 87 27 40 73 99 78 50 99 86 52 
31 75 46 8 16 66 36 71 6 22 57 68 39 96 54 48 5 24 5 12 62 7 22 61 95 45 55 65 68 83 52 96 88 7 33 6 94 49 16 67 54 48 14 63 92 89 85 79 37 79 71 31 84 76 45 74 64 11 90 19 34 19 22 9 70 63 87 29 64 78 95 2 45 76 2 65 56 6 81 66 50 59 15 95 49 27 3 48 83 84 30 91 14 91 98 85 91 60 12 84 
