23 75 19 89 38 17 99 65 87 65 17 54 34 61 91 90 27 19 88 66 96 90 79 7 97 38 60 67 72 19 75 16 72 60 97 66 52 27 56 19 84 12 70 66 84 84 1 8 24 15 73 11 14 32 55 12 70 7 53 4 19 7 86 41 18 91 83 74 12 47 81 60 63 47 53 90 61 35 90 23 25 27 30 87 90 69 15 75 53 45 79 1 57 60 14 76 45 76 48 91 
42 26 79 24 41 17 5 63 83 23 96 43 35 46 29 80 96 56 24 34 64 94 95 55 32 37 5 43 40 46 24 79 53 56 68 47 66 31 98 67 52 27 37 77 90 41 32 24 83 22 21 24 85 58 16 72 6 75 14 36 61 89 72 77 79 68 46 65 58 88 61 71 61 0 9 27 34 19 67 2 61 34 26 81 41 98 86 78 96 45 10 6 66 51 14 12 2 35 89 79 
8 9 85 92 18 74 51 66 10 34 16 82 24 69 4 36 20 30 14 47 6 64 72 77 52 65 69 90 59 36 48 87 10 73 58 60 55 48 15 99 0 66 29 75 17 43 61 23 18 97 63 37 23 55 56 65 19 94 46 2 42 24 87 54 90 85 61 57 52 99 65 92 22 56 17 15 44 79 20 41 67 64 65 50 61 47 99 58 2 88 87 84 27 94 82 13 17 73 69 78 
80 10 74 15 29 32 81 13 88 78 10 50 66 86 9 76 78 12 47 72 74 87 27 24 77 47 22 26 59 52 22 3 60 74 61 34 12 81 56 65 59 7 9 50 20 44 14 50 59 25 27 23 12 24 95 26 10 59 37 55 87 67 17 23 4 86 58 83 33 80 66 15 47 83 4 34 69 41 92 24 40 7 72 95 58 55 82 6 60 13 6 27 11 81 17 20 4 87 42 93 
86 64 35 88 1 89 95 96 57 6 52 66 9 49 0 36 96 91 40 0 52 97 82 70 9 87 74 81 12 89 63 27 41 90 80 26 85 86 59 61 96 91 64 60 74 84 34 91 44 36 17 25 93 45 99 75 62 96 40 18 59 11 56 83 32 74 44 54 87 78 51 89 69 3 91 38 30 19 14 6 56 88 22 11 49 90 68 0 22 81 28 51 71 82 30 20 31 23 35 12 
10 36 40 37 66 11 26 80 58 35 89 58 58 61 58 7 98 83 14 4 77 69 77 20 86 1 39 2 84 34 18 89 47 76 68 27 37 70 23 18 94 88 18 28 76 99 57 42 46 5 68 39 50 13 20 14 33 45 50 53 1 26 92 87 10 23 93 17 78 97 97 96 90 5 41 86 6 35 80 62 11 19 10 97 3 25 87 3 91 29 8 33 0 79 45 96 99 5 19 25 
19 27 92 43 90 22 7 78 86 24 46 61 69 91 96 30 66 68 4 4 98 10 99 66 31 95 30 82 62 61 20 5 23 57 45 69 17 84 11 43 51 83 71 49 50 94 31 91 72 35 55 22 36 51 94 8 15 0 94 99 7 68 58 44 25 74 23 67 88 75 93 20 72 48 36 20 33 79 58 30 24 73 86 39 50 57 70 16 79 42 45 78 89 46 68 58 98 55 54 46 
35 51 38 15 30 14 44 81 53 98 6 32 96 23 75 21 96 72 85 76 17 98 20 3 53 18 63 30 82 0 95 28 46 78 40 31 1 70 27 56 63 85 73 82 98 12 90 50 58 83 38 41 95 31 82 5 31 20 2 78 57 32 61 55 93 63 42 72 69 55 17 17 39 73 77 58 75 61 29 56 32 47 77 0 78 31 91 98 71 25 21 49 3 4 32 14 67 52 61 38 
21 6 3 51 72 9 42 77 11 82 18 53 5 67 27 35 38 7 67 45 45 81 68 55 3 51 81 76 18 65 95 65 11 79 36 64 44 75 6 52 58 42 81 3 50 16 91 32 51 65 95 90 8 43 72 44 78 6 11 27 8 64 51 53 33 57 29 76 53 99 19 62 4 65 96 17 59 41 81 38 25 33 50 61 5 72 68 61 52 89 18 70 58 82 18 66 80 12 57 21 
88 46 73 14 8 69 77 87 12 99 26 68 39 27 37 3 64 7 41 16 53 43 26 21 40 97 58 37 19 73 56 48 53 56 6 90 31 59 95 89 73 86 93 4 46 90 23 70 1 89 50 50 9 4 88 16 77 57 49 60 84 96 54 93 8 76 68 97 6 34 83 15 25 37 98 25 98 18 36 39 88 38 67 39 87 65 19 67 51 22 11 32 81 56 80 36 65 95 54 75 
66 80 4 37 78 97 1 75 51 4 32 66 76 45 76 60 24 42 96 42 56 51 10 50 16 22 53 42 23 40 5 32 50 9 46 11 18 17 75 34 65 60 28 24 11 6 74 15 92 42 86 53 45 20 56 36 35 54 21 25 67 48 36 40 65 90 61 9 26 90 67 42 35 89 39 99 19 31 64 46 67 30 89 28 90 38 5 20 83 66 93 79 37 95 43 71 54 51 62 84 
65 79 42 43 26 56 69 29 49 65 34 55 61 61 33 48 46 61 23 92 79 1 76 50 89 32 34 61 66 7 56 6 53 93 35 77 42 76 55 32 36 63 45 80 90 12 39 71 27 80 88 10 77 21 66 64 3 15 94 14 17 99 79 92 92 43 30 52 55 94 60 10 2 51 71 56 37 55 22 7 59 96 92 29 99 15 28 96 74 77 86 98 95 26 28 11 7 54 59 72 
37 9 76 14 53 65 99 83 59 49 62 14 95 84 65 37 38 26 81 5 56 58 18 14 87 77 94 77 42 18 59 42 35 46 56 7 50 50 26 96 80 78 96 66 71 93 57 21 26 27 77 65 51 1 43 60 55 63 65 56 93 70 17 32 31 53 14 7 9 53 26 93 96 52 27 53 10 78 91 3 95 9 61 31 16 63 60 2 61 57 90 62 76 23 61 80 75 33 61 77 
62 0 54 41 2 32 15 13 22 36 68 34 12 89 40 75 62 4 9 38 70 51 8 25 58 56 68 16 20 50 98 61 29 52 75 0 68 13 85 1 1 71 35 30 19 10 14 85 87 91 47 98 86 64 27 24 32 30 21 78 58 26 27 23 17 51 64 3 96 37 88 84 32 94 84 75 22 69 47 29 73 0 37 8 80 36 12 19 6 8 52 64 16 34 7 39 19 9 77 8 
27 76 4 52 15 90 19 54 2 22 64 59 89 80 23 34 62 69 21 86 40 63 6 72 24 45 59 69 15 78 78 44 73 59 41 36 74 50 21 9 7 48 16 43 91 55 94 99 42 16 81 17 86 7 66 65 16 49 1 90 37 53 12 3 10 38 36 20 17 43 49 25 20 52 51 66 91 88 17 94 69 96 5 56 43 27 64 7 93 62 43 56 5 98 2 46 57 20 52 36 
71 40 7 79 99 61 46 22 81 84 68 81 27 75 39 23 33 16 12 94 31 57 93 76 59 58 48 27 67 73 50 32 17 90 12 81 66 60 36 28 12 22 72 15 71 85 90 58 98 77 99 18 69 98 18 71 54 49 95 3 28 87 81 72 59 81 23 76 50 24 54 49 85 55 27 84 59 43 91 17 31 83 88 7 57 72 78 79 71 90 98 99 68 43 29 37 49 8 12 41 
47 54 58 27 56 74 48 12 17 25 40 68 47 17 92 85 73 24 1 54 74 82 61 66 47 80 70 17 95 7 64 51 24 6 38 92 33 16 24 83 10 34 59 0 48 36 34 44 6 21 35 30 83 60 61 23 64 92 9 25 24 23 6 9 19 27 10 86 44 53 25 86 70 90 4 11 20 71 46 40 76 60 29 93 1 69 25 60 89 67 45 22 49 72 10 25 6 21 48 71 
68 0 62 3 37 79 17 54 68 91 40 29 43 20 59 10 85 28 53 24 92 14 74 46 6 45 29 70 26 85 62 18 42 46 27 87 15 71 76 94 56 44 9 0 66 10 59 96 48 30 26 67 14 1 85 91 79 7 58 48 95 71 51 87 86 54 25 87 79 94 53 13 60 45 52 3 10 30 95 49 52 7 70 4 35 19 61 95 8 66 37 27 61 23 76 13 40 29 35 17 
10 5 42 9 16 91 49 27 12 99 26 84 81 34 56 17 34 85 14 12 20 33 86 11 75 71 28 90 32 14 17 27 92 11 5 61 7 45 93 57 74 29 73 97 73 91 29 85 97 2 85 49 29 96 34 0 63 46 59 85 74 26 76 27 9 50 61 97 74 84 51 8 68 94 51 64 50 68 19 57 42 35 9 89 97 48 24 94 47 58 13 18 33 93 91 31 17 11 63 28 
9 87 39 95 76 83 36 49 90 26 61 7 62 39 50 70 13 61 77 57 24 15 99 57 62 46 58 49 7 44 18 48 92 11 82 4 8 83 68 92 55 36 39 48 49 23 64 43 13 74 87 89 26 79 88 55 1 25 82 59 8 57 66 0 19 20 15 78 81 36 48 54 26 40 14 56 98 91 72 40 24 4 0 18 52 71 9 10 42 12 46 36 52 13 40 40 77 81 90 64 
15 6 67 73 74 90 25 40 47 2 21 77 92 43 36 9 44 70 52 3 96 92 10 88 39 33 2 8 4 38 63 8 34 50 86 42 21 11 89 38 94 37 88 18 11 86 62 88 8 73 75 67 65 96 14 55 9 29 43 28 90 45 43 89 98 48 51 98 9 35 32 59 80 71 76 12 2 5 18 49 53 11 90 12 99 94 43 9 33 36 12 37 48 91 77 47 66 39 12 27 
67 1 96 8 81 1 49 85 69 13 96 50 63 30 75 72 3 26 24 22 25 14 23 21 73 11 94 58 40 16 41 3 75 22 1 88 77 50 35 50 35 30 28 85 54 38 0 53 69 77 34 30 63 81 83 17 51 75 65 99 54 98 72 8 37 21 5 70 15 63 23 67 78 15 27 9 45 32 65 53 40 7 56 5 32 10 28 78 52 99 74 40 81 62 71 80 4 91 86 56 
81 75 60 13 28 69 49 45 93 68 64 10 50 11 86 79 51 0 55 2 33 36 17 22 60 7 61 33 54 99 95 13 61 16 26 46 2 67 60 83 94 57 19 18 81 30 0 89 78 4 23 39 70 50 35 81 73 58 63 33 13 58 97 9 84 67 94 72 4 90 6 42 8 68 81 52 6 43 51 97 71 5 84 87 27 40 11 22 66 63 92 31 94 16 99 75 74 70 63 49 
21 93 46 10 35 28 63 64 13 3 70 73 60 5 87 28 52 19 9 79 56 93 88 55 65 96 89 77 30 25 29 47 99 9 49 3 79 54 4 62 14 5 65 11 79 64 75 24 16 66 38 90 31 45 92 17 13 31 63 10 54 87 17 89 32 6 94 73 11 53 4 66 4 50 93 9 60 67 52 21 8 42 49 85 15 70 98 81 44 24 2 7 48 69 10 43 37 63 73 4 
40 58 28 44 1 14 49 61 45 90 50 14 36 78 6 66 35 13 73 55 84 56 89 26 21 43 56 60 82 65 22 44 78 93 66 16 75 80 45 97 76 32 30 11 64 11 54 64 57 9 66 35 14 46 93 28 81 36 95 10 23 3 90 41 41 1 4 82 47 68 2 76 63 82 16 4 72 57 76 74 43 83 63 93 34 87 57 73 75 32 64 76 68 10 36 76 12 55 58 58 
60 47 54 22 88 55 54 69 63 31 40 62 66 82 43 90 60 14 69 22 21 76 62 90 44 61 64 59 49 46 67 45 44 85 80 94 4 88 26 62 91 97 22 87 98 15 42 64 99 69 97 61 37 0 46 33 68 37 91 4 6 63 3 21 81 62 65 50 62 77 71 55 30 57 43 13 83 78 65 68 44 65 54 15 80 59 71 67 40 26 8 85 80 45 30 83 73 28 15 45 
56 73 89 36 9 16 2 64 64 58 39 11 7 28 27 41 42 38 17 41 48 55 23 48 67 61 9 80 42 46 73 99 44 52 77 78 75 93 12 32 58 0 88 43 52 86 52 58 51 72 96 79 0 60 85 63 35 99 27 34 60 82 64 69 59 83 26 95 62 42 28 9 85 39 65 2 63 78 9 53 74 58 13 30 55 54 89 76 87 74 68 27 93 76 54 5 1 90 21 92 
56 95 82 52 33 36 49 71 80 81 55 44 45 16 99 48 26 53 7 90 96 22 41 82 52 78 26 92 38 20 8 54 66 89 54 15 26 6 48 49 26 47 94 18 70 21 50 10 17 48 92 76 7 9 52 75 72 9 37 82 45 78 65 43 52 4 69 19 91 90 67 22 78 3 4 23 22 42 23 9 44 4 39 72 97 84 4 61 74 32 89 24 64 96 60 45 58 55 26 21 
30 20 69 85 0 13 79 75 12 70 33 48 15 61 88 17 17 26 22 82 66 84 97 0 9 25 91 54 20 39 73 35 73 83 46 54 44 86 22 21 58 21 28 50 89 98 91 75 54 1 32 57 40 44 21 24 61 9 84 52 21 87 35 83 61 28 86 89 46 38 14 44 74 1 13 53 80 35 13 18 63 33 17 26 43 94 98 42 40 17 62 66 2 40 47 79 66 54 6 38 
29 88 14 21 82 72 22 8 86 69 61 42 1 71 26 5 76 94 43 0 33 41 6 8 55 13 89 9 31 58 81 93 2 33 62 97 4 54 22 87 92 32 24 15 32 55 30 66 92 45 48 9 2 64 27 38 92 63 22 51 38 23 84 98 29 8 38 84 69 28 34 38 70 35 97 34 88 80 1 58 28 51 53 44 73 91 97 96 45 50 81 55 69 90 13 45 26 26 71 90 
72 94 80 29 79 27 24 29 69 34 67 47 47 95 43 83 11 53 48 42 33 13 50 0 45 26 67 7 29 3 0 92 15 11 39 76 65 64 25 61 14 95 89 14 92 30 10 33 84 39 45 16 26 60 54 30 22 88 31 42 93 30 41 28 64 95 88 75 58 12 1 95 64 29 86 59 62 51 60 2 64 61 75 6 50 45 63 57 91 88 59 19 60 7 91 40 28 88 97 42 
75 74 27 53 63 64 6 63 10 95 79 26 58 18 23 16 82 57 64 57 50 97 94 31 92 40 21 98 47 19 65 37 56 64 27 65 59 81 94 84 40 38 94 13 75 6 4 2 85 31 14 38 97 76 12 76 38 74 83 8 69 79 85 40 56 67 66 53 68 55 53 36 44 31 45 99 32 74 22 65 13 5 55 8 1 12 82 76 97 0 74 4 41 78 79 12 21 10 23 75 
45 15 83 78 34 30 21 52 10 98 13 23 0 59 2 75 34 14 99 66 27 75 1 92 16 52 30 59 13 26 86 22 80 85 13 53 73 68 81 77 64 41 10 77 3 50 19 76 4 81 55 93 66 70 16 71 15 30 14 43 17 58 59 14 31 8 62 19 47 17 70 4 49 60 4 76 34 38 11 49 54 38 70 59 43 95 84 41 96 28 40 34 69 87 19 39 63 21 50 83 
26 56 70 34 92 99 79 86 89 90 65 31 69 33 93 79 6 98 11 34 19 53 39 26 56 68 25 48 75 83 53 1 99 74 83 0 90 96 20 21 84 19 41 27 97 69 99 81 87 72 56 82 50 6 75 21 60 66 78 63 69 47 80 77 45 62 17 32 7 46 2 76 86 40 84 67 94 79 25 81 74 45 44 49 23 42 5 41 71 85 25 99 51 85 66 67 26 25 90 60 
47 99 61 63 88 10 45 89 84 14 38 71 6 92 89 31 76 74 79 89 42 0 58 41 98 96 72 71 60 35 4 78 82 64 65 77 30 28 20 56 59 83 30 63 76 22 10 88 47 73 48 17 73 32 13 3 86 68 57 9 48 11 3 84 19 40 7 28 8 99 86 67 50 57 89 49 33 59 7 48 80 68 13 25 20 72 39 66 99 50 73 49 82 74 5 1 71 84 10 75 
38 35 30 88 90 25 0 73 6 25 25 71 57 75 16 97 27 21 95 10 21 78 68 39 2 55 12 89 54 75 23 26 87 91 84 46 83 70 74 24 82 91 51 50 61 5 20 33 85 50 86 16 39 11 83 79 72 27 35 71 84 54 25 69 77 59 25 37 69 34 52 76 68 31 54 39 75 91 82 13 43 76 58 26 46 70 57 50 7 65 31 41 49 12 88 12 50 9 71 89 
56 42 64 50 55 94 44 64 56 88 24 1 5 86 41 86 34 63 18 14 8 26 99 86 40 38 48 76 99 46 61 26 91 20 76 19 88 35 79 11 32 81 61 9 23 10 7 70 3 88 63 85 99 33 19 94 19 8 34 63 39 57 0 76 88 44 44 33 31 86 27 70 31 37 70 66 5 81 70 20 53 72 79 89 52 55 47 86 80 53 69 26 4 96 14 63 1 49 54 98 
4 17 98 59 84 89 89 14 10 45 28 42 19 25 46 4 31 0 88 48 60 34 73 2 80 59 2 43 82 96 52 65 78 38 86 32 60 21 17 46 87 86 52 78 43 88 45 57 15 47 85 97 95 30 27 5 76 51 44 4 61 1 13 97 43 69 26 72 64 76 50 7 36 27 95 99 35 88 47 51 73 21 99 17 56 14 38 37 52 52 29 3 29 3 74 80 77 3 99 31 
37 22 9 15 9 69 84 73 72 78 52 16 93 17 64 93 89 49 10 44 52 45 60 58 85 2 66 45 9 40 64 89 58 52 13 16 14 16 27 40 73 1 57 87 79 72 62 39 4 88 8 60 44 59 82 55 62 51 49 72 58 51 21 94 74 14 6 61 75 15 77 0 56 58 48 20 95 97 53 69 18 75 59 95 47 25 53 12 0 66 8 57 62 20 22 62 36 79 28 53 
7 18 64 53 11 40 16 87 53 9 39 29 50 45 15 79 66 52 43 47 39 14 61 12 75 69 92 37 97 12 16 82 7 90 62 67 96 64 34 72 84 4 38 33 90 91 61 23 29 87 99 42 54 24 51 29 75 59 2 31 81 1 66 83 95 63 27 74 40 66 48 11 77 9 73 24 61 60 72 19 80 19 14 79 95 11 15 88 24 61 69 88 16 89 68 72 43 80 86 38 
74 77 25 88 72 68 21 77 26 93 56 43 83 12 23 5 76 20 23 77 71 49 51 84 30 44 76 49 42 58 19 56 1 18 29 4 25 27 61 70 50 21 77 87 25 33 10 0 18 15 66 40 19 11 91 96 58 59 37 30 38 20 78 90 24 32 53 5 51 7 21 10 1 97 32 91 44 62 68 40 77 51 68 66 58 36 2 94 2 18 28 79 29 31 96 1 53 88 16 24 
16 39 10 5 82 68 76 75 30 49 68 72 12 76 82 25 62 24 82 88 0 28 83 44 32 95 16 50 30 45 35 74 2 21 43 59 3 35 30 47 28 19 26 39 53 95 51 75 60 82 2 48 97 86 4 21 51 91 62 95 3 52 84 49 50 33 16 44 6 58 68 92 1 39 2 14 98 4 51 82 0 55 82 12 36 47 83 87 77 72 99 30 90 17 69 63 52 24 69 32 
72 20 37 80 3 15 5 6 84 18 83 68 18 30 50 50 35 56 75 36 56 97 6 10 78 3 90 74 83 86 23 23 17 30 34 28 0 59 82 23 15 82 10 99 33 4 47 64 44 85 64 77 82 35 71 90 22 30 73 24 45 82 5 54 97 19 93 37 53 60 97 1 99 96 24 61 55 44 61 89 84 25 58 3 40 25 31 28 83 47 76 40 52 20 91 59 0 8 69 57 
70 14 23 81 47 51 78 17 42 59 86 25 15 61 66 53 34 52 96 43 25 54 46 94 9 78 2 35 85 44 86 54 47 88 11 97 9 27 55 51 11 1 0 4 65 68 55 50 52 35 93 55 80 11 32 73 8 78 1 51 49 32 89 6 68 59 26 86 35 29 27 91 94 25 54 90 30 10 53 0 69 75 87 16 83 68 37 87 25 12 96 1 92 64 88 11 68 10 74 17 
78 89 34 85 78 64 81 15 77 13 16 58 18 72 96 10 7 36 33 87 55 49 76 51 82 91 90 48 4 66 41 88 29 90 9 93 37 21 92 7 79 87 65 91 79 5 75 53 97 77 12 9 84 64 40 95 90 89 92 77 52 90 26 1 18 45 11 27 29 9 71 94 40 36 12 53 88 59 61 61 27 47 35 6 46 74 96 27 94 24 20 74 72 91 70 19 71 53 97 47 
3 15 54 4 40 89 31 11 1 93 36 83 13 28 21 44 98 35 69 74 36 53 65 99 16 45 60 74 58 75 14 93 55 0 18 97 91 66 92 49 26 40 26 97 77 21 83 40 84 78 90 96 33 23 44 60 47 39 96 93 13 91 74 57 41 63 50 30 8 74 58 31 58 7 3 48 69 89 95 58 63 8 3 49 69 4 0 13 59 1 19 6 76 8 85 12 64 13 18 61 
13 13 58 41 10 75 13 17 51 81 31 83 20 68 64 57 0 92 41 30 90 33 52 76 25 90 80 80 49 66 35 80 92 41 42 39 86 99 86 78 13 76 87 73 24 47 10 44 13 40 67 99 1 8 27 59 71 91 54 67 44 45 56 41 74 3 28 42 38 40 94 9 56 4 89 78 29 37 84 30 6 56 75 24 39 77 56 83 29 88 99 23 45 47 49 34 86 42 92 40 
42 70 51 84 11 57 59 56 76 69 11 35 73 75 56 26 42 62 60 5 52 52 68 86 72 7 95 9 62 84 5 78 57 96 55 77 84 80 81 53 92 87 58 47 83 22 94 3 92 27 74 47 28 72 72 6 61 6 17 88 68 81 67 85 64 3 78 27 81 81 29 91 95 40 41 82 39 8 6 40 66 9 11 66 16 3 87 85 3 28 51 54 77 78 6 99 63 50 2 38 
11 87 13 16 15 48 48 92 47 10 63 6 88 56 25 82 10 15 49 38 43 32 9 91 29 43 11 46 74 34 25 49 54 83 64 15 9 42 52 94 17 87 5 79 74 83 86 16 76 8 23 29 45 18 20 47 72 99 65 96 69 63 22 30 94 80 11 96 17 91 64 2 94 28 29 25 56 51 42 54 79 3 69 6 25 27 20 70 50 63 16 75 44 48 10 48 82 79 45 79 
99 7 80 30 62 77 26 23 85 27 47 14 27 80 5 65 55 7 55 8 82 74 68 86 74 77 20 71 76 3 50 68 34 41 1 24 41 1 20 69 2 52 7 78 24 74 17 18 90 45 19 73 21 61 26 12 28 11 28 67 98 1 7 83 23 85 78 98 83 92 92 38 99 73 2 64 82 14 12 57 7 6 51 77 59 11 17 59 90 86 18 33 13 81 86 60 87 72 3 95 
83 99 53 60 88 47 90 87 80 83 98 26 2 89 31 96 88 5 34 10 32 77 23 67 85 70 29 47 95 42 49 58 35 30 75 42 1 2 9 58 35 58 72 85 59 75 56 74 72 75 96 65 13 33 86 66 81 89 96 80 42 42 31 97 37 49 90 76 21 9 6 27 35 35 65 6 78 80 29 20 10 48 51 72 11 77 27 27 75 49 14 8 75 93 45 19 89 6 63 34 
90 44 10 37 68 5 98 82 50 95 71 72 39 73 39 31 24 42 79 8 73 51 35 25 57 90 95 32 65 52 81 72 30 93 24 0 62 48 89 47 17 20 4 40 32 25 1 87 37 0 53 38 20 22 75 81 41 38 34 40 4 53 29 63 86 45 64 24 76 38 84 27 73 60 74 26 30 1 0 2 54 26 69 10 96 11 79 2 99 76 57 15 17 70 53 93 21 3 58 85 
11 64 23 88 99 95 96 36 80 88 29 89 98 77 96 83 84 58 82 70 23 58 5 29 17 18 95 63 21 5 47 91 3 49 8 52 98 48 67 72 97 67 78 8 15 76 77 44 74 94 84 7 89 73 29 50 56 5 23 26 88 63 46 83 56 66 37 17 92 44 94 72 64 74 61 68 67 60 36 51 88 39 14 91 96 87 25 15 86 65 68 16 15 34 52 31 46 86 2 37 
19 55 29 35 6 36 26 27 71 68 42 27 51 7 26 81 30 72 1 54 30 84 21 15 42 78 35 8 85 63 53 75 76 20 5 61 79 1 7 27 31 17 38 24 27 31 39 48 25 7 46 68 50 10 69 89 1 98 17 83 52 45 40 15 43 23 61 18 79 46 10 22 3 62 16 30 16 42 30 18 6 13 55 58 72 44 93 84 40 3 62 26 32 73 38 16 52 57 85 34 
1 71 95 18 30 0 44 29 21 54 73 26 84 17 4 86 65 49 3 98 30 76 40 70 81 7 20 96 59 18 9 41 15 63 84 38 73 35 71 5 80 75 3 28 89 88 82 50 29 42 39 41 92 10 73 84 87 34 49 82 35 77 42 35 91 3 31 82 16 10 20 42 35 38 49 60 71 34 20 9 3 99 95 76 70 0 93 67 13 99 53 51 42 15 39 12 2 63 15 69 
95 45 64 88 99 99 2 6 31 70 94 26 97 19 69 79 24 87 38 82 21 2 20 93 58 83 33 96 92 34 45 69 66 98 13 91 20 69 82 35 29 89 29 63 89 91 48 74 38 51 34 63 77 33 35 21 15 10 34 83 41 4 56 97 1 3 29 99 81 52 1 61 37 18 19 75 92 30 17 37 79 43 8 69 86 79 73 23 67 96 96 30 32 14 12 85 31 32 84 89 
8 78 72 17 87 30 15 90 94 73 87 56 37 23 73 32 20 42 10 40 53 16 23 27 50 0 73 50 1 34 93 7 87 97 94 51 58 4 2 96 47 16 30 39 50 29 16 44 54 55 11 94 96 50 58 0 87 81 92 18 83 96 48 63 15 85 67 28 55 93 50 49 74 10 14 74 15 98 37 65 70 69 75 22 45 92 57 99 99 42 52 38 29 47 21 99 56 7 52 90 
98 88 2 5 72 31 36 30 11 85 12 87 14 64 22 45 28 35 88 18 18 87 62 70 79 59 64 57 77 54 36 35 95 90 19 16 37 49 87 93 8 76 66 34 39 78 73 98 33 86 31 71 40 42 60 91 28 71 38 12 48 7 35 70 10 75 31 2 69 85 19 64 24 67 30 30 1 33 75 32 95 19 79 48 68 98 48 95 57 4 83 99 75 70 94 22 86 90 56 83 
72 22 45 96 0 31 53 32 24 13 68 49 40 90 32 64 7 29 18 55 98 81 81 28 3 6 84 33 28 92 18 8 18 65 8 51 96 48 21 58 3 95 57 96 78 56 36 71 97 36 92 64 71 67 98 34 76 0 5 26 56 8 84 27 50 45 44 15 92 33 72 29 4 6 5 5 74 17 53 49 86 78 24 93 84 70 5 21 14 63 21 41 42 43 70 21 49 80 18 50 
88 15 86 34 25 72 72 23 43 48 50 82 17 36 90 97 29 33 23 89 33 28 21 98 82 8 68 39 63 14 89 2 35 25 17 19 39 2 10 80 91 29 12 82 12 49 64 14 17 12 15 42 88 19 56 69 88 88 51 59 44 16 77 34 74 40 39 6 53 2 72 55 73 50 61 61 21 82 16 99 81 0 89 76 40 19 7 6 59 75 97 95 16 78 35 90 97 7 64 41 
45 64 33 8 0 4 40 99 37 54 41 84 9 69 97 59 17 0 81 45 84 68 37 90 2 83 69 62 16 47 50 6 93 40 30 48 33 98 94 72 20 78 32 89 37 90 40 55 51 91 46 2 99 39 72 87 31 36 22 94 63 24 3 84 14 37 66 33 24 38 85 25 97 54 72 46 24 16 25 61 77 80 34 45 0 6 88 64 35 36 23 74 21 73 70 19 65 23 65 72 
72 44 52 96 6 9 45 39 84 2 40 71 33 78 70 55 30 86 12 92 82 36 38 46 32 6 44 23 63 51 19 21 3 41 79 94 45 91 91 64 11 81 18 83 25 86 41 30 23 10 85 15 76 48 54 30 50 41 64 8 71 5 13 85 23 93 27 60 23 78 83 1 26 89 70 19 66 96 95 83 29 11 22 69 92 75 56 30 56 35 46 82 51 20 26 86 61 75 71 64 
48 96 52 14 65 5 48 9 4 90 77 43 89 36 19 94 40 9 90 2 77 55 82 21 69 25 62 26 33 32 59 12 32 69 91 47 19 50 57 43 87 79 90 20 59 99 84 26 34 67 98 15 35 75 49 65 59 71 94 59 39 19 24 7 58 10 54 61 66 15 4 79 70 89 66 76 50 61 70 2 23 25 16 51 64 39 94 90 94 35 49 51 2 97 73 16 44 86 91 98 
68 36 49 4 10 77 34 86 96 49 4 56 63 46 38 79 21 4 82 32 81 84 87 21 28 1 90 9 44 26 50 16 10 55 57 9 67 54 49 41 79 39 31 89 41 87 58 16 18 98 15 32 66 75 61 33 79 40 39 17 51 14 97 89 96 18 75 80 69 89 95 15 4 77 33 33 18 60 96 92 83 88 84 24 63 24 17 34 68 66 97 76 93 57 6 75 46 49 27 4 
52 77 17 31 27 80 44 89 59 0 66 89 0 19 14 78 57 66 34 58 63 34 15 14 65 88 69 76 39 77 81 65 16 35 21 61 92 47 40 19 26 71 46 70 36 74 15 28 36 33 13 16 83 9 62 95 5 62 76 82 36 74 18 15 0 2 78 57 62 76 7 21 55 22 72 79 16 10 5 76 56 11 88 4 70 62 77 83 79 28 13 28 53 51 97 38 13 11 81 55 
23 43 11 22 88 29 42 11 16 90 51 20 77 77 86 30 14 74 16 6 64 53 27 34 94 24 55 15 3 86 56 43 41 65 96 17 63 91 86 76 96 23 58 26 98 66 28 23 64 64 11 24 4 34 59 68 79 55 71 92 82 38 54 53 41 98 48 0 62 65 59 33 40 21 16 57 16 68 64 89 84 25 75 30 42 91 44 10 84 42 5 18 2 72 91 2 31 5 37 62 
31 98 10 22 15 67 57 9 3 99 40 21 62 24 27 82 32 63 14 96 36 57 29 5 18 47 76 88 6 59 6 63 23 95 49 35 43 25 87 77 99 0 28 91 1 70 35 5 56 51 29 6 84 85 92 66 55 84 44 92 52 71 44 91 89 16 87 76 98 28 32 23 12 35 94 56 94 47 80 88 7 46 74 68 96 77 21 7 41 22 28 11 99 94 18 2 91 48 21 34 
41 20 23 74 21 23 36 18 21 42 81 85 9 29 32 98 60 98 20 74 72 30 86 91 40 88 8 52 19 67 17 11 87 81 5 87 43 9 78 67 46 52 42 54 58 3 48 89 16 16 74 73 16 64 76 26 47 52 38 61 6 74 62 28 70 2 64 52 62 96 70 1 53 16 44 78 85 33 56 51 91 74 10 46 76 71 78 58 15 94 9 81 52 93 12 86 76 79 38 94 
34 9 94 74 14 43 74 76 60 71 94 77 66 57 68 32 93 55 70 49 94 31 68 32 93 71 12 67 46 17 71 69 51 99 26 53 20 20 36 34 21 60 86 76 41 88 0 3 44 13 58 38 82 83 39 63 68 49 5 41 8 28 86 29 40 7 64 86 48 40 79 3 41 68 90 70 68 68 67 95 7 97 9 17 68 13 27 24 55 86 27 86 6 63 19 31 67 97 78 4 
62 35 26 63 0 53 56 1 23 69 44 11 98 51 52 90 92 94 11 96 0 7 75 36 8 82 14 25 98 56 91 57 46 80 81 62 77 96 64 24 30 2 84 89 39 73 10 80 14 34 52 96 84 20 44 33 65 87 32 97 38 32 92 4 4 88 92 16 26 72 84 74 0 55 82 61 16 90 67 57 81 52 52 35 95 92 54 43 18 84 40 29 27 63 96 93 91 82 20 69 
97 42 22 73 2 25 14 61 22 16 3 9 26 72 61 56 52 84 54 9 91 53 86 39 44 38 79 16 52 23 36 33 83 61 5 88 20 44 0 86 21 23 95 34 38 95 38 9 17 43 54 23 32 51 62 74 67 12 13 85 15 82 89 84 44 7 94 39 26 55 37 36 9 9 42 53 19 29 24 33 16 78 29 61 37 42 41 14 14 59 99 89 64 36 37 35 7 80 72 58 
11 43 36 39 22 59 9 30 29 85 66 3 14 84 8 83 25 25 35 6 38 43 64 70 35 37 22 24 10 10 55 93 89 95 18 60 31 20 22 81 82 52 60 65 47 50 89 25 2 48 38 96 95 89 32 85 47 40 28 60 51 42 83 76 90 44 13 57 9 57 35 39 76 93 11 22 19 19 95 79 58 60 88 27 76 77 88 7 14 45 81 16 39 86 97 87 31 62 67 60 
4 65 96 46 64 9 37 46 69 64 10 49 38 21 36 43 47 10 75 86 26 93 23 30 50 6 60 22 84 60 68 91 60 58 47 36 50 43 69 45 10 41 47 56 5 63 75 84 70 85 1 64 68 96 6 8 28 90 33 94 72 90 14 80 97 44 94 83 58 48 44 87 55 69 45 34 45 25 11 26 50 85 71 91 7 9 56 85 20 49 2 61 41 14 87 13 98 88 69 17 
68 12 48 9 54 89 77 68 60 87 94 10 91 87 44 1 97 93 83 28 16 87 53 32 85 97 74 16 57 42 66 77 43 2 80 13 27 96 1 27 7 38 88 6 1 90 48 45 80 84 7 43 34 65 30 68 57 50 44 8 32 21 75 22 69 23 12 64 32 83 47 93 98 6 32 19 59 87 36 22 17 89 22 93 67 99 3 7 93 19 76 45 20 26 79 62 48 86 33 31 
59 61 35 64 61 26 10 86 78 26 87 14 20 60 6 78 74 32 74 7 81 60 26 79 52 16 91 16 37 48 38 44 73 67 75 54 12 6 18 9 11 42 45 84 25 54 46 62 89 61 7 39 64 38 99 62 34 44 50 24 47 0 71 0 74 61 49 93 22 68 1 58 43 68 15 44 52 35 39 77 10 77 24 90 7 57 5 78 68 49 24 38 76 79 85 32 62 94 24 60 
12 30 74 31 1 55 27 58 72 42 27 51 43 25 43 98 90 92 38 43 99 64 10 30 38 61 47 67 77 11 1 15 58 28 69 62 44 48 43 34 47 20 33 12 94 76 11 46 17 95 34 41 71 45 30 84 38 25 33 64 94 7 7 34 56 31 63 50 35 46 19 68 23 88 22 88 39 59 37 70 76 28 8 52 0 3 6 0 32 31 32 85 90 75 30 45 54 86 42 22 
75 10 70 33 64 7 40 72 28 58 56 54 75 88 20 89 70 11 86 62 96 9 75 89 50 26 87 20 87 47 5 12 32 87 40 19 24 13 6 54 40 16 32 62 41 50 38 98 36 28 77 3 58 96 42 0 55 1 56 83 45 7 61 79 14 50 69 35 10 13 56 59 30 34 57 42 59 28 15 56 55 7 15 69 33 39 21 42 96 59 79 6 66 68 32 51 97 99 94 2 
45 87 35 12 87 99 20 58 93 42 42 76 23 55 0 90 58 88 81 71 28 89 56 45 47 38 85 88 92 17 74 90 42 61 98 99 3 96 36 23 67 57 91 64 36 41 25 44 53 71 33 7 46 31 82 36 99 33 97 82 17 85 1 21 33 64 13 42 74 60 13 63 53 73 47 30 62 53 45 61 62 21 2 38 47 52 49 32 28 75 22 57 22 38 60 61 34 67 29 28 
31 88 92 91 46 1 37 81 36 6 8 83 77 14 23 84 31 45 41 67 16 63 31 37 96 69 98 32 52 79 1 40 11 67 4 32 59 26 1 56 68 36 58 4 81 29 8 29 2 89 7 58 72 99 33 11 98 93 91 65 77 55 33 32 19 6 78 60 93 71 24 93 0 9 36 63 7 91 49 58 99 25 54 6 56 64 86 65 22 19 40 75 87 53 69 87 61 73 36 1 
65 69 0 31 77 6 42 51 44 95 83 53 32 48 86 25 48 41 57 20 66 11 44 28 11 73 6 53 81 59 28 25 86 60 40 70 15 42 70 42 29 10 57 96 47 79 36 13 48 90 94 97 31 24 95 39 1 57 43 46 97 81 33 90 47 55 25 82 69 47 10 23 93 15 63 1 61 94 27 49 7 13 54 78 89 39 81 36 60 50 65 78 23 42 60 31 59 42 21 31 
92 81 81 66 47 63 74 82 58 96 83 29 98 16 8 49 12 23 51 31 78 42 95 29 49 75 76 3 55 82 3 53 13 57 64 55 58 9 37 17 61 41 84 96 81 47 68 25 79 37 16 84 65 29 73 43 97 32 9 40 55 79 91 80 90 51 29 26 79 55 12 84 28 15 75 44 68 95 27 53 36 68 13 71 50 47 15 0 59 92 20 61 31 72 82 41 23 22 51 32 
18 74 4 26 89 87 95 48 91 55 87 15 65 21 8 53 49 38 14 73 69 55 28 66 6 78 87 34 82 26 23 35 31 12 64 50 73 92 45 0 33 33 35 58 55 63 31 68 65 89 77 72 89 50 45 3 62 56 59 88 1 41 71 52 65 25 52 2 16 16 52 40 36 70 24 58 94 51 38 41 20 90 52 70 25 57 15 36 93 67 96 32 26 33 50 84 54 9 40 85 
89 3 40 88 54 52 64 95 41 33 12 77 56 42 36 8 15 51 43 14 52 87 44 24 99 30 8 73 80 30 81 39 34 22 25 53 0 71 70 9 94 76 33 62 2 80 68 24 36 97 92 63 11 23 91 58 32 13 22 16 84 35 70 36 93 1 88 85 37 59 35 12 83 45 41 2 38 89 0 56 31 82 90 96 25 31 3 92 79 89 95 58 90 38 80 80 47 23 36 21 
83 54 66 76 77 23 73 47 68 20 29 7 18 19 58 41 8 5 58 16 59 91 59 94 41 63 97 40 48 29 5 46 76 7 47 9 16 55 23 67 11 2 94 44 47 12 47 7 86 42 48 53 27 71 79 95 39 12 84 18 48 82 60 94 6 68 38 84 8 72 18 44 9 2 47 5 7 52 66 84 12 21 71 91 12 76 74 91 30 54 82 79 3 7 56 47 82 2 48 35 
96 67 43 44 56 33 89 53 90 91 89 82 90 88 41 85 10 75 28 53 55 4 77 92 72 15 49 71 67 76 28 3 30 20 48 50 33 75 91 24 56 71 50 87 40 99 49 53 53 59 53 37 2 47 68 55 20 43 20 12 80 66 74 21 92 2 40 58 40 87 41 14 37 57 76 41 73 51 96 82 76 49 90 15 83 78 63 98 11 87 12 68 52 58 95 59 39 78 92 80 
96 65 39 19 0 72 28 63 86 48 96 56 53 17 74 7 61 99 51 83 49 62 29 17 44 74 42 83 59 31 67 12 43 83 26 3 82 93 53 89 28 33 76 91 26 30 66 17 86 18 63 76 38 76 36 86 29 78 47 59 47 42 61 30 39 18 57 62 23 63 35 38 32 26 37 36 40 40 93 29 60 84 7 67 53 66 28 19 36 43 19 85 68 10 26 62 65 57 33 20 
35 72 79 12 89 53 93 37 10 64 39 43 40 89 75 18 7 52 61 40 80 16 45 60 87 60 83 16 21 62 28 74 30 40 55 94 74 11 39 43 54 38 84 11 34 28 32 56 48 82 83 25 63 83 89 44 6 8 39 17 23 97 0 78 91 77 30 16 14 11 11 99 94 21 73 98 73 74 90 37 28 26 75 98 75 37 27 1 33 93 71 3 46 7 17 25 4 80 25 59 
90 31 26 15 88 34 41 82 39 70 35 17 99 47 8 95 54 12 84 91 10 79 9 63 47 40 21 72 59 75 98 53 6 59 43 36 30 85 52 96 98 37 73 88 20 31 51 40 97 20 23 74 84 87 19 2 7 51 70 73 81 10 96 11 14 92 34 39 17 72 35 85 7 3 79 2 53 87 67 70 83 73 57 74 2 29 57 74 87 37 0 50 65 57 95 93 90 66 84 31 
48 54 9 75 42 31 77 47 92 82 12 3 14 29 41 51 85 72 41 13 42 69 89 22 45 75 68 12 25 56 20 83 97 77 58 12 62 97 72 43 74 72 38 40 76 51 75 93 53 45 85 6 75 60 27 40 55 20 46 26 0 47 14 73 34 14 27 87 17 50 75 42 98 43 62 34 43 45 3 56 97 96 64 84 77 93 86 58 0 33 93 8 52 98 87 68 4 24 87 8 
5 14 11 61 42 28 23 15 8 88 86 97 15 32 15 97 93 61 44 91 88 18 62 19 62 6 98 76 19 96 70 98 83 48 82 14 80 62 57 33 86 31 55 98 1 17 1 44 87 32 27 55 31 98 40 30 41 10 23 29 31 37 9 99 23 25 38 19 58 27 65 18 8 2 58 48 92 76 82 5 75 45 38 98 9 22 3 28 80 59 46 99 55 84 90 62 53 88 71 22 
26 3 37 16 93 35 20 32 92 85 47 76 93 49 94 0 73 61 92 19 58 5 32 86 85 92 68 95 52 22 15 37 68 91 64 58 82 4 44 33 9 83 74 1 0 31 85 41 76 48 10 22 8 75 56 22 75 78 52 14 53 87 24 42 74 83 91 52 68 21 42 98 51 95 78 8 37 20 85 65 10 34 53 41 82 6 71 7 90 82 20 23 45 14 54 15 2 62 32 58 
92 43 75 13 65 72 28 41 36 55 42 84 35 0 46 24 52 5 7 5 62 31 39 38 98 44 79 67 50 33 90 20 57 33 78 21 36 59 26 24 77 77 83 39 47 78 39 39 9 57 42 80 90 14 73 60 72 56 81 38 12 27 2 62 45 29 35 38 84 52 99 66 64 37 80 72 45 63 51 2 99 17 96 61 48 74 83 3 13 7 87 3 25 33 59 56 30 72 38 7 
97 6 35 21 52 28 17 25 67 4 87 77 20 50 36 74 42 80 20 32 19 24 6 72 24 95 53 26 2 16 92 74 3 5 87 62 51 82 23 4 83 40 53 44 57 96 70 81 17 23 1 60 43 76 21 80 55 16 0 8 6 17 80 46 61 50 66 78 55 38 37 47 6 36 80 99 46 30 54 8 53 88 0 49 58 74 92 35 56 88 49 58 5 43 63 35 40 5 48 71 
45 9 79 24 43 15 28 54 78 40 88 13 69 15 23 45 85 67 95 6 12 29 71 77 17 64 80 14 9 53 66 95 56 82 42 73 48 22 54 70 99 56 85 19 51 99 37 6 71 47 15 95 39 12 38 83 80 31 15 89 69 39 19 49 10 54 37 96 3 24 5 53 3 39 1 81 21 96 3 10 14 13 15 71 89 4 11 45 84 62 96 65 67 63 63 84 81 25 80 27 
97 86 25 65 75 68 2 25 8 51 8 80 32 2 4 34 85 90 17 44 2 53 32 14 78 80 19 66 31 38 3 1 22 56 23 44 19 25 70 34 40 36 4 56 27 61 0 53 89 21 8 78 37 74 6 41 49 38 2 78 5 77 15 14 6 41 98 16 91 62 92 96 17 7 36 62 24 11 1 22 95 31 1 97 0 98 14 12 1 78 20 48 38 31 35 34 45 42 78 15 
98 80 41 63 74 50 11 2 34 79 51 43 36 80 3 28 62 12 65 65 86 28 77 56 85 32 64 89 74 14 88 99 73 14 28 19 53 40 29 96 19 34 36 42 16 21 86 51 80 37 78 30 28 75 74 98 49 51 41 75 30 70 79 3 97 10 77 80 92 7 86 48 97 16 22 17 70 62 15 25 63 8 85 77 54 28 2 18 60 69 90 56 21 14 31 79 71 49 60 30 
40 7 43 10 69 76 84 95 44 2 53 96 36 95 59 1 62 90 18 40 28 37 75 57 91 9 53 95 18 62 58 13 77 22 83 82 27 70 47 67 80 98 20 87 86 42 23 33 50 18 4 8 53 84 9 36 84 3 79 67 13 78 30 14 54 85 55 80 11 64 10 63 27 97 32 74 11 6 73 39 23 28 7 47 89 10 79 22 51 9 76 27 51 40 80 75 93 95 65 36 
53 91 81 38 5 36 70 81 1 79 21 10 21 27 64 95 75 22 85 36 45 59 1 23 81 26 25 42 52 33 87 99 32 2 53 16 66 79 5 44 30 28 20 10 51 43 77 73 34 36 8 68 22 8 8 87 35 60 24 57 92 10 17 31 85 79 93 53 1 9 74 88 27 98 5 63 27 66 41 90 47 9 35 76 42 73 12 63 37 3 49 98 45 92 49 46 0 82 77 37 
39 70 3 15 3 68 53 29 99 5 80 60 10 37 2 10 33 25 57 80 59 59 17 39 75 35 37 2 85 80 65 88 9 63 18 42 96 95 51 32 16 99 15 57 43 60 90 60 27 25 16 80 28 35 91 54 21 20 65 77 36 81 26 26 12 12 39 42 56 79 3 29 70 37 57 95 17 84 54 77 91 61 20 24 25 52 75 82 56 19 7 66 32 64 71 4 51 64 77 61 
93 87 17 74 17 6 14 44 22 0 30 44 66 76 97 21 19 33 54 26 56 27 73 40 42 85 60 36 33 92 76 1 64 99 54 24 52 44 90 19 36 30 67 47 92 2 4 93 59 43 59 28 69 29 62 57 87 10 62 7 33 60 72 8 52 69 13 64 41 15 50 84 56 42 56 1 81 1 24 14 88 21 94 55 11 36 35 92 72 73 24 98 32 87 29 16 56 86 74 80 
