8 49 90 47 1 6 25 48 23 93 70 80 38 94 19 83 76 0 23 36 72 83 93 22 12 30 67 2 84 78 96 36 69 79 41 36 31 14 14 75 50 1 87 34 86 23 84 56 42 7 10 55 63 18 39 29 38 62 10 76 19 34 67 51 90 7 39 6 74 2 47 84 60 3 57 72 98 4 76 55 49 27 77 19 60 83 89 7 22 58 85 21 38 86 84 63 20 9 40 47 
63 63 96 65 45 10 88 22 50 41 9 22 1 80 79 22 71 11 68 12 61 17 50 22 40 23 36 65 12 88 33 25 13 72 6 69 41 80 85 29 1 80 81 63 65 51 0 74 55 78 43 64 55 63 57 84 47 76 90 75 19 69 61 94 98 2 68 83 79 33 15 83 33 2 64 85 83 8 49 1 98 31 94 79 8 46 21 53 97 50 91 86 36 4 68 85 40 76 50 57 
0 82 6 62 44 66 8 92 97 82 33 46 30 59 13 10 28 36 14 30 51 89 29 18 54 32 23 81 20 52 0 42 12 91 47 20 23 70 43 55 88 90 84 97 40 25 69 39 54 97 76 32 56 12 74 24 40 17 57 48 98 94 11 86 59 87 89 99 73 54 44 12 71 43 66 93 36 66 45 79 35 50 35 22 78 12 38 58 27 16 62 65 94 80 19 5 88 51 76 54 
24 31 28 62 0 10 68 24 10 93 65 15 19 70 20 11 3 56 43 70 55 41 27 64 76 55 70 79 85 22 17 88 18 21 93 9 29 46 10 93 41 91 34 57 26 94 87 97 37 85 63 10 28 27 98 53 35 41 94 52 68 65 47 55 24 19 14 18 51 0 2 88 67 51 99 51 12 46 46 23 6 46 10 96 25 71 89 96 48 2 94 72 30 99 26 90 26 25 44 19 
94 80 86 42 2 7 88 76 0 9 79 49 87 28 74 75 92 20 36 33 44 74 18 47 63 69 82 77 64 85 81 13 58 13 65 5 55 64 74 40 19 56 57 83 47 63 29 26 47 19 74 93 72 99 63 54 62 11 0 16 61 12 68 28 11 88 3 46 85 4 72 86 69 50 81 17 4 50 54 31 75 32 63 46 35 96 32 35 97 16 95 91 31 65 57 61 56 80 93 77 
38 83 10 56 50 80 10 91 96 2 46 1 32 50 59 17 88 55 9 31 2 1 76 30 4 6 85 6 2 94 86 67 12 92 60 89 66 58 36 93 80 70 72 80 45 17 15 11 6 77 23 15 50 41 46 49 97 75 59 57 26 53 66 58 93 4 75 25 92 19 75 63 36 79 84 44 12 74 74 50 86 1 81 57 17 65 69 76 82 17 67 72 9 74 42 48 19 95 82 36 
38 55 76 53 92 60 42 69 27 81 12 4 8 72 99 31 15 28 41 24 50 52 46 77 2 65 53 47 46 80 90 58 18 20 10 0 67 22 19 95 63 89 30 91 40 13 42 4 59 11 83 51 11 71 71 62 92 21 63 49 24 51 81 28 17 83 81 54 99 44 66 31 56 43 59 13 37 17 85 79 35 49 10 2 63 11 98 17 34 98 1 96 80 42 22 80 18 79 86 85 
10 47 12 47 82 75 55 53 8 19 44 26 97 36 34 34 87 79 64 97 57 10 90 14 65 54 18 47 83 29 16 71 77 27 95 80 52 8 75 10 46 64 52 76 38 21 28 53 23 56 48 22 89 22 78 42 52 70 91 97 66 80 59 82 63 51 1 3 48 58 29 66 97 68 16 29 50 82 59 85 59 97 38 44 30 97 46 36 29 75 4 63 1 34 96 96 18 96 62 82 
20 30 96 52 29 86 24 49 32 15 55 33 2 35 70 51 83 84 65 68 8 0 33 39 18 19 2 43 12 13 48 55 57 88 45 12 64 50 40 0 86 43 41 84 86 6 61 91 53 26 39 26 84 75 99 91 85 88 49 2 67 91 17 20 14 15 78 10 72 66 41 78 14 47 68 76 57 53 66 16 17 53 96 78 42 12 1 14 44 81 70 1 57 97 29 43 21 92 18 22 
83 79 82 11 57 31 16 60 52 29 90 6 17 21 61 76 19 92 15 67 1 97 92 48 47 68 94 91 40 50 90 76 7 44 28 27 59 54 93 72 58 93 79 77 5 12 53 20 0 7 97 12 70 93 35 70 16 84 34 91 37 82 8 45 45 51 89 19 99 4 68 92 85 10 95 10 31 59 53 62 0 52 80 40 97 84 51 41 34 32 12 77 82 72 18 87 48 4 55 9 
95 22 40 56 27 55 74 15 49 93 35 67 78 0 8 11 35 7 53 53 23 5 5 40 15 23 60 75 22 76 94 58 97 8 34 76 34 41 31 5 53 31 5 81 49 94 3 13 35 90 12 8 56 38 36 44 46 67 1 66 61 51 16 55 30 53 69 16 4 92 62 89 33 48 27 2 50 23 35 2 59 52 97 63 29 72 69 13 53 94 37 62 74 16 11 86 54 70 29 57 
93 67 3 77 90 78 59 40 69 11 47 34 65 69 70 22 22 90 16 7 54 77 92 53 61 4 15 9 29 98 90 57 75 2 38 43 55 77 59 25 82 93 64 29 18 10 21 69 2 17 34 50 31 23 83 37 74 50 6 75 86 34 57 61 44 11 64 62 34 26 7 67 81 41 20 39 18 63 6 41 91 80 22 98 41 53 92 36 48 67 10 35 31 62 29 98 14 75 53 73 
33 97 81 24 81 40 97 16 1 79 67 20 27 52 93 8 7 22 62 80 77 38 95 43 98 61 34 38 83 53 55 14 29 17 55 71 52 78 87 45 74 95 82 40 71 45 1 66 95 68 58 55 71 92 7 82 32 95 29 43 8 75 0 56 66 7 28 99 12 50 56 40 47 75 55 15 2 42 52 61 31 23 82 24 27 61 72 32 41 26 97 15 24 49 95 67 64 42 29 46 
70 61 55 18 66 38 48 43 22 40 90 10 20 8 25 99 29 52 29 77 8 67 50 80 29 20 25 19 38 91 81 3 17 86 9 92 80 28 23 71 49 2 73 99 98 3 76 80 12 46 91 29 82 93 29 5 97 44 89 76 14 78 68 70 71 46 19 77 73 46 68 58 89 37 71 78 5 11 82 75 2 98 16 68 20 98 69 77 65 80 27 74 50 50 38 3 94 33 6 16 
36 20 29 86 0 60 64 62 85 93 87 80 41 37 47 38 44 2 66 34 17 64 91 9 39 15 32 2 7 78 26 23 95 29 20 46 95 92 10 34 53 0 63 71 58 66 61 83 79 86 12 59 57 38 82 82 49 34 85 52 50 22 85 5 76 82 44 46 5 97 83 8 90 5 11 40 69 62 88 48 56 18 92 84 44 51 7 87 79 95 94 19 83 12 1 5 12 74 70 78 
16 78 94 63 84 44 90 28 78 44 67 39 77 89 89 93 24 62 22 21 3 9 85 84 18 69 33 65 3 62 24 14 66 44 72 43 91 36 93 57 72 1 14 97 76 15 44 50 27 33 24 45 27 77 12 80 18 20 22 24 21 90 65 46 80 82 88 28 71 97 66 32 28 69 26 95 26 38 60 67 6 36 92 85 96 58 23 85 4 38 51 90 73 93 42 43 34 49 90 58 
51 65 59 10 6 83 74 39 3 55 37 77 97 84 14 3 90 37 61 96 48 30 16 99 4 31 69 59 28 76 42 77 32 65 12 25 90 92 10 67 19 21 67 86 91 97 23 53 60 18 97 90 74 81 57 23 95 21 53 31 77 72 13 93 82 20 59 99 80 51 31 82 89 82 7 91 66 66 98 29 60 32 98 94 94 15 27 31 27 39 30 76 87 84 90 10 73 36 98 63 
64 53 76 51 66 6 72 69 84 60 95 18 80 36 57 83 71 63 89 57 55 80 29 60 80 97 34 4 13 13 52 36 49 34 33 76 71 22 6 10 30 86 47 43 45 5 64 83 90 98 52 34 70 1 77 68 33 43 51 44 82 12 10 84 64 37 98 92 62 46 50 88 8 61 69 58 87 11 3 1 55 99 66 99 63 49 26 65 41 21 59 0 91 76 51 54 89 10 48 31 
99 53 3 25 6 72 49 50 38 48 84 25 90 87 65 46 63 93 93 30 90 76 90 42 93 15 19 10 56 46 34 89 48 76 61 27 99 84 91 35 33 98 49 95 7 89 57 8 38 61 85 94 14 23 50 36 76 54 51 32 89 9 89 98 43 70 81 17 53 1 76 33 46 1 33 63 66 6 96 82 56 4 6 35 3 55 25 52 64 83 77 16 23 2 56 54 54 16 82 27 
82 98 27 60 51 58 97 65 86 82 80 95 89 63 25 48 99 67 47 20 16 10 96 70 55 6 55 17 55 49 76 12 55 64 49 97 61 25 67 21 68 64 89 42 12 5 32 9 31 0 90 74 98 71 25 22 29 8 18 15 54 66 71 6 59 54 21 26 56 13 61 31 4 76 73 17 70 87 86 42 46 34 8 9 40 56 82 80 13 33 26 9 69 19 72 92 72 37 71 28 
23 27 95 79 2 16 2 79 79 88 68 91 82 20 68 89 47 16 46 69 59 17 98 89 79 15 74 70 20 52 3 79 16 94 76 30 89 21 19 52 23 81 24 44 25 87 79 10 59 89 21 27 70 99 2 12 39 55 38 52 53 80 66 60 93 67 8 62 51 38 49 60 22 93 93 41 16 2 28 64 51 40 44 11 76 31 51 71 70 62 83 71 5 45 19 13 15 85 23 76 
54 85 91 91 36 77 11 2 51 74 47 79 37 88 10 26 51 34 0 16 32 85 25 37 28 38 2 16 78 17 14 49 87 54 57 1 56 9 7 99 10 18 84 47 63 45 75 90 96 72 49 5 21 27 40 47 32 31 0 40 17 86 68 7 58 46 71 10 47 88 4 17 60 91 92 24 18 81 92 41 94 48 47 25 0 53 1 9 43 2 4 28 2 5 69 64 94 5 2 70 
77 75 55 58 55 88 38 2 22 54 40 94 51 75 85 91 74 15 7 84 43 32 90 86 7 14 94 75 13 74 97 33 50 81 74 72 69 18 3 1 99 48 95 84 57 5 95 25 48 88 18 46 30 48 74 53 41 40 49 51 13 45 80 52 69 15 35 25 95 89 42 46 12 4 94 29 57 29 62 74 59 40 91 21 25 47 53 97 52 36 1 14 15 16 88 73 80 4 78 99 
12 20 91 19 58 54 68 24 15 47 9 90 90 96 77 80 67 36 34 90 88 45 79 71 59 21 68 46 61 1 29 24 54 72 62 41 74 17 41 17 47 68 72 85 20 40 88 10 50 61 70 0 1 68 5 10 41 72 80 85 61 54 86 14 7 44 80 33 94 41 1 4 25 72 35 7 32 43 97 85 52 42 56 95 82 97 98 67 4 86 93 4 68 26 0 64 77 77 80 42 
26 64 65 97 36 14 55 36 47 2 7 24 6 9 36 7 88 79 39 30 86 22 58 81 33 78 88 18 22 86 78 83 16 75 44 24 25 23 39 48 57 5 46 27 64 27 94 68 15 86 99 99 69 81 67 26 54 93 29 36 23 60 98 74 74 97 7 93 57 2 36 23 54 27 6 13 66 75 63 10 95 83 50 26 94 3 25 18 21 44 91 93 75 95 45 62 53 68 88 96 
77 28 4 70 2 72 40 16 67 66 86 97 63 90 56 12 21 99 83 64 67 26 79 15 32 94 35 90 5 88 18 10 56 21 17 95 32 33 63 20 17 27 84 90 57 82 74 35 61 94 1 6 28 96 83 74 32 34 58 72 86 82 50 21 85 68 27 7 18 94 84 51 10 52 19 51 51 64 59 96 47 47 20 83 39 65 97 92 0 66 88 87 56 94 2 70 35 38 60 79 
94 58 6 26 31 81 73 74 22 28 59 8 64 95 54 3 78 2 37 42 12 15 40 75 10 63 21 78 39 2 90 49 73 26 61 73 20 27 34 49 86 53 83 97 18 82 70 70 51 67 82 8 68 48 43 48 82 50 79 47 9 8 69 23 98 85 9 4 64 42 32 38 59 83 38 45 66 23 37 20 43 43 8 62 15 70 67 11 38 74 81 31 81 10 91 4 87 16 71 80 
45 53 81 96 60 47 20 42 19 10 45 58 2 39 47 89 95 28 66 70 19 44 54 97 42 34 34 91 90 19 66 75 89 93 4 78 82 1 26 66 43 8 53 82 48 50 0 87 94 79 0 66 64 27 58 60 2 52 14 22 28 89 2 83 81 37 2 74 49 88 11 40 20 57 5 29 37 1 58 42 25 15 76 3 55 48 45 90 19 37 29 28 61 43 20 10 25 34 54 71 
93 81 91 72 23 68 54 64 64 71 5 16 47 39 78 18 70 87 64 66 74 41 21 77 49 24 87 46 77 39 84 89 78 3 78 18 76 30 31 85 22 29 26 91 82 28 70 13 94 15 58 52 34 19 77 65 56 60 31 61 12 17 93 80 8 39 13 81 87 35 76 26 47 71 28 30 28 97 61 22 15 96 96 60 89 3 62 24 17 13 77 45 28 4 63 60 54 64 31 19 
87 86 46 45 39 80 15 44 11 39 2 79 25 84 45 54 42 67 18 14 69 25 43 1 39 11 84 13 93 43 61 32 93 91 72 8 38 64 55 63 37 17 57 18 48 88 65 42 88 20 68 99 52 0 8 45 14 91 96 55 69 0 62 38 42 67 30 41 19 25 41 62 3 72 70 70 83 43 76 84 4 17 9 39 10 35 81 81 76 67 10 34 98 78 50 38 88 2 77 38 
59 16 96 33 56 48 26 30 63 7 31 56 26 52 55 95 23 14 64 25 67 40 86 63 32 50 9 16 75 63 44 58 74 20 69 16 34 64 93 64 24 28 73 50 5 57 25 21 6 80 56 73 13 17 96 20 90 75 80 36 65 51 11 93 16 75 71 3 55 17 77 67 6 47 43 71 79 9 19 78 81 65 82 77 32 79 89 51 33 6 98 15 40 81 98 31 73 73 10 66 
96 38 36 31 85 28 71 41 42 56 86 55 34 27 60 65 22 82 24 98 53 18 31 79 37 70 42 28 0 71 86 94 85 72 69 16 72 90 91 98 71 21 45 6 94 47 77 49 71 53 41 71 14 44 4 78 8 45 86 8 59 9 96 53 2 66 53 82 52 46 59 28 98 1 0 21 88 96 38 25 89 28 57 12 52 8 40 2 97 75 91 23 48 86 63 0 46 77 42 85 
41 31 25 69 75 67 64 19 82 4 85 70 2 52 99 95 2 57 51 97 32 32 88 25 0 63 8 36 7 36 7 18 31 38 71 35 5 96 92 83 78 55 49 10 56 41 7 59 37 27 86 22 92 31 25 66 18 19 41 75 23 80 57 67 10 50 73 96 14 7 88 67 13 94 58 19 85 87 66 75 70 84 48 84 47 97 94 99 76 95 8 86 55 21 50 53 41 8 97 35 
12 93 32 86 31 57 69 55 10 88 70 81 10 77 37 41 15 89 32 38 16 18 45 50 82 78 21 65 90 76 77 48 64 54 85 24 40 99 65 24 34 83 30 80 76 53 50 32 73 80 18 65 51 77 46 98 6 76 50 53 55 9 72 83 86 97 14 29 24 37 58 81 55 54 95 40 87 41 42 45 44 13 80 26 97 48 9 9 77 50 62 71 9 88 35 36 13 35 36 13 
98 42 89 97 47 85 63 29 30 4 33 84 46 73 87 71 74 66 85 45 69 73 24 1 92 48 17 51 39 59 10 56 51 47 24 58 79 6 9 47 66 20 67 69 41 20 22 10 2 55 59 85 8 60 52 25 15 82 26 24 38 30 40 70 39 3 98 67 3 50 85 26 23 29 21 0 86 85 45 21 8 0 6 53 71 68 71 93 24 9 34 63 7 51 42 99 22 23 64 8 
91 95 92 31 65 29 62 97 85 9 61 47 54 73 66 93 57 57 51 19 69 38 10 60 94 99 77 52 64 43 12 81 66 57 37 24 96 5 54 24 30 71 52 64 70 38 39 29 52 98 43 14 71 0 45 23 71 25 84 3 64 86 53 34 10 92 41 34 51 36 58 66 69 28 81 11 56 81 86 1 94 36 4 58 18 52 99 77 89 54 47 62 59 37 64 31 17 31 70 58 
39 55 93 17 65 39 53 66 54 85 98 97 40 54 40 27 69 74 21 24 61 18 27 99 22 35 15 88 40 78 2 86 72 57 8 59 71 77 86 32 3 48 92 57 2 45 66 65 22 69 90 86 47 24 31 88 26 13 40 33 51 14 25 80 30 24 77 86 59 81 43 13 78 31 15 33 44 40 79 48 75 34 46 1 95 85 43 99 54 90 31 11 5 23 37 30 97 60 74 12 
21 4 29 50 96 17 39 30 49 80 81 16 97 20 94 87 41 20 28 70 53 15 43 48 48 32 20 62 60 66 31 27 1 38 98 41 73 14 68 62 23 12 27 9 92 36 93 78 73 94 57 68 6 88 24 53 10 10 62 63 9 62 74 77 62 78 12 23 61 56 99 67 88 89 42 68 36 49 39 60 30 38 18 60 70 4 54 87 40 64 29 89 70 59 61 17 57 65 79 96 
51 28 23 91 21 75 68 27 72 84 49 96 73 65 8 16 69 79 38 88 42 75 3 60 72 62 7 54 22 78 54 61 69 45 60 68 49 37 88 91 85 21 38 70 86 23 2 67 99 90 11 14 40 66 39 95 50 62 93 14 49 38 33 48 45 77 27 44 94 52 34 97 24 99 82 10 65 35 52 77 24 1 33 68 41 2 42 48 6 44 90 32 14 72 24 91 44 16 31 17 
54 35 47 79 74 47 17 96 34 2 58 10 75 35 96 5 11 51 22 70 10 16 34 96 81 81 16 48 70 15 44 98 55 79 46 71 62 52 12 24 96 59 97 94 93 5 85 63 96 92 74 42 7 41 21 42 65 9 8 53 26 18 98 15 3 15 27 72 83 91 58 38 12 19 56 93 50 15 48 25 33 10 31 14 9 11 76 90 3 3 76 97 22 20 54 76 95 48 35 45 
96 31 12 62 30 37 0 0 58 60 55 27 9 96 11 67 96 71 18 73 19 19 76 7 36 14 67 8 78 58 21 24 38 97 57 8 82 6 39 41 61 24 48 53 2 19 73 81 88 25 28 73 21 90 73 77 17 11 22 85 22 64 85 4 77 72 1 64 20 26 99 73 42 84 86 99 38 50 85 69 4 0 12 55 72 88 47 98 49 52 30 99 81 59 3 45 21 29 88 39 
47 72 44 89 22 40 66 81 67 38 0 73 37 49 76 4 54 89 84 58 20 65 95 52 64 46 64 43 78 32 83 19 61 92 52 43 57 15 70 31 55 71 9 7 47 79 20 78 1 79 22 81 85 33 21 69 31 34 99 58 27 0 49 9 68 11 81 25 39 90 84 25 90 44 84 77 66 91 34 27 70 21 4 55 9 68 37 50 30 70 89 14 18 14 10 98 69 25 67 89 
64 36 52 60 46 25 10 61 94 41 40 41 69 77 54 0 20 36 66 51 28 79 53 35 69 73 51 21 15 37 52 57 64 50 9 46 17 27 82 29 34 44 22 34 57 92 9 36 18 94 28 5 79 56 59 13 1 38 87 93 44 60 98 44 74 52 23 41 85 34 4 23 60 37 90 96 52 13 80 16 75 92 36 62 89 6 87 68 73 92 90 16 14 46 4 69 31 17 22 55 
48 1 29 14 14 15 50 37 52 28 28 54 63 2 33 24 87 9 26 57 15 44 32 41 2 86 87 18 11 14 95 78 27 29 52 74 77 98 2 80 46 3 87 67 57 52 55 69 16 16 79 98 89 90 78 64 72 12 70 70 58 66 25 48 93 90 81 3 64 64 8 97 74 71 71 40 38 29 99 99 46 52 90 45 64 85 20 64 8 69 89 9 87 22 92 23 8 63 0 73 
97 11 58 76 96 79 8 83 22 77 60 89 59 20 20 80 44 42 44 7 14 1 29 47 16 57 68 6 50 36 74 48 94 31 71 89 91 77 0 78 93 65 90 70 33 57 36 57 69 32 0 4 77 31 80 96 63 32 58 48 20 70 78 64 85 73 92 20 29 57 97 3 43 85 6 52 22 14 18 22 50 80 99 16 11 56 48 36 21 34 90 87 34 33 33 85 96 77 63 5 
60 52 59 4 59 84 87 30 7 80 95 25 1 5 45 49 10 43 49 44 82 44 22 74 32 68 1 43 59 70 86 96 57 70 56 24 74 39 1 44 51 83 2 81 4 16 71 32 22 5 42 94 78 94 72 41 73 24 92 35 76 9 25 25 80 90 74 3 84 9 52 86 76 58 19 34 80 44 40 37 85 58 67 31 72 11 23 36 35 25 30 55 85 69 7 41 8 1 72 17 
25 87 33 96 84 86 42 64 85 46 41 57 22 93 8 60 69 43 52 27 48 2 10 64 28 19 16 74 39 30 91 5 33 81 67 30 68 82 76 46 10 70 56 26 72 10 94 87 41 68 25 90 65 59 44 59 47 50 68 37 27 14 14 41 15 94 75 93 4 39 68 26 21 51 67 69 32 83 64 86 32 79 44 58 90 9 88 62 90 15 76 95 41 97 69 65 85 54 31 3 
92 88 15 12 80 18 14 55 18 89 34 27 86 35 1 73 78 4 74 67 43 17 7 90 41 94 32 43 21 42 13 65 79 38 88 10 24 90 31 35 62 19 5 80 18 78 87 96 43 71 47 97 25 90 61 16 70 97 88 80 40 2 57 96 39 0 71 29 25 44 16 44 87 30 80 80 14 80 14 72 47 79 99 39 91 19 35 16 62 71 32 12 62 29 58 30 94 31 60 5 
59 80 61 0 35 29 47 94 96 66 62 55 7 99 28 87 70 50 15 14 99 88 41 3 78 48 8 84 53 91 60 79 1 21 84 2 32 54 2 24 21 56 4 23 59 84 16 56 58 55 88 49 86 95 65 90 13 71 27 55 47 15 58 85 37 47 35 30 91 25 22 1 17 89 6 62 95 53 18 70 87 25 95 47 79 45 70 35 64 1 63 26 94 80 50 28 13 99 21 83 
48 64 26 25 83 98 67 46 54 3 71 77 60 77 46 43 90 34 0 4 97 30 61 56 60 69 77 41 86 73 15 39 54 68 47 24 85 6 72 30 2 74 54 97 83 87 8 93 46 93 73 59 12 79 25 27 3 75 58 58 11 20 80 93 19 11 92 94 61 26 43 82 53 73 59 46 30 18 78 33 0 66 23 30 51 56 17 66 65 93 57 45 86 85 12 57 65 5 17 31 
84 61 59 53 76 89 90 40 82 26 47 79 21 70 25 76 88 60 35 49 7 96 51 1 37 35 31 24 9 70 22 96 98 40 61 13 26 77 28 60 18 60 99 35 99 61 36 92 1 80 66 68 44 32 59 22 34 63 22 0 15 97 16 47 82 83 20 45 13 74 32 84 60 88 50 50 6 2 55 36 72 31 95 31 14 84 45 71 43 17 96 78 2 22 90 77 54 29 64 13 
63 83 6 25 58 5 41 54 76 66 26 35 86 50 65 94 3 48 21 78 40 4 57 30 44 54 8 43 32 47 21 33 94 89 67 64 42 96 43 28 55 96 74 9 62 32 16 97 52 26 76 2 67 20 10 13 63 41 51 99 73 60 12 70 72 44 74 75 34 37 20 5 80 13 29 82 26 30 84 28 89 59 73 71 35 86 14 97 8 38 42 71 37 81 16 66 49 43 67 68 
35 27 1 95 71 76 74 42 72 88 98 23 62 62 93 41 95 14 93 68 75 78 81 77 84 17 14 50 3 90 95 17 76 54 37 92 4 86 30 77 97 37 13 71 38 93 23 41 64 39 68 96 16 96 49 39 13 97 72 34 92 30 53 64 31 35 80 75 39 51 67 71 1 70 85 2 71 80 63 89 66 22 18 99 2 37 37 40 62 73 28 11 98 11 81 80 38 42 7 67 
59 18 32 45 88 34 59 70 35 96 93 10 56 11 51 44 91 20 45 67 65 20 42 55 19 92 64 5 6 34 57 78 98 44 81 81 29 2 10 5 55 85 70 24 0 81 36 79 61 6 90 34 67 42 0 56 44 38 97 74 83 32 30 31 42 24 87 28 70 69 42 25 78 34 29 20 92 28 72 3 41 59 95 60 44 96 24 21 76 89 20 93 85 79 54 98 32 95 61 71 
89 24 88 92 38 0 14 48 1 77 19 30 83 86 64 57 43 30 58 5 45 24 85 97 63 76 54 3 27 68 31 20 35 75 71 20 21 86 54 62 31 72 61 55 22 3 45 41 50 52 72 78 29 63 25 50 75 46 13 46 77 28 34 25 60 25 47 4 33 97 48 8 58 16 51 90 84 0 99 88 51 88 40 95 93 35 79 56 11 6 80 83 80 35 17 96 87 99 65 56 
64 16 44 40 22 70 64 31 43 34 97 46 71 97 21 56 89 8 36 12 68 28 94 14 21 20 76 79 74 80 36 0 63 64 3 5 6 85 73 19 96 48 20 24 2 53 76 12 57 57 91 48 10 7 23 91 76 23 48 49 83 73 64 79 25 5 60 14 59 70 9 12 27 48 30 32 7 92 56 65 21 67 88 29 72 32 67 78 1 26 16 82 79 9 17 19 4 74 63 17 
1 89 68 51 36 18 65 11 88 7 9 62 60 26 15 84 60 46 83 27 44 82 76 86 30 77 24 60 70 15 41 57 88 1 74 60 14 19 77 2 79 82 11 36 71 32 5 39 80 18 26 35 36 54 64 1 8 20 40 56 16 14 96 78 80 82 76 12 34 15 92 79 53 56 31 65 6 24 33 55 77 39 76 12 62 44 69 67 84 43 18 12 86 28 15 92 4 73 21 93 
61 45 52 12 54 62 36 14 69 80 23 61 99 26 10 92 94 28 82 88 71 38 68 48 76 92 87 71 29 2 49 41 8 90 41 7 26 52 87 91 52 53 8 44 29 87 35 81 24 23 48 68 50 20 32 68 37 76 54 91 56 20 29 6 10 69 21 34 84 72 2 93 30 70 31 31 21 17 79 9 64 89 82 43 71 66 14 89 75 60 67 61 54 36 24 26 22 79 2 60 
82 61 67 94 68 32 84 76 65 4 75 51 77 89 48 49 18 39 76 45 12 69 54 15 2 86 26 48 83 55 99 88 6 77 94 88 82 78 99 2 54 30 42 30 80 28 54 18 85 96 76 54 57 27 88 94 43 57 88 39 90 38 13 84 81 5 85 45 76 93 25 29 84 28 96 56 14 53 21 51 62 48 70 78 42 73 88 34 24 65 24 49 23 80 19 47 2 52 10 59 
74 64 17 77 23 93 86 84 64 85 12 78 46 0 36 99 14 80 50 72 30 83 45 5 14 4 1 41 35 19 65 64 15 56 80 98 38 6 14 50 45 51 3 33 69 80 20 80 11 67 83 74 49 39 20 23 19 7 92 98 78 25 4 18 1 5 57 76 3 78 87 78 52 52 83 10 35 3 58 0 55 91 38 42 73 20 15 63 9 60 2 46 37 87 49 88 42 22 8 27 
60 7 30 68 0 31 15 71 16 13 48 53 55 83 47 7 25 3 57 69 77 12 53 13 50 72 11 62 43 60 69 67 86 14 37 40 62 70 11 79 51 76 52 82 7 16 51 36 7 23 35 33 39 46 77 28 30 45 99 72 91 10 57 76 65 46 59 94 58 58 92 25 21 81 93 79 90 2 5 91 81 37 31 0 91 91 17 81 88 22 16 2 64 5 95 70 80 39 76 47 
32 61 25 3 75 43 20 52 78 60 73 3 20 29 23 24 21 46 29 33 42 46 58 84 88 52 24 26 21 23 65 97 11 83 86 36 26 0 43 25 53 18 0 32 28 70 87 46 32 89 81 41 10 17 85 34 13 32 22 22 10 15 97 25 13 35 99 16 1 44 73 2 60 78 72 74 16 24 21 91 86 33 50 59 49 93 18 80 37 0 87 68 76 90 1 28 40 70 65 31 
23 64 7 40 59 81 24 89 62 81 88 25 25 68 27 77 51 88 4 2 16 86 55 74 51 82 71 84 45 16 63 69 15 36 43 41 66 10 65 33 16 82 45 38 50 58 80 17 12 38 56 96 92 23 76 82 67 79 97 23 4 4 18 18 46 91 72 58 44 87 85 66 63 66 77 64 76 6 54 65 63 40 76 39 23 57 80 99 27 98 27 19 44 42 29 62 80 90 10 91 
51 76 51 76 91 22 33 89 45 25 8 40 41 81 98 21 59 72 6 28 72 75 3 66 15 48 12 90 89 12 42 93 25 82 75 56 60 37 53 80 11 99 10 57 51 38 18 20 98 91 71 79 46 73 35 39 15 7 23 48 76 30 7 62 27 17 82 88 29 17 39 16 88 55 8 38 31 11 22 90 93 15 38 19 29 77 86 94 1 86 99 21 55 7 41 48 37 32 71 29 
64 58 57 67 69 57 27 94 29 91 64 41 51 80 47 52 69 98 89 70 45 50 55 26 36 96 45 46 86 20 90 32 67 85 66 44 9 82 70 9 91 95 88 92 66 69 19 14 54 69 63 89 75 82 83 73 36 9 42 3 28 48 64 47 39 42 55 43 43 10 86 95 35 94 0 14 48 66 80 37 3 82 28 90 2 64 88 12 7 13 56 49 37 25 28 24 23 0 3 76 
58 28 2 0 15 85 70 29 98 68 76 57 77 52 96 57 96 20 17 54 4 32 0 27 70 30 30 13 97 84 22 71 36 1 54 0 21 56 93 4 36 43 27 38 4 83 44 59 7 19 30 42 53 52 52 97 39 20 63 96 39 81 16 36 3 96 58 8 13 17 30 23 98 98 60 44 84 40 39 46 76 33 68 22 48 42 87 67 43 23 94 52 67 64 54 32 7 26 43 30 
89 39 64 54 44 86 55 40 16 43 46 19 63 77 45 1 22 69 34 97 68 10 75 29 67 1 63 97 22 7 80 43 79 12 43 77 85 95 64 20 74 3 55 26 11 4 24 87 75 19 59 91 52 25 99 39 27 79 31 56 99 98 53 56 57 53 43 92 18 55 88 14 64 21 56 32 22 9 42 20 78 4 81 41 52 86 68 58 9 79 79 14 49 95 91 39 25 69 37 79 
31 73 70 12 31 56 29 83 46 29 53 8 41 61 20 15 12 82 69 62 75 72 82 25 33 76 33 66 60 25 20 66 24 27 30 76 23 25 84 41 88 8 16 19 38 82 89 69 64 16 59 27 23 86 17 27 67 50 63 7 41 8 21 66 25 70 37 64 56 68 59 84 40 61 8 93 18 50 95 40 91 26 80 29 55 75 50 2 51 40 14 32 18 99 26 37 41 61 70 66 
49 48 54 38 13 12 11 30 97 73 75 42 99 92 15 72 44 13 47 56 40 39 89 44 41 66 53 56 37 69 49 5 95 54 27 13 73 62 23 34 63 85 23 13 42 3 24 96 97 32 99 4 76 18 76 43 99 36 82 84 65 33 10 0 19 97 4 35 2 83 88 6 72 4 33 99 65 87 84 6 60 93 91 77 85 51 40 96 16 93 47 23 93 70 66 77 18 13 68 75 
5 18 89 76 83 78 25 2 64 11 78 72 47 7 6 25 16 22 87 69 88 47 86 35 77 3 41 51 91 64 96 57 6 24 58 45 25 12 45 32 54 20 3 96 75 84 52 11 1 88 40 61 79 27 27 55 60 93 69 10 41 32 63 53 49 60 3 10 98 97 71 55 41 29 65 12 0 81 34 15 27 13 28 0 88 92 60 2 40 80 32 70 39 25 69 83 29 27 13 33 
6 55 42 50 11 31 86 22 78 20 82 65 68 36 29 50 88 19 3 50 31 39 21 15 62 8 79 15 31 37 86 44 85 23 55 9 41 21 29 24 69 13 27 5 50 70 30 40 83 15 3 50 2 91 72 93 22 5 15 37 92 69 1 38 78 3 5 75 27 8 3 84 36 28 54 27 54 67 63 96 53 38 1 2 8 59 34 53 67 27 31 81 66 48 75 7 30 19 80 42 
16 36 95 65 48 19 81 8 44 21 41 43 78 76 68 22 91 12 98 73 49 11 75 63 61 37 46 42 89 83 97 17 78 24 69 31 73 73 19 70 39 99 51 9 37 3 32 10 13 21 5 34 55 20 54 52 11 9 89 37 7 33 34 25 99 68 38 41 19 60 8 54 81 11 94 83 88 20 21 46 56 35 33 13 10 71 72 58 94 7 61 47 4 0 65 68 56 2 21 93 
94 45 49 17 92 70 48 87 49 49 88 62 86 41 80 20 42 39 61 78 80 52 97 28 39 66 58 3 9 99 50 10 9 83 37 61 85 35 3 79 49 74 16 70 59 4 82 65 15 25 14 61 91 3 41 36 6 75 8 34 6 46 5 21 49 82 96 40 92 66 27 9 15 31 14 31 81 24 89 22 29 84 86 98 67 61 49 91 99 97 7 13 46 61 7 80 98 16 79 56 
65 37 66 3 81 15 52 55 14 12 63 33 87 66 93 0 38 66 94 78 23 85 39 41 51 44 91 12 12 39 65 95 39 58 78 8 81 14 0 36 4 85 11 69 99 72 80 61 50 1 19 83 9 58 53 36 95 32 1 5 15 71 30 55 76 13 66 44 52 37 18 80 85 34 50 70 3 0 17 20 73 87 17 23 3 17 56 64 3 37 94 47 3 53 43 54 50 31 43 26 
38 20 92 81 10 92 43 4 84 2 7 68 25 87 22 46 11 97 84 39 23 10 41 27 39 81 35 23 26 76 0 72 15 18 44 41 50 31 30 10 53 21 43 79 15 6 84 37 47 80 38 59 86 12 19 95 92 78 66 42 88 55 9 29 99 16 49 18 35 98 32 22 0 26 83 40 34 19 63 74 25 78 9 71 14 42 18 37 66 88 56 39 71 84 18 45 37 85 84 83 
43 45 75 7 79 5 46 55 0 79 93 7 33 60 17 2 45 41 44 35 1 17 54 62 69 85 52 64 54 22 48 19 71 69 6 34 83 9 77 76 75 46 60 11 25 18 46 98 36 24 77 7 40 90 71 3 88 19 50 99 38 14 5 0 7 70 6 65 40 42 83 7 48 51 88 97 27 99 73 86 3 80 39 0 33 94 12 38 93 57 61 60 17 6 48 73 55 91 77 33 
82 69 68 65 91 34 83 11 1 80 37 6 41 73 72 62 94 35 75 59 32 41 80 56 87 34 60 6 75 81 94 2 77 42 96 80 96 77 27 60 77 88 71 50 4 2 55 4 76 45 58 43 9 23 11 95 47 21 25 47 42 63 77 33 96 72 92 37 43 65 83 20 24 12 38 58 62 15 17 8 3 81 49 76 11 28 70 54 35 20 83 96 57 70 27 88 48 96 75 0 
63 97 56 63 13 32 58 18 40 62 93 81 34 91 99 31 15 56 22 35 89 70 39 65 4 74 19 61 9 38 61 82 9 7 65 29 86 47 51 71 50 0 67 3 99 78 52 65 82 10 38 48 18 36 92 83 87 50 9 42 95 13 95 77 53 3 70 90 17 85 98 35 56 64 67 46 28 71 52 44 93 39 2 59 33 37 2 28 30 87 98 93 22 29 80 31 19 38 79 14 
23 31 70 79 41 24 98 86 58 21 64 90 51 30 79 42 20 22 22 61 76 44 97 68 9 83 80 71 19 36 45 73 88 25 4 55 43 96 79 96 29 37 55 70 11 12 75 64 93 26 71 91 90 90 94 57 82 31 60 72 48 28 63 35 96 98 30 64 84 1 39 82 13 54 81 67 44 84 45 93 77 42 26 44 56 64 26 51 67 84 39 92 95 86 41 33 38 39 74 88 
9 67 48 13 89 29 94 47 47 91 82 28 28 22 57 58 42 15 4 34 25 11 69 6 61 24 68 33 8 28 56 93 14 29 60 30 6 10 79 93 0 17 32 3 42 5 2 59 72 66 52 94 23 39 62 2 3 28 39 68 0 0 22 26 82 64 39 31 49 0 75 33 71 17 78 49 83 60 88 17 89 14 38 15 99 53 91 84 0 26 31 35 15 51 18 82 83 87 23 22 
4 31 55 15 12 24 89 30 50 6 72 19 55 31 79 49 23 24 23 8 47 19 30 65 89 98 79 75 71 91 2 65 27 89 18 67 62 41 72 74 48 92 5 69 20 24 30 12 72 21 23 42 27 82 70 17 25 17 6 32 23 39 72 62 80 15 88 65 50 49 15 78 85 54 67 86 85 14 96 20 90 32 82 38 77 32 26 21 1 7 26 61 67 4 39 12 61 48 57 69 
20 99 50 32 37 55 35 4 73 60 91 21 61 36 84 96 53 93 55 36 59 25 27 90 86 66 61 10 35 10 6 23 40 88 90 33 52 11 76 6 26 95 73 28 1 70 77 68 99 28 88 21 84 50 25 59 82 44 33 54 6 17 14 16 62 47 22 37 9 99 22 24 70 58 50 51 97 29 70 19 74 74 5 2 92 87 1 92 41 98 68 71 46 42 22 86 89 85 14 69 
65 87 97 74 91 30 0 71 10 98 34 27 64 78 27 34 71 32 26 93 72 98 53 57 99 17 60 26 51 86 11 51 9 62 90 85 19 34 53 65 33 84 33 25 35 57 56 41 44 4 69 18 71 49 52 4 8 93 94 37 90 37 36 73 98 9 16 3 42 31 81 7 95 88 60 90 76 7 71 43 8 11 25 3 50 70 45 4 27 83 48 41 71 3 89 21 95 63 19 89 
70 25 98 39 99 2 38 84 95 59 61 28 92 54 86 37 76 83 89 81 70 90 72 72 45 87 19 17 67 21 36 87 61 91 34 36 48 69 15 85 88 21 96 17 93 25 36 50 39 84 15 59 94 39 48 17 86 34 81 12 13 3 66 90 65 82 97 69 81 97 68 84 34 10 55 24 54 39 24 64 77 78 36 27 90 81 15 39 16 63 79 90 6 84 73 72 80 53 1 44 
75 48 4 20 2 14 30 70 10 33 89 41 83 45 42 71 88 89 46 24 13 35 26 34 54 0 10 59 59 37 12 32 10 39 23 55 80 96 58 4 72 71 71 31 5 68 3 12 50 27 4 3 75 46 48 62 69 9 96 21 41 42 69 69 70 17 86 24 40 25 18 72 53 39 67 32 74 8 63 71 45 86 81 88 50 7 48 53 30 92 75 16 88 11 25 23 38 11 51 51 
10 81 38 91 69 16 68 90 12 32 48 98 45 43 66 43 12 63 7 55 91 56 24 47 78 0 43 62 71 16 69 40 69 79 87 74 72 68 30 0 89 13 60 43 22 1 5 80 47 37 19 80 70 30 74 66 76 70 63 18 30 46 85 75 87 79 16 64 18 88 69 74 66 66 15 89 87 89 13 59 1 58 55 9 24 69 57 77 2 89 41 59 9 74 77 60 78 14 49 8 
98 59 62 35 87 80 35 51 22 90 23 88 36 29 31 48 81 83 30 95 96 0 74 82 4 27 76 11 87 92 59 48 41 54 48 29 51 51 26 43 73 13 5 95 0 59 40 42 37 8 47 22 46 52 5 81 53 61 50 29 70 92 97 59 11 68 60 79 76 50 3 44 97 89 54 21 31 36 89 0 91 38 55 73 67 0 54 21 58 22 56 60 38 35 55 17 44 58 93 26 
68 85 27 66 82 43 58 20 84 47 95 96 80 86 95 81 88 45 54 31 97 7 81 5 61 16 73 62 44 35 71 24 84 10 1 53 20 87 2 65 66 60 84 67 44 94 41 56 61 91 16 1 12 47 74 9 89 40 4 66 18 68 10 78 68 14 41 49 74 92 97 45 74 80 98 90 91 94 88 63 58 49 60 93 16 20 77 34 91 14 43 33 44 17 91 76 52 32 75 94 
77 55 19 62 56 23 57 64 1 74 64 46 3 72 55 29 28 2 96 58 63 23 63 35 68 65 21 86 19 2 76 32 97 91 37 2 80 40 19 96 22 45 26 66 3 87 12 71 2 22 63 7 12 91 15 40 75 53 68 61 7 72 95 67 74 13 78 99 33 60 62 52 5 43 53 65 27 94 19 70 60 4 4 59 40 17 63 84 17 80 65 67 38 63 61 72 48 84 70 71 
57 87 69 3 39 97 93 1 55 3 13 18 95 91 45 37 61 6 15 68 85 67 67 54 25 3 12 85 30 65 66 17 46 60 41 13 16 23 83 48 91 28 5 66 39 88 33 49 48 37 92 22 5 61 30 20 28 27 2 43 70 68 45 85 13 31 17 81 96 96 58 64 59 89 51 68 56 18 49 83 57 31 57 16 39 31 35 79 30 80 59 15 50 0 83 71 94 57 17 41 
78 81 46 51 66 87 55 11 49 2 64 42 32 15 86 76 20 73 25 94 37 9 25 35 59 90 52 23 72 70 73 20 28 1 40 99 78 90 98 11 24 80 82 52 36 58 0 68 51 70 36 44 67 7 86 37 21 89 85 1 25 73 62 51 52 37 55 43 9 9 71 52 23 15 63 12 87 36 98 86 70 31 69 23 33 37 6 87 95 10 41 49 43 47 39 92 87 92 39 3 
60 96 43 15 91 31 68 75 19 96 88 60 20 55 83 74 95 40 27 19 47 52 77 95 39 43 69 72 81 27 33 79 55 45 28 82 12 41 48 7 57 31 95 81 44 99 2 89 68 28 3 60 75 76 40 79 81 90 31 83 9 94 7 55 1 54 21 98 33 17 84 93 8 68 18 40 59 10 74 44 22 52 65 74 16 61 10 93 84 56 77 18 25 68 92 95 95 95 59 44 
80 50 82 97 2 48 33 99 49 93 12 27 11 8 58 57 10 16 59 10 26 80 43 99 79 18 13 83 50 85 56 30 75 61 84 68 89 14 96 45 33 75 23 10 76 98 69 69 64 37 56 84 61 78 74 51 28 99 24 79 0 11 7 1 79 57 18 0 71 87 44 2 5 9 8 18 77 95 98 70 28 11 28 89 70 76 93 63 64 92 40 99 33 2 84 66 24 39 78 7 
34 58 20 90 91 39 61 17 98 50 21 84 48 51 99 75 17 67 68 54 51 68 73 35 59 94 4 64 9 31 86 83 54 64 17 66 20 64 8 28 2 17 63 71 77 56 58 80 54 90 80 43 52 92 92 32 69 30 62 38 72 44 90 74 93 77 33 12 96 9 69 19 47 96 23 19 3 23 80 54 85 23 83 52 37 47 64 16 10 63 30 94 87 19 36 35 65 12 19 81 
19 89 55 75 71 88 14 52 18 31 77 31 33 18 84 64 76 46 85 29 83 80 92 3 95 83 62 9 72 58 64 25 97 9 42 94 67 9 58 23 17 57 17 94 79 68 92 95 46 21 76 93 8 50 45 69 44 88 67 86 32 46 38 25 5 64 2 26 15 74 58 86 97 33 65 7 83 4 69 28 91 31 88 50 56 45 96 28 50 48 16 73 22 45 88 31 56 43 63 66 
82 44 59 94 94 10 81 18 33 4 18 45 90 25 1 86 57 76 66 16 32 93 64 58 65 98 74 57 2 22 54 61 22 18 55 64 44 5 51 55 28 77 88 93 29 42 20 75 21 31 14 33 80 47 63 45 79 26 1 81 59 4 63 41 5 73 45 47 55 85 57 30 94 49 2 17 94 79 48 68 81 39 52 79 84 95 58 86 94 53 16 17 82 77 36 49 24 20 45 26 
71 79 78 39 41 16 68 95 10 56 81 33 57 36 32 54 41 41 91 49 31 78 79 75 65 95 87 45 59 84 47 15 71 2 18 22 30 46 66 72 37 84 44 90 85 61 19 54 83 48 64 86 62 41 30 33 70 95 19 5 73 61 56 61 72 99 10 39 45 82 25 56 70 99 23 3 93 99 88 43 9 69 9 29 15 55 18 98 26 76 1 53 20 18 20 12 62 33 49 98 
22 8 84 24 43 26 33 56 24 5 96 86 61 83 17 95 66 44 71 14 37 56 60 29 2 35 97 11 29 30 92 56 16 85 59 82 94 49 15 13 43 80 37 73 77 91 76 14 82 36 95 85 39 83 52 21 80 29 93 36 33 99 21 15 68 9 47 35 92 75 7 54 34 60 93 34 70 52 98 32 80 97 40 51 39 58 29 37 98 24 91 98 69 82 18 1 43 55 51 92 
17 1 40 75 37 24 52 59 52 15 64 11 68 74 37 84 83 9 36 93 52 56 52 5 39 39 55 12 86 68 59 88 77 14 42 21 8 24 44 10 42 87 9 97 70 49 90 20 17 51 16 62 93 28 14 66 73 53 34 38 0 3 0 26 91 63 2 18 22 90 83 74 26 34 65 48 30 79 20 63 58 93 69 94 59 20 63 51 47 37 53 45 40 89 13 44 9 16 67 43 
12 51 92 74 94 73 29 42 11 63 58 81 25 98 60 55 72 21 27 33 35 23 36 51 45 25 86 41 85 32 17 89 62 86 72 68 7 54 87 2 66 73 9 75 44 23 80 63 77 95 13 52 48 2 69 87 12 56 48 17 12 63 57 94 40 41 70 7 93 77 94 35 0 91 27 43 73 47 49 48 70 73 37 77 1 86 34 69 85 66 41 4 18 51 54 48 70 72 6 11 
