41 53 34 77 83 47 29 11 8 10 65 7 48 4 83 81 22 50 93 56 62 82 85 78 93 36 11 60 33 43 37 88 73 78 14 9 18 98 61 93 91 41 33 26 39 29 21 19 98 76 84 19 21 46 64 94 9 97 34 27 88 69 8 18 22 76 10 31 43 72 30 71 18 35 13 21 82 57 25 47 90 0 22 1 26 92 85 26 19 58 10 83 4 75 32 29 23 96 29 79 
2 0 44 7 83 20 83 87 12 43 36 31 55 86 47 81 33 53 41 69 93 74 96 83 39 65 59 5 17 46 71 41 27 47 89 67 90 81 14 6 86 8 5 5 80 53 92 87 13 0 78 88 65 58 75 94 46 17 80 63 45 93 68 21 97 25 99 77 13 26 7 69 12 87 96 67 31 78 48 63 27 46 15 41 76 50 63 38 93 48 31 17 85 89 9 35 85 81 50 99 
26 54 21 20 86 14 54 19 34 28 40 69 55 78 20 25 38 41 1 14 68 52 93 16 85 52 81 87 47 71 64 28 75 90 76 51 24 5 30 88 91 96 83 14 29 21 70 64 62 51 24 38 46 29 93 72 67 15 65 58 91 29 7 20 74 13 92 38 93 13 24 38 36 30 53 20 69 79 20 51 66 89 64 78 89 19 36 34 81 40 36 78 12 56 90 34 40 28 46 69 
82 98 13 65 77 37 26 28 78 23 71 76 68 23 77 46 11 1 68 76 21 79 30 32 28 99 38 28 60 63 45 52 0 27 16 61 24 13 35 95 86 5 33 96 25 8 88 74 81 31 19 43 13 76 79 81 73 44 50 57 96 37 90 39 4 9 1 22 56 79 75 23 67 46 64 0 97 25 44 75 87 38 61 12 22 94 44 71 68 83 70 9 38 26 44 2 13 27 12 4 
20 15 38 34 22 10 0 75 44 81 53 7 0 26 8 58 15 57 12 96 21 17 90 5 51 31 63 26 58 38 38 99 69 20 9 62 66 68 51 72 33 69 56 51 50 2 90 52 62 14 31 66 95 22 47 63 35 44 67 13 94 38 14 63 59 23 67 25 9 65 75 81 66 45 84 64 51 87 14 36 37 69 81 75 4 77 52 36 62 44 37 48 94 98 16 52 81 40 88 58 
69 53 43 17 81 16 66 88 0 36 97 81 49 17 35 30 14 38 98 40 35 72 48 28 18 62 5 23 65 10 9 76 95 91 36 96 51 50 24 81 21 82 34 91 46 11 25 55 14 3 19 60 0 56 68 4 46 52 12 58 5 65 92 77 15 43 77 70 56 41 76 81 18 96 33 2 76 94 45 21 12 73 65 42 67 82 98 71 78 57 86 47 6 62 0 8 81 54 2 50 
43 34 33 78 50 95 15 50 58 67 21 18 32 95 28 68 21 97 29 43 33 80 49 72 36 45 50 33 29 36 95 19 30 72 36 43 31 63 6 67 82 53 36 49 89 19 10 52 14 67 49 15 84 26 7 19 71 17 60 28 82 44 49 22 35 16 88 28 27 95 17 89 74 69 71 34 85 37 29 72 33 85 74 98 55 14 71 34 87 39 73 89 50 7 67 72 19 21 17 68 
55 60 1 80 27 55 32 42 2 82 45 70 72 98 81 86 94 62 2 35 63 62 62 24 63 96 34 77 38 97 48 49 54 33 24 4 9 70 90 23 49 62 28 28 57 15 9 54 97 66 35 69 84 95 57 94 69 20 40 13 59 80 68 70 18 99 25 94 19 39 74 42 18 88 28 17 89 31 59 26 51 31 54 80 70 70 88 37 6 31 28 93 80 64 57 47 57 77 28 8 
31 69 78 83 88 49 8 13 68 3 26 42 93 1 52 47 77 42 47 10 61 20 79 19 3 62 91 44 69 36 98 43 83 65 21 11 24 8 73 24 98 74 98 59 48 27 32 16 65 59 81 54 77 51 55 32 1 16 7 42 72 12 78 92 88 82 51 36 79 34 74 86 54 81 59 79 93 66 46 30 93 27 70 55 15 34 31 73 86 58 4 35 70 84 24 81 26 73 13 24 
91 3 7 75 45 16 26 59 27 53 18 30 30 71 22 83 91 78 23 45 66 44 42 36 21 4 37 36 48 78 42 49 17 98 76 23 88 30 2 31 1 25 25 22 12 78 73 56 73 74 95 83 92 49 10 37 35 1 60 12 8 92 6 41 36 11 38 70 97 64 91 84 82 98 14 15 75 89 52 12 48 48 88 57 50 45 55 51 10 7 49 0 96 3 34 6 46 39 20 17 
92 81 90 16 63 91 82 13 95 7 51 98 58 36 22 70 26 25 25 32 28 30 41 54 37 93 45 38 97 90 62 30 99 6 58 77 88 0 35 88 84 54 56 13 29 47 91 86 45 41 57 90 94 52 46 29 95 95 59 44 94 75 21 42 8 50 47 97 85 95 59 45 89 78 49 7 10 96 73 5 70 0 18 48 95 32 91 77 38 4 52 12 61 83 92 86 16 50 74 94 
38 49 18 50 95 52 5 11 0 45 87 91 31 67 72 9 77 28 41 18 65 70 65 14 74 6 51 24 23 34 14 95 82 49 82 73 90 72 97 69 53 19 98 76 94 65 8 95 66 80 46 0 18 33 1 38 64 79 19 22 97 53 3 43 74 84 9 48 30 89 20 77 44 60 17 20 33 75 45 9 47 66 29 43 71 58 89 84 12 10 63 74 78 48 10 4 22 53 95 73 
42 48 70 11 64 48 64 87 86 0 63 71 88 3 95 27 69 37 52 8 91 84 23 74 73 86 26 85 22 26 46 47 92 84 3 99 26 67 71 37 61 1 3 12 45 85 22 0 96 81 10 74 23 57 24 49 95 24 75 78 90 51 52 34 10 22 0 50 62 12 83 62 76 30 67 18 25 44 40 43 67 26 43 66 80 92 97 91 92 41 73 59 25 81 76 29 1 10 8 86 
27 15 55 55 46 30 54 88 58 20 53 34 72 2 28 17 96 62 54 91 48 42 65 16 52 76 31 62 37 55 32 48 91 21 55 38 54 34 89 71 58 28 7 19 69 58 68 73 17 42 52 7 51 22 58 89 44 3 4 92 61 53 38 93 48 10 60 37 93 65 58 93 58 88 32 72 19 73 27 32 80 89 89 94 93 34 53 66 94 7 59 15 87 26 92 55 7 5 61 70 
87 4 12 3 82 65 32 71 18 9 66 72 5 26 48 8 65 22 12 84 85 67 8 87 29 51 82 56 36 71 26 95 32 90 27 61 33 59 89 90 1 26 72 55 36 54 82 34 0 17 94 29 84 40 76 0 72 99 94 66 51 43 68 62 59 20 40 12 77 81 1 39 38 37 29 23 65 17 29 26 98 44 16 2 10 26 26 11 40 60 42 35 91 66 10 93 5 9 18 14 
56 48 72 53 35 46 14 70 7 26 36 69 63 86 60 88 4 92 75 74 89 18 33 29 14 27 88 71 75 6 89 77 7 19 20 39 37 16 98 3 32 6 91 79 66 48 33 85 26 18 41 46 82 82 72 34 62 51 83 80 75 75 10 55 82 91 75 35 88 0 17 45 90 84 35 41 85 57 39 75 56 58 30 12 49 15 22 45 68 38 21 0 17 75 96 26 21 71 44 44 
40 73 64 38 58 1 79 69 98 70 11 57 62 1 86 90 92 7 75 42 48 95 5 15 83 55 27 40 15 40 80 34 45 4 97 1 27 96 83 77 90 63 39 74 59 18 35 34 48 67 20 57 5 70 48 5 23 54 44 71 46 50 78 5 90 17 35 38 47 58 84 11 77 3 14 92 24 46 79 26 24 69 71 34 97 85 80 14 58 69 82 70 44 28 82 57 36 59 23 37 
48 11 65 17 50 82 81 86 13 36 98 84 66 73 75 65 66 70 36 22 45 20 69 9 62 79 76 91 11 70 35 98 19 86 86 74 67 18 22 16 6 42 86 87 84 95 65 62 9 25 32 73 9 86 66 68 39 74 93 69 79 47 74 74 64 60 52 57 22 48 72 58 35 60 45 82 64 9 47 17 74 95 65 75 49 67 55 83 69 34 8 56 43 10 72 95 11 76 78 8 
48 39 0 36 51 27 58 19 92 50 44 3 65 99 70 5 63 56 55 70 26 46 77 12 41 70 86 10 4 58 60 70 13 77 33 90 27 87 18 73 88 40 48 42 37 94 0 69 89 5 71 25 12 43 97 2 47 28 3 19 42 68 38 15 20 6 95 76 20 23 96 88 82 92 76 75 31 80 81 41 65 85 9 96 41 29 47 16 38 11 40 35 10 8 61 15 11 63 2 66 
39 96 8 76 68 77 75 23 43 28 23 91 68 61 68 11 53 15 47 48 30 0 71 84 48 86 60 10 96 76 3 12 19 69 82 45 80 23 17 88 89 19 42 25 41 56 40 50 38 21 66 57 39 3 2 80 80 55 8 36 56 24 37 19 7 51 91 67 84 84 39 56 37 40 32 45 2 47 14 6 74 8 47 98 16 83 64 82 50 39 56 29 7 20 40 69 42 22 86 18 
53 34 36 62 7 20 71 21 1 6 5 53 91 44 14 29 22 97 22 97 89 69 0 58 5 91 9 31 13 1 28 71 62 73 68 89 6 94 10 88 95 24 93 53 39 68 68 5 49 20 27 55 50 50 84 89 70 62 3 54 32 84 55 60 57 26 20 71 63 71 46 78 40 85 83 76 55 97 20 78 25 25 31 91 1 29 93 23 29 44 74 37 27 40 57 58 84 41 75 87 
58 35 54 91 32 67 42 48 26 19 62 4 18 3 15 65 34 59 58 25 79 42 39 59 82 13 94 34 28 89 73 37 59 41 22 91 67 99 66 40 66 65 30 31 64 39 82 45 93 35 87 57 52 84 5 18 64 18 72 54 45 66 86 65 86 90 46 74 48 72 12 71 1 71 37 47 66 72 36 87 74 58 37 85 52 85 44 93 66 48 81 20 23 26 15 99 10 17 39 72 
76 32 31 79 48 82 74 0 69 3 5 27 92 4 71 35 15 21 57 75 28 99 85 99 90 78 83 51 92 3 52 77 95 15 35 83 75 18 46 38 85 88 82 49 20 88 33 5 84 62 35 10 78 10 22 54 9 25 83 13 80 67 54 85 45 50 69 83 6 34 99 45 94 38 50 89 78 34 12 18 4 25 34 57 68 93 82 83 81 57 93 61 38 38 19 20 42 56 99 31 
81 67 27 97 16 26 26 95 10 71 6 2 91 29 6 56 29 37 64 49 42 90 64 52 54 48 6 11 33 43 59 23 27 57 34 11 70 75 84 0 11 7 62 81 29 8 28 63 50 34 77 80 32 97 29 92 63 72 80 44 8 8 5 75 29 15 35 61 49 42 94 18 31 86 1 10 38 26 39 87 76 19 76 4 27 10 94 38 95 26 87 45 53 78 60 83 19 97 58 25 
81 98 88 10 36 90 57 47 77 68 76 46 96 1 93 13 38 80 18 27 92 67 50 68 61 30 4 27 85 0 7 13 62 80 60 93 51 18 77 48 72 78 65 77 61 27 40 67 50 88 93 45 19 91 69 35 27 7 81 4 35 60 35 99 60 8 96 57 48 0 86 63 21 87 0 0 38 90 6 90 79 1 40 94 95 1 24 64 53 67 64 20 28 52 32 57 78 65 48 16 
90 44 14 13 25 55 33 52 46 86 90 38 81 12 34 61 26 78 8 9 37 98 84 36 13 61 77 61 58 87 58 25 59 68 47 50 51 64 42 79 26 50 41 67 16 72 87 9 34 38 89 21 52 45 69 29 22 78 15 82 74 3 32 95 53 89 73 26 77 84 37 19 38 30 45 98 43 54 35 24 64 8 13 48 74 40 44 53 43 36 80 56 39 69 37 48 29 42 63 22 
41 11 54 82 62 11 40 85 96 90 75 37 80 52 6 42 79 42 24 50 48 6 11 87 4 25 38 91 59 92 29 52 93 34 59 2 98 85 38 46 73 67 66 60 66 15 39 83 83 32 53 7 28 69 93 43 55 37 54 12 3 22 67 34 46 96 10 26 65 19 29 67 47 65 97 57 26 9 93 51 1 85 76 95 1 13 89 60 14 0 5 15 76 46 78 10 87 98 31 45 
0 54 51 98 90 90 83 72 47 21 26 26 90 62 24 68 61 29 75 2 38 60 3 52 44 24 13 62 39 32 0 73 99 6 52 53 81 31 0 33 43 84 13 84 70 50 29 61 61 22 71 69 59 57 25 59 93 89 64 1 25 81 31 37 6 62 54 50 34 43 20 84 40 97 99 5 5 30 47 58 8 67 42 93 41 21 38 52 28 81 3 34 43 18 95 45 53 18 31 68 
63 32 44 81 22 73 14 65 23 34 99 27 60 13 63 3 84 69 7 68 77 47 47 39 55 6 25 21 23 11 62 87 89 30 99 1 59 96 29 37 23 89 0 48 95 83 22 93 59 83 22 17 51 8 23 91 30 2 84 5 58 85 76 19 36 62 42 66 6 89 96 63 43 12 91 53 11 42 52 28 43 63 74 32 16 27 72 62 39 82 60 53 12 91 44 40 95 40 23 13 
38 84 8 17 21 10 43 22 26 61 96 65 80 69 40 62 90 5 77 92 56 81 73 37 98 22 14 94 64 35 88 99 16 59 40 69 33 12 88 19 76 22 10 98 82 48 34 65 46 54 34 53 27 27 0 10 47 41 14 57 73 44 45 26 24 87 8 57 25 9 86 21 55 6 27 53 1 40 91 23 8 21 15 13 29 38 84 74 9 57 85 1 59 82 96 80 62 27 77 51 
12 78 58 54 37 75 58 85 56 46 11 58 87 66 9 44 82 19 25 14 22 18 42 2 26 94 3 96 17 4 54 21 13 22 87 96 56 65 59 18 73 18 22 84 81 54 75 47 38 37 56 99 75 75 82 32 50 47 25 89 99 57 23 34 81 71 85 37 58 15 99 71 10 35 13 24 8 57 58 56 20 45 0 43 12 56 44 28 74 98 83 61 66 24 84 90 44 70 25 19 
48 42 57 2 96 66 68 50 73 22 76 36 22 58 45 12 97 34 48 92 15 27 24 59 35 25 10 21 94 65 6 96 49 34 57 62 98 38 65 54 64 34 59 20 38 46 72 53 78 49 54 29 90 41 56 79 70 49 57 59 63 88 24 42 71 54 99 3 86 36 78 3 93 89 19 38 37 1 24 61 26 52 7 72 53 69 52 1 26 28 19 68 18 26 4 44 76 38 0 77 
98 99 74 23 55 53 74 88 19 44 37 50 62 0 90 24 60 62 42 21 45 33 10 76 96 60 97 5 81 67 83 64 43 28 18 14 35 37 90 96 55 15 80 15 62 25 67 80 73 33 89 47 49 77 49 11 5 94 15 43 86 25 53 16 33 43 32 62 38 23 79 92 91 13 11 96 22 98 82 42 22 81 46 75 87 80 68 69 21 23 66 93 15 35 89 14 84 59 71 0 
82 68 27 3 69 95 21 21 90 99 56 5 72 99 63 13 59 0 80 74 92 31 55 39 76 34 19 36 80 45 80 44 11 67 68 21 70 76 91 30 69 81 53 32 63 70 19 17 48 8 40 19 65 95 45 45 96 26 11 95 76 28 69 94 23 61 81 2 14 25 67 47 45 72 15 53 31 99 18 28 96 10 13 94 61 15 29 59 24 93 18 4 29 29 9 99 32 93 87 70 
89 6 56 44 28 39 32 95 20 50 65 0 93 55 45 57 4 46 26 45 28 90 31 37 67 87 96 85 39 84 21 49 50 70 27 9 11 91 3 50 9 10 19 7 52 66 94 26 18 5 20 84 96 11 22 72 22 3 91 2 1 25 95 27 58 93 6 78 41 43 73 10 16 24 72 99 37 8 27 27 99 95 51 2 68 61 44 83 94 69 17 40 91 85 33 56 13 76 19 40 
88 20 28 68 55 95 9 14 0 48 89 42 47 13 28 8 71 15 88 12 18 96 54 45 72 72 4 24 47 43 86 93 2 50 6 46 19 48 77 2 12 35 7 93 61 11 82 31 18 58 62 62 36 56 15 44 90 65 87 47 96 9 85 22 60 72 51 65 95 66 16 97 99 84 81 63 82 32 73 77 45 13 50 41 58 79 71 8 15 89 6 46 0 79 26 28 54 30 18 13 
17 58 99 14 35 24 92 4 82 44 26 40 36 81 49 84 29 50 22 63 33 71 34 67 70 85 81 58 64 77 11 47 11 88 21 53 53 87 99 28 9 73 24 54 99 33 98 29 33 80 32 16 49 84 82 59 83 10 76 75 22 73 74 49 14 11 10 26 37 12 6 87 74 32 11 13 93 50 86 11 89 67 22 19 26 3 79 39 91 98 9 93 15 17 68 5 30 72 50 97 
22 15 93 25 31 96 64 84 64 84 72 98 18 71 79 12 78 49 91 49 78 54 99 75 48 18 60 97 67 42 94 10 66 86 89 22 30 27 14 23 10 98 0 55 49 41 48 79 3 78 72 39 32 2 63 96 81 56 98 11 32 82 17 93 79 18 29 58 32 13 61 61 52 93 90 48 8 81 4 56 54 57 45 16 80 89 76 86 26 86 74 94 43 7 92 54 22 82 30 41 
61 31 61 88 93 76 39 42 91 22 15 27 71 26 83 59 83 56 78 84 15 72 25 25 14 62 50 21 47 88 86 16 81 17 67 67 27 0 58 65 72 16 13 60 14 67 37 10 73 2 70 50 31 83 35 18 98 10 55 66 22 52 3 89 59 62 94 14 96 20 0 50 85 77 23 68 95 65 99 44 50 12 78 88 16 63 94 52 19 8 27 46 2 35 65 69 64 50 19 61 
70 1 63 55 40 3 32 49 45 51 10 33 54 34 29 90 24 31 76 3 69 72 19 67 28 69 67 29 36 91 9 21 27 46 93 74 79 22 20 17 17 27 88 85 56 35 36 93 68 44 28 15 11 69 10 83 33 25 80 7 83 10 32 24 75 37 78 33 82 15 0 34 83 69 28 68 70 7 49 51 79 1 15 64 10 96 40 64 26 84 91 9 85 34 80 79 72 91 84 58 
71 57 75 78 99 94 3 22 74 35 7 97 7 11 71 90 2 72 78 96 46 33 29 70 89 73 42 82 92 2 89 71 29 45 77 7 13 26 99 83 53 95 46 20 22 18 83 66 59 38 87 45 80 1 68 57 49 95 1 10 69 38 84 30 47 35 35 67 20 32 79 52 27 50 63 18 49 45 80 98 89 29 59 97 67 55 28 8 19 97 33 85 17 38 70 90 18 70 4 13 
73 48 19 95 51 21 17 41 64 84 0 91 3 2 14 51 4 72 71 22 24 95 15 49 41 87 58 3 6 87 0 20 9 56 4 13 18 23 60 87 63 8 30 82 83 5 65 87 3 36 7 63 24 96 10 25 96 73 72 89 43 45 4 78 49 42 65 39 61 25 41 38 30 57 66 5 79 77 24 37 0 70 23 31 50 33 14 84 60 59 17 68 64 97 86 58 40 66 78 67 
42 55 3 89 32 82 49 30 80 79 93 45 79 71 16 22 72 61 20 48 27 81 3 24 11 15 85 80 77 65 64 63 65 96 50 51 94 8 98 55 10 98 38 75 47 46 96 32 92 29 11 20 14 52 57 73 90 66 94 80 11 78 22 22 68 93 14 54 92 99 77 82 60 79 86 35 65 72 86 57 83 72 67 84 89 24 16 63 14 70 71 10 11 91 28 71 93 9 24 41 
86 26 95 41 95 21 25 21 13 36 83 89 57 51 96 75 8 20 26 42 30 8 71 39 33 25 71 36 54 1 68 36 92 69 6 30 84 17 40 73 55 67 33 89 25 54 35 11 47 9 82 59 60 52 38 81 53 78 18 12 29 84 28 47 45 81 9 12 61 82 74 15 79 96 55 47 5 88 47 55 65 30 20 56 54 93 17 1 66 22 45 87 71 63 18 98 35 58 13 47 
99 58 0 88 88 0 53 88 83 86 93 92 11 64 89 14 74 20 43 84 90 0 76 53 35 97 9 61 68 99 40 99 41 6 52 46 44 27 4 37 48 39 24 48 21 67 84 42 78 4 48 88 23 33 12 66 11 7 37 24 37 13 57 24 1 80 28 94 57 0 31 12 60 28 24 4 15 98 9 82 31 82 61 62 58 49 32 46 25 69 31 24 25 15 73 50 25 60 84 53 
24 84 34 71 47 24 69 88 1 30 49 76 0 42 33 67 99 79 93 81 10 50 14 47 66 30 78 33 34 13 70 58 32 14 62 33 8 56 32 45 38 38 31 99 23 31 48 46 9 63 62 91 66 75 7 94 46 54 7 65 16 0 68 92 51 35 38 13 45 12 44 65 7 39 27 22 6 22 51 22 70 87 55 60 29 91 56 18 74 58 69 67 94 37 54 25 39 35 30 1 
28 67 33 58 8 92 90 51 58 42 13 41 16 36 28 5 70 3 35 81 74 86 58 93 34 31 62 4 74 37 86 44 34 21 56 14 29 94 82 89 59 44 2 90 0 8 18 44 3 42 84 1 94 91 73 96 30 46 26 61 86 73 99 26 39 67 64 7 42 20 10 40 61 71 47 9 62 7 40 90 38 61 97 40 34 1 62 97 51 71 1 75 91 88 72 59 58 21 33 91 
6 47 59 72 79 92 71 54 98 77 18 92 24 4 36 80 77 79 82 46 1 54 12 44 95 94 86 59 77 22 8 4 35 99 27 21 7 30 58 29 19 1 93 28 81 38 88 48 0 70 36 61 20 62 74 47 20 78 0 38 14 31 19 65 27 67 89 83 99 34 88 18 27 39 76 80 64 56 2 88 59 86 4 25 88 56 27 9 76 5 86 8 26 72 33 10 67 88 30 94 
20 76 70 57 40 24 63 23 99 73 57 28 34 50 79 17 80 55 47 8 25 10 60 45 9 88 39 23 94 37 16 83 34 19 71 98 31 96 59 1 80 30 89 76 57 90 32 87 17 0 99 1 15 38 51 94 90 79 91 72 34 31 57 80 76 84 24 73 92 2 79 89 72 90 66 56 11 43 43 46 51 23 10 64 20 5 94 93 71 74 36 37 65 25 73 14 84 82 19 31 
70 63 19 29 43 42 17 8 70 89 72 74 38 47 4 18 91 70 9 19 86 21 19 50 85 52 62 82 0 46 10 2 31 74 51 28 65 29 65 88 24 75 60 47 38 52 66 37 39 97 57 45 76 27 38 59 12 15 70 74 33 71 81 67 25 72 60 58 45 56 95 68 18 30 86 9 78 43 7 74 25 27 45 41 17 57 32 92 82 95 85 52 99 38 38 55 25 33 41 91 
93 47 18 0 47 17 15 68 59 16 35 34 97 8 89 13 21 98 22 61 21 44 5 38 81 55 55 76 23 40 35 63 91 53 42 89 33 77 50 0 50 86 19 36 91 91 22 64 35 31 66 59 71 21 44 26 33 17 32 92 62 17 92 79 20 15 35 85 10 58 75 9 20 66 22 11 94 73 15 29 13 92 79 96 66 27 90 3 45 48 27 78 8 65 79 5 3 32 98 21 
35 11 86 35 48 88 68 13 48 90 56 10 41 72 5 98 52 37 45 24 42 25 98 90 43 20 33 42 94 25 18 82 52 0 24 51 9 75 78 73 11 49 74 38 12 92 85 35 34 68 55 11 56 20 28 3 8 97 44 23 55 41 51 31 57 94 40 91 86 75 67 6 0 66 12 49 21 23 86 1 35 40 11 83 87 57 30 7 23 81 7 14 79 49 46 83 34 37 62 93 
96 29 75 10 15 34 22 39 98 33 36 98 65 16 14 92 34 86 75 41 68 67 66 44 2 77 10 68 18 76 67 23 27 97 42 96 7 17 36 4 77 44 92 16 86 68 11 54 39 18 99 57 38 24 42 46 92 44 15 97 98 4 74 51 35 34 33 28 86 18 99 8 96 70 72 90 47 73 94 21 76 15 98 91 50 60 66 79 53 22 93 29 50 85 79 39 15 49 75 14 
42 86 30 79 29 47 59 72 16 83 67 42 26 33 65 63 41 90 82 38 60 49 73 46 70 58 59 21 65 77 89 83 24 4 30 77 17 4 90 30 17 57 11 63 1 54 83 73 65 7 10 85 95 42 42 35 6 35 33 28 15 43 26 73 96 1 41 63 43 25 3 48 58 28 17 97 20 79 1 70 66 38 87 43 68 20 85 40 93 69 1 88 70 63 30 45 77 45 53 27 
89 53 97 90 66 35 25 92 41 38 61 88 74 56 21 4 99 85 13 17 21 56 71 97 70 76 73 71 41 43 34 94 73 88 29 4 90 95 16 25 50 15 34 72 3 40 2 60 78 65 98 38 60 63 0 83 90 78 92 8 46 12 94 53 52 88 53 22 30 28 85 38 12 86 49 87 23 75 32 31 60 13 8 24 43 31 19 70 44 26 14 90 37 39 23 26 86 30 51 88 
42 61 68 9 55 82 68 11 20 20 22 5 72 73 8 13 13 75 41 86 46 96 95 7 46 88 25 35 71 25 3 31 34 67 18 45 15 27 46 6 70 44 97 38 79 44 21 90 40 20 21 55 49 23 24 93 57 33 42 99 70 31 76 61 29 53 62 53 59 70 63 82 3 55 91 14 49 51 31 24 78 62 91 65 41 68 12 66 42 16 68 37 52 68 38 71 12 3 40 7 
64 15 99 97 97 32 50 53 50 41 87 97 32 40 31 40 14 15 67 61 24 21 71 99 58 49 49 2 47 79 69 78 6 57 27 94 90 0 2 72 21 87 96 11 98 30 66 1 95 35 94 26 48 9 97 4 94 38 2 12 22 75 12 70 97 49 79 29 32 86 13 85 8 52 30 12 20 85 63 34 18 28 55 92 78 48 8 0 36 94 44 7 77 99 9 51 53 34 17 74 
32 63 33 77 89 89 86 66 98 33 34 92 49 15 45 41 66 9 71 35 2 34 87 42 3 96 12 93 62 13 31 85 49 6 54 93 45 10 23 52 19 5 72 60 25 76 49 0 79 40 35 89 74 29 7 20 14 90 54 60 75 9 8 66 33 68 46 48 64 14 29 97 88 10 12 88 85 14 85 17 43 99 94 74 6 76 5 63 76 4 74 88 89 39 25 69 14 41 91 53 
1 61 53 47 65 96 2 58 11 90 28 16 32 79 19 2 56 62 45 38 6 42 93 73 64 75 56 62 13 24 17 86 14 0 6 29 62 18 35 53 13 19 19 78 43 51 91 85 48 0 49 97 11 82 41 15 32 12 40 97 2 89 62 90 97 39 28 51 43 4 46 53 9 46 88 89 28 25 72 32 16 90 39 40 17 70 28 10 28 39 38 6 9 86 8 40 51 6 15 37 
27 59 51 69 17 3 65 94 19 85 1 49 91 59 94 15 66 30 10 55 90 99 44 5 10 0 50 46 8 23 68 27 20 27 42 83 93 77 74 81 7 56 94 13 76 88 91 54 92 95 18 76 92 93 77 59 72 30 29 79 39 69 38 45 44 59 28 70 67 84 29 23 33 70 48 29 76 20 0 69 13 68 28 67 79 48 53 46 80 42 28 47 22 46 14 27 12 80 88 6 
97 94 12 74 94 34 34 35 35 84 87 24 29 30 96 86 31 13 81 64 74 12 75 54 63 47 70 94 87 21 51 35 53 68 31 4 3 61 4 37 64 3 12 32 70 65 23 95 32 96 0 55 10 93 78 36 11 23 53 16 55 91 56 98 65 93 84 99 63 70 23 70 81 22 62 83 42 32 19 81 69 92 74 81 0 9 90 98 50 46 28 10 18 2 19 65 10 42 5 93 
93 26 62 69 0 77 21 23 79 68 43 67 99 57 0 17 75 23 6 6 68 50 93 77 33 9 36 45 59 86 86 37 36 60 41 72 47 95 33 6 95 80 60 43 83 37 65 86 20 75 35 61 85 88 39 99 44 72 16 74 94 79 9 94 85 85 92 42 43 60 71 78 27 49 16 96 14 65 53 98 72 79 95 64 28 43 54 10 47 28 42 57 25 37 92 50 56 17 56 79 
19 81 2 57 98 31 70 78 95 72 76 40 20 52 52 13 62 49 19 88 26 21 10 28 41 97 42 0 13 43 20 15 38 90 22 85 54 57 91 41 61 72 75 52 11 93 50 38 51 34 76 31 16 66 29 57 26 91 0 56 12 32 81 46 99 42 87 49 85 63 58 69 83 73 17 54 72 0 39 69 31 83 64 50 38 88 18 74 40 70 29 14 92 87 18 36 43 50 50 16 
12 94 95 46 70 76 99 14 86 81 53 68 42 4 48 41 4 19 41 17 75 11 89 50 78 53 83 13 74 54 91 8 35 34 74 88 70 1 12 52 26 89 4 29 23 64 90 44 42 62 7 81 94 17 36 92 18 17 76 69 36 45 16 24 10 10 8 75 95 95 8 36 44 12 78 14 55 52 77 87 0 97 35 29 98 77 87 49 12 40 42 33 45 43 95 48 45 55 92 88 
65 94 35 47 20 13 9 14 86 15 94 78 45 13 93 59 23 43 85 75 44 89 68 27 12 57 95 12 67 8 94 37 67 96 34 19 45 97 8 53 0 58 84 5 35 2 21 34 77 18 38 47 21 73 22 76 63 55 5 64 93 18 99 35 58 15 44 97 73 11 32 23 85 9 55 8 8 99 44 78 0 3 47 18 1 40 17 5 48 24 47 68 23 73 66 27 2 95 61 14 
2 72 48 44 96 55 7 43 93 45 26 87 7 81 39 26 62 13 8 0 64 49 3 37 45 68 99 20 27 1 46 80 21 8 0 4 99 36 5 78 5 23 77 85 11 32 75 93 69 89 63 51 2 66 17 29 99 72 19 89 1 92 86 25 74 86 80 27 20 22 4 34 10 90 55 96 32 26 69 85 41 71 63 77 0 37 92 25 12 28 49 8 95 81 65 55 53 78 89 61 
28 2 24 45 30 10 27 45 94 21 71 56 16 72 63 29 20 49 96 50 33 20 33 84 15 72 28 68 73 1 42 62 58 59 46 28 70 18 69 18 85 1 88 5 84 43 35 25 39 12 89 10 94 42 20 88 71 28 78 67 35 79 63 11 84 30 77 16 58 62 42 72 69 7 25 47 91 77 24 84 29 27 28 99 15 24 5 58 76 34 51 80 27 71 21 26 84 14 21 92 
74 59 45 60 9 2 77 48 99 74 57 86 2 53 95 87 36 70 64 29 45 1 8 74 57 50 31 21 36 29 43 51 18 37 90 0 74 76 4 55 24 73 2 79 38 3 73 64 16 97 13 37 32 62 71 43 17 60 17 10 22 51 70 7 73 27 38 45 0 74 95 64 72 91 75 11 88 84 31 1 1 89 53 50 27 77 95 22 86 52 20 75 94 17 54 23 48 38 24 44 
63 34 64 19 33 47 37 62 73 61 7 18 25 9 23 0 87 57 57 63 66 50 19 90 42 19 48 74 67 86 60 48 38 48 21 16 49 6 91 8 85 85 96 14 37 57 44 19 8 78 31 3 43 55 42 5 24 72 59 90 10 57 75 68 7 68 74 95 82 3 86 61 48 69 23 43 13 11 79 8 22 1 88 24 90 7 94 27 70 49 59 78 9 82 36 90 84 68 54 85 
17 15 84 98 94 49 75 72 40 85 40 93 29 14 24 27 31 85 58 32 42 81 84 62 47 31 27 57 26 83 89 24 53 94 23 25 54 16 32 49 67 71 11 71 36 28 32 92 81 46 94 27 77 89 95 82 98 13 41 81 53 99 35 69 84 63 87 51 66 86 70 70 91 66 61 71 16 12 31 20 70 17 11 54 78 53 47 94 52 47 80 6 24 33 77 25 80 54 70 49 
68 69 26 52 30 73 65 51 81 89 37 21 84 35 23 84 87 72 93 71 86 26 99 76 37 52 94 14 74 76 46 57 5 26 99 89 52 73 47 73 11 44 95 93 96 7 29 89 46 74 43 31 31 81 87 99 90 20 26 74 78 41 35 13 52 80 50 58 19 86 72 59 90 17 72 46 62 54 34 74 4 76 7 43 73 85 54 83 84 91 10 87 28 36 63 20 27 77 65 87 
6 3 19 3 37 71 4 74 93 64 24 73 45 86 21 28 46 17 47 0 27 71 41 91 11 22 40 13 48 85 94 53 8 61 76 24 78 95 84 83 91 4 94 55 21 35 47 16 43 3 30 59 91 60 11 1 69 35 17 94 36 33 17 46 46 31 79 46 71 0 35 3 2 79 88 88 55 80 11 61 40 32 76 94 55 51 73 16 96 18 27 30 83 37 4 76 20 98 9 88 
13 91 73 5 67 0 91 37 41 65 33 57 33 42 4 42 68 24 10 86 73 19 9 53 17 72 57 61 53 50 53 72 35 91 11 77 74 24 34 68 41 61 27 86 6 45 42 76 47 50 94 6 32 31 51 27 70 3 40 11 91 50 16 81 11 53 56 59 67 42 93 79 88 60 3 47 58 20 67 26 46 93 33 24 60 50 18 84 73 21 39 45 60 34 9 67 75 84 40 71 
77 23 89 64 18 51 1 47 50 28 30 62 21 7 24 0 67 15 52 84 99 71 8 99 77 15 60 47 5 17 63 49 54 11 21 89 2 6 15 52 54 65 95 83 2 65 94 78 75 39 75 23 20 24 94 25 78 45 69 35 78 40 14 13 0 53 97 44 50 24 43 69 34 37 39 52 51 74 0 86 33 41 55 29 16 41 6 90 51 15 53 80 45 32 12 27 72 74 74 59 
72 98 40 90 38 91 81 35 33 20 56 64 73 82 99 95 31 42 11 12 72 26 71 94 57 98 74 43 45 37 19 93 85 71 55 91 33 45 53 95 88 23 8 5 46 62 99 79 80 2 41 90 68 49 28 58 33 65 70 62 81 46 8 34 5 84 67 60 77 28 32 92 20 20 96 79 94 56 19 71 52 86 20 73 20 1 70 14 99 18 42 26 98 15 65 42 88 64 48 5 
8 7 72 54 5 75 19 12 39 80 40 93 4 85 73 87 64 70 27 8 17 0 86 36 62 94 23 5 89 65 34 78 23 23 8 9 22 43 9 38 62 24 17 3 57 48 11 49 88 83 3 14 15 76 28 69 63 11 29 11 5 60 54 20 33 27 81 13 21 69 54 78 95 17 18 87 78 46 79 83 64 76 16 42 63 70 90 88 73 99 8 80 65 19 31 13 76 40 17 26 
20 20 7 69 54 30 24 99 30 40 15 70 87 95 92 30 96 29 56 0 58 34 59 32 2 98 53 26 2 61 47 36 8 57 14 62 11 40 26 58 48 86 85 0 70 21 6 20 21 25 68 99 28 95 62 20 55 80 65 44 20 27 51 67 76 95 86 56 89 2 24 79 37 91 85 83 49 81 75 83 83 19 68 28 21 7 77 58 95 2 42 65 90 82 86 40 86 11 88 1 
1 6 66 16 73 23 1 41 40 73 62 55 94 99 19 74 55 97 73 31 65 27 56 39 24 13 19 73 36 1 90 96 11 20 13 48 0 7 55 48 87 1 7 8 2 73 86 47 71 38 65 88 46 44 4 28 90 45 99 88 27 20 47 53 35 50 32 59 65 27 23 26 45 14 63 74 94 75 92 98 96 5 9 75 18 29 45 14 39 13 48 67 95 80 16 36 76 77 40 29 
54 87 11 13 64 32 24 57 59 64 53 67 12 83 14 74 37 49 67 92 44 22 36 64 84 87 76 89 92 23 96 2 17 17 89 60 6 14 37 21 58 54 85 38 49 0 91 27 55 97 19 38 65 55 78 57 34 98 7 72 25 52 4 58 15 72 20 71 60 64 83 34 17 85 93 47 96 19 36 48 99 88 79 12 46 69 99 64 28 0 13 97 72 0 48 74 40 62 29 30 
62 24 64 24 0 87 48 47 57 48 54 80 30 63 86 90 87 24 70 32 47 99 27 88 81 42 53 92 88 55 35 69 39 43 55 92 13 77 15 0 60 0 59 63 80 85 5 64 71 23 71 41 79 95 44 86 24 30 94 53 26 80 86 72 68 12 76 96 22 38 16 91 49 99 50 40 17 75 66 6 72 79 63 66 80 13 21 13 20 89 19 34 23 17 22 35 14 61 60 65 
73 67 73 84 23 37 28 85 13 12 24 72 12 75 85 21 10 97 40 10 78 51 25 5 19 41 84 74 63 62 50 28 8 59 70 24 35 84 47 37 40 65 32 66 4 36 85 49 96 86 83 30 63 23 51 40 90 49 35 49 83 60 2 75 40 96 46 9 89 19 2 32 9 62 68 44 11 61 59 59 71 41 22 75 21 50 81 41 48 97 36 40 0 75 17 0 20 50 8 81 
77 56 34 11 69 50 74 7 19 91 44 57 39 13 59 67 52 87 12 14 41 95 41 40 25 34 6 58 38 54 55 3 11 19 93 72 68 38 18 5 62 5 59 16 4 47 92 5 14 63 51 26 88 50 0 23 21 70 57 72 80 28 48 14 54 10 45 20 62 57 30 75 33 92 32 76 42 42 44 72 45 45 18 12 10 52 25 51 37 58 39 32 7 19 9 40 24 30 30 87 
38 64 36 98 40 80 4 9 28 55 4 70 74 78 10 38 99 86 86 62 45 47 30 57 51 60 90 56 59 30 67 42 58 38 24 5 47 4 58 84 80 2 19 46 81 42 2 71 51 27 53 46 0 93 25 67 76 14 33 18 15 59 20 47 16 48 72 11 38 73 27 3 80 86 29 28 34 96 14 43 93 40 22 9 12 59 53 82 17 30 48 62 38 48 33 68 13 22 58 46 
80 38 81 68 17 4 75 32 53 4 10 14 63 48 47 5 43 81 0 50 16 15 34 76 23 31 27 67 85 79 21 89 98 56 10 13 15 75 19 18 9 40 35 84 31 64 82 69 42 72 21 23 47 70 56 64 53 48 33 74 67 92 26 31 32 58 10 36 33 12 60 98 31 45 76 45 2 59 6 21 13 16 21 49 87 15 36 42 97 16 27 16 73 28 32 86 46 85 23 4 
69 46 47 96 31 78 66 94 20 62 28 29 76 4 78 77 20 97 96 14 47 27 65 52 77 11 63 77 88 81 35 81 57 38 34 88 9 61 47 53 0 57 83 41 75 5 22 85 97 21 16 28 43 76 48 44 96 55 68 80 93 65 81 26 98 35 64 67 17 62 77 83 24 19 35 25 1 58 57 86 40 46 3 17 48 36 51 47 82 62 25 83 15 34 2 37 0 78 77 71 
26 26 56 9 10 49 76 61 39 76 29 93 39 93 61 59 12 50 67 85 86 96 77 94 96 19 53 9 70 31 42 21 98 65 94 17 83 2 63 45 89 51 68 80 87 33 90 87 69 7 95 14 70 10 21 34 65 65 66 34 58 13 18 90 7 38 49 33 35 63 75 57 39 74 46 25 52 3 15 46 76 31 47 90 24 12 55 37 33 19 53 4 42 37 65 96 22 6 89 75 
62 99 89 94 29 49 9 2 97 59 91 62 5 89 47 65 81 1 70 92 70 38 71 43 43 38 36 45 59 8 60 65 27 43 11 62 86 22 23 53 28 48 34 81 20 21 64 59 41 38 50 0 94 85 51 8 17 9 74 84 89 21 52 54 0 78 39 90 91 6 60 49 19 6 89 94 32 12 77 25 40 2 44 11 82 65 42 21 20 65 23 16 37 64 36 93 87 49 37 19 
44 96 70 61 11 99 95 8 78 50 11 45 18 34 27 91 58 58 30 3 15 15 20 55 48 30 25 0 61 24 91 39 33 90 83 95 52 8 84 49 46 30 36 68 18 61 35 54 70 47 21 75 99 91 28 68 84 19 10 22 34 94 87 56 62 92 38 86 90 48 52 88 8 89 34 79 53 4 33 34 50 93 59 55 41 80 7 67 97 38 95 43 53 8 37 61 90 83 24 70 
80 17 24 81 92 7 97 56 71 75 80 74 17 95 34 29 10 95 77 48 57 0 29 7 36 37 47 21 67 83 68 47 76 39 83 64 9 30 27 13 60 73 64 37 44 62 84 11 49 39 55 23 86 96 70 62 37 46 87 58 55 55 46 85 36 63 10 57 97 89 42 28 40 58 1 1 91 73 89 55 33 73 84 20 62 19 92 52 13 23 84 75 7 31 78 49 57 97 44 96 
38 14 34 15 70 80 68 93 2 85 75 40 9 80 69 15 47 8 75 22 24 11 67 20 95 89 97 1 71 0 89 97 73 46 9 81 79 44 5 53 77 62 12 45 62 37 76 0 58 4 14 46 33 10 19 29 78 10 42 74 77 28 9 61 94 32 49 2 99 81 10 41 99 71 83 52 76 75 68 48 94 94 81 1 74 17 20 50 1 21 37 28 17 59 29 2 48 25 49 86 
30 13 81 97 42 25 13 40 43 51 66 17 49 67 60 28 81 12 82 47 29 16 47 28 61 27 4 85 33 56 50 41 44 16 37 41 28 7 41 17 55 45 88 44 29 91 80 97 63 2 74 68 12 35 15 96 90 24 46 23 67 26 67 71 80 95 98 13 2 10 15 95 7 60 81 86 63 37 12 50 60 20 95 73 54 55 97 62 84 67 68 78 55 78 96 16 52 10 45 34 
63 97 31 82 65 93 85 77 99 86 76 89 20 53 38 11 49 32 26 49 58 63 73 96 57 97 13 12 38 8 17 38 61 45 62 18 31 27 1 71 5 25 69 52 22 46 57 72 4 57 81 80 2 41 93 35 16 7 67 95 55 65 83 10 98 65 23 11 77 7 28 34 68 15 62 42 20 71 70 66 50 31 50 13 38 25 25 5 98 39 57 33 90 15 73 51 67 46 79 66 
45 32 54 52 98 60 43 90 68 51 89 19 4 61 70 3 59 58 56 65 85 66 24 94 1 76 81 11 44 84 32 21 46 59 35 24 21 99 76 66 91 6 16 5 70 32 84 2 29 77 2 87 82 99 86 11 46 64 91 88 57 78 72 45 95 4 52 30 18 84 2 1 17 46 89 78 71 63 84 30 80 41 43 94 81 95 41 82 54 80 85 96 58 73 95 43 9 70 80 34 
89 40 76 27 77 32 35 80 49 19 6 7 48 35 20 24 90 45 1 73 93 19 41 97 82 52 71 81 8 22 24 16 21 63 95 40 5 23 11 62 34 4 63 49 72 35 33 0 40 18 16 10 63 67 94 6 50 72 58 93 52 11 83 36 88 92 2 36 71 64 4 95 7 29 46 8 61 36 12 22 49 58 88 91 72 29 13 47 6 32 84 46 0 82 49 74 48 72 85 11 
16 26 90 65 72 11 60 64 27 62 47 43 51 12 92 11 59 75 89 64 46 37 91 35 82 2 78 22 50 90 76 26 84 39 14 39 17 77 51 65 18 26 93 29 3 4 85 61 38 93 46 17 18 67 33 62 64 64 87 20 90 75 20 71 54 51 11 33 18 28 13 59 53 32 62 65 80 32 30 35 55 99 0 14 89 41 77 54 51 15 87 28 23 91 72 7 76 8 77 47 
2 67 18 91 54 7 31 15 80 65 75 24 62 59 96 43 49 20 64 39 15 97 19 19 87 49 0 91 36 75 72 29 50 11 45 71 43 4 35 28 49 86 41 52 49 72 73 44 72 71 17 45 63 71 81 47 40 61 81 77 23 42 85 75 30 16 58 45 49 31 6 66 25 77 94 39 39 24 68 73 19 3 0 32 45 59 71 50 95 88 6 91 65 57 95 98 98 41 93 87 
36 86 73 75 62 98 85 9 91 55 8 98 69 99 93 92 7 73 45 14 84 90 75 83 22 92 14 92 94 90 35 39 72 28 87 49 0 50 31 82 70 3 85 8 92 48 17 49 2 48 89 77 23 39 37 43 25 42 47 34 77 41 10 76 60 3 0 98 69 9 6 10 76 21 83 1 74 81 7 59 86 77 17 89 20 13 79 54 12 27 25 85 28 75 61 1 5 84 89 16 
84 54 53 78 81 28 19 62 56 35 76 47 83 44 5 16 62 63 73 35 53 56 13 19 15 55 37 56 87 98 93 9 76 9 32 4 88 25 64 60 30 22 10 63 88 88 51 9 62 83 32 36 57 33 29 26 58 6 0 76 50 98 44 68 2 4 12 37 43 79 58 5 44 61 15 64 99 73 25 64 84 5 15 40 67 13 59 12 61 75 93 65 78 27 7 1 34 41 8 26 
56 8 98 31 30 13 35 35 50 24 50 97 44 70 90 95 65 45 50 67 19 36 33 91 23 54 69 60 67 32 12 17 12 56 43 85 7 41 28 26 78 85 15 68 13 26 41 13 69 36 7 94 78 77 51 22 72 34 50 49 47 94 61 92 63 24 81 27 48 22 32 23 58 91 35 25 49 28 61 74 33 83 65 12 36 96 87 90 54 52 62 56 8 86 38 62 96 72 60 0 
13 3 27 40 68 39 54 60 58 5 53 90 11 5 56 59 78 90 29 63 29 12 82 81 35 9 35 38 5 15 61 66 46 41 35 27 86 44 8 49 73 60 2 6 67 47 69 50 12 38 42 69 97 9 9 44 68 35 25 30 84 94 19 68 79 64 98 63 30 83 34 52 42 70 98 28 95 13 91 53 93 21 69 73 58 0 7 41 67 11 59 13 30 4 35 62 31 75 63 96 
