86 88 91 9 1 87 51 1 30 26 70 84 34 98 62 5 83 60 5 25 44 58 61 63 47 2 72 56 40 51 55 2 10 14 35 77 5 34 9 98 7 71 14 39 68 31 90 90 81 58 54 22 98 39 7 52 71 64 86 70 96 11 81 93 96 9 19 94 32 44 66 25 99 87 28 35 45 92 28 25 96 85 3 50 46 91 14 20 77 61 93 45 12 80 21 45 39 10 54 50 
40 56 64 88 82 39 43 30 1 94 64 33 76 26 94 35 60 54 77 39 74 17 42 67 51 89 71 34 70 45 80 11 78 50 55 89 0 82 19 37 30 57 99 73 37 21 33 55 68 47 37 77 78 85 4 69 31 79 72 68 58 33 2 99 49 16 65 2 4 61 13 84 7 72 12 71 66 33 20 4 78 26 45 6 5 5 83 8 22 97 71 19 11 51 79 80 75 80 4 26 
11 47 72 48 95 76 91 14 21 50 81 92 89 93 65 94 75 40 44 46 81 64 33 27 68 31 39 40 94 42 59 28 10 65 8 51 79 40 73 89 28 17 38 42 19 49 37 74 12 15 10 69 52 76 96 29 75 64 67 10 3 15 91 46 59 35 94 3 95 17 1 54 16 38 10 29 70 76 50 80 39 74 69 39 63 32 47 63 78 98 46 38 14 47 11 7 18 28 65 58 
66 58 99 92 16 73 74 7 35 62 67 41 57 88 34 74 66 45 47 30 98 6 16 88 63 29 71 47 53 13 13 22 2 64 71 91 2 4 5 51 89 99 64 58 94 85 84 0 28 30 6 99 19 16 49 39 34 57 3 26 30 45 99 50 65 3 30 99 44 74 35 45 98 90 94 93 90 14 87 99 6 44 7 37 1 47 46 54 34 5 16 8 55 69 6 78 72 54 35 0 
83 81 96 93 76 75 24 40 81 87 12 62 76 86 50 75 4 44 30 42 92 18 33 22 66 25 14 90 23 34 55 78 99 45 45 79 60 39 62 62 74 67 50 1 66 29 43 47 23 42 26 64 52 83 19 94 39 72 32 21 42 2 5 46 40 84 69 40 6 38 65 18 18 79 57 8 60 17 7 16 59 98 49 60 14 26 17 17 92 94 94 89 37 59 9 50 58 63 13 90 
90 3 0 34 93 2 17 23 89 5 74 78 16 28 11 90 30 47 83 83 3 4 67 93 35 44 75 3 40 81 87 94 76 3 43 33 15 41 43 70 79 86 86 60 66 39 84 59 39 23 85 17 62 66 8 46 85 6 16 18 79 19 29 69 43 53 50 75 76 92 6 53 68 27 65 60 85 59 37 21 35 70 68 73 23 71 71 78 55 65 27 69 67 56 3 41 28 70 90 12 
95 74 43 64 85 5 78 33 52 13 65 17 60 75 87 9 11 0 39 2 65 84 12 66 36 90 67 91 87 13 74 36 70 27 80 4 9 67 2 75 84 9 92 32 15 3 78 43 89 24 20 46 91 31 56 51 54 9 79 48 60 20 95 31 63 56 44 91 78 6 91 43 66 50 3 1 16 57 54 97 91 72 23 55 92 20 86 66 56 30 87 87 43 28 83 18 75 49 52 62 
42 81 15 91 83 29 45 43 2 82 5 90 83 32 43 87 81 96 42 14 84 57 1 67 15 19 25 47 42 21 86 34 42 1 18 76 66 30 26 24 30 65 34 38 70 79 44 83 94 22 76 3 80 17 27 30 45 17 6 71 71 77 53 37 6 42 59 86 6 92 50 95 45 63 22 92 28 13 47 68 15 59 49 1 57 99 1 67 21 85 0 70 71 49 25 25 14 23 2 42 
34 47 14 52 77 44 59 2 1 28 71 49 52 50 36 11 30 78 81 50 83 24 86 97 23 88 31 56 98 37 63 94 19 84 78 42 10 47 84 83 37 5 60 45 64 73 22 71 21 87 93 99 91 81 56 94 41 6 65 80 77 51 67 64 65 15 28 95 14 89 46 79 87 83 23 30 97 48 38 80 52 17 88 54 24 5 15 79 45 36 82 24 56 38 49 98 80 43 82 58 
79 89 68 38 36 91 59 23 17 37 24 39 12 53 79 99 84 92 46 27 57 6 31 0 63 81 89 82 39 97 47 56 83 12 90 73 44 52 0 92 41 41 68 78 1 31 40 38 89 37 73 17 35 95 22 68 10 1 47 95 24 92 32 99 52 25 60 58 35 8 3 53 77 71 35 30 47 82 73 19 80 81 4 27 9 80 26 68 93 62 60 53 85 5 99 12 39 73 7 38 
9 63 86 10 48 40 68 23 54 59 78 42 81 7 20 32 9 88 80 60 99 99 44 67 7 68 14 3 43 7 70 53 29 75 68 75 68 75 52 22 57 5 78 60 39 0 85 4 36 44 75 84 34 57 57 51 14 36 65 28 22 52 97 80 33 61 86 80 99 38 21 53 33 25 93 31 52 23 1 87 61 55 3 60 52 87 5 80 97 89 34 28 18 40 85 21 27 28 14 73 
94 33 53 78 26 42 39 72 6 13 90 17 94 94 48 28 34 46 3 66 22 69 35 53 92 10 41 86 20 5 15 82 57 9 4 87 84 73 93 12 6 45 11 2 77 53 23 76 43 69 80 49 51 97 44 45 60 11 81 9 23 51 17 19 43 82 36 74 23 58 58 93 44 36 5 42 91 47 35 37 97 93 74 5 89 32 27 18 22 94 70 28 86 8 9 45 34 47 99 61 
62 28 34 45 95 78 58 9 52 53 20 65 66 1 71 7 72 11 14 42 33 88 47 46 27 80 38 2 56 5 80 38 27 3 50 7 61 2 0 3 48 34 75 25 7 46 31 93 44 5 33 36 35 28 32 63 35 28 52 48 62 95 80 60 44 65 92 6 24 49 39 61 34 47 59 2 96 56 29 0 48 36 66 96 54 59 90 78 34 36 88 89 20 2 14 15 74 79 15 16 
89 94 94 13 72 3 24 26 97 34 81 1 66 84 31 37 71 29 59 25 52 11 13 51 53 13 70 23 53 8 60 92 12 62 29 24 88 7 19 11 94 89 51 62 48 90 35 25 54 61 66 3 21 18 91 4 39 93 85 0 80 2 69 38 37 44 88 59 51 19 87 56 86 4 48 21 83 50 51 71 22 88 68 40 72 48 11 2 72 78 37 66 96 1 9 10 27 9 92 48 
29 90 32 69 66 4 91 76 94 15 42 3 17 13 47 32 46 14 24 48 69 79 21 37 46 70 45 8 0 1 3 21 93 29 87 13 74 20 44 93 43 98 4 33 29 17 90 44 47 87 78 62 98 81 38 61 36 1 32 20 58 67 68 37 21 35 79 98 74 25 48 71 24 30 57 22 7 19 93 98 55 60 82 44 83 11 38 86 18 37 58 46 90 63 8 24 55 65 28 83 
14 31 25 41 7 40 86 8 15 12 37 91 14 85 2 78 96 66 44 93 78 82 35 35 39 23 89 5 44 66 54 8 93 57 6 97 26 8 34 16 73 32 9 79 7 73 5 28 0 89 96 92 34 34 8 85 35 48 54 74 40 75 34 97 37 32 68 38 53 73 41 22 20 86 78 87 56 89 16 42 44 25 75 64 48 7 12 77 92 85 96 54 31 55 75 22 84 55 65 88 
34 0 76 79 81 22 86 37 47 56 89 52 28 66 76 18 10 77 11 44 80 87 14 1 40 91 78 40 63 71 64 7 79 76 34 25 68 97 59 87 40 91 39 70 8 3 3 96 52 13 34 28 85 13 52 35 97 27 37 17 53 91 10 23 38 77 71 82 13 43 97 55 1 29 42 57 88 8 41 40 76 2 68 59 83 29 2 44 28 94 46 42 92 76 57 24 97 77 40 16 
68 27 78 63 57 67 71 55 31 90 17 57 85 61 61 11 4 12 33 49 70 53 57 16 62 21 8 34 77 98 88 13 69 30 96 94 79 92 25 93 18 1 71 18 18 26 26 46 95 9 24 64 58 83 80 21 8 31 4 10 1 24 23 40 75 36 86 36 72 81 32 44 81 65 20 65 20 92 2 39 55 40 68 10 34 57 61 27 86 50 7 6 35 96 82 13 63 72 61 68 
76 34 81 66 40 12 94 33 35 80 53 10 73 39 31 4 72 38 68 44 80 97 16 7 5 45 28 63 97 2 80 76 3 42 23 33 35 85 68 58 15 65 43 35 21 39 99 24 53 79 99 74 86 33 43 34 84 61 21 36 61 35 79 7 69 54 70 64 25 94 91 44 11 16 97 1 94 55 28 19 25 24 16 27 91 57 49 37 72 21 49 31 59 87 6 73 21 9 95 98 
24 27 97 23 13 89 30 78 74 1 88 38 8 76 3 33 68 10 33 2 45 63 61 24 46 77 90 22 16 72 1 21 30 14 25 95 79 67 91 22 91 69 97 24 90 23 78 35 9 39 79 44 47 47 0 43 99 70 66 67 10 63 84 4 96 52 64 60 38 54 87 63 98 28 15 20 62 19 51 61 94 1 44 42 57 57 71 65 82 33 19 14 63 25 0 95 26 87 76 83 
21 15 86 22 71 18 44 40 89 33 61 19 87 24 67 46 24 36 41 80 11 11 8 8 39 94 6 62 79 35 71 58 98 38 52 31 66 50 70 23 0 0 9 1 39 79 60 3 4 80 38 97 86 56 5 25 37 63 13 53 1 20 5 82 71 98 46 38 31 81 20 45 96 70 22 79 56 11 51 21 85 82 18 4 66 91 94 6 26 16 98 0 54 37 8 84 18 64 19 76 
29 38 67 78 16 91 56 9 96 67 13 48 27 22 66 10 57 48 4 21 14 24 64 83 59 26 26 90 81 96 87 23 13 58 94 30 67 64 31 63 36 44 61 92 25 35 93 33 89 69 42 12 41 20 43 98 52 32 47 26 41 40 27 9 23 85 65 37 60 49 24 62 39 37 24 61 44 50 7 11 43 31 24 81 55 91 63 58 24 75 37 82 81 75 10 76 83 34 52 71 
8 29 78 72 59 55 5 31 88 54 77 62 86 25 15 66 4 18 77 53 53 14 74 52 91 95 36 54 69 29 8 68 95 13 93 82 30 9 56 74 61 88 34 88 76 9 21 2 71 69 4 61 1 18 82 55 57 21 98 18 48 3 64 28 9 32 34 89 45 56 5 62 39 87 34 72 51 19 29 57 45 71 52 8 85 94 27 83 8 0 19 91 70 96 92 88 37 7 60 11 
12 92 61 68 65 40 98 13 72 32 36 62 86 8 62 0 77 23 91 19 40 33 15 15 5 19 81 10 41 85 23 14 27 48 7 26 89 63 40 61 87 63 16 87 22 90 1 59 64 28 29 53 53 15 67 13 78 93 94 64 83 3 40 76 42 37 39 42 93 27 71 11 64 6 24 27 80 78 65 91 92 74 78 68 14 95 46 21 64 46 7 76 96 89 18 95 24 42 34 14 
66 60 92 43 55 54 25 14 66 67 11 19 87 29 17 16 33 48 88 95 97 45 41 12 48 26 29 82 30 20 43 12 32 52 5 53 67 49 62 77 14 99 90 42 66 72 38 81 48 7 21 3 55 66 95 34 78 90 6 33 68 2 62 98 18 76 69 17 93 35 87 42 65 14 82 82 65 56 77 44 72 60 6 65 79 58 77 36 96 47 75 56 2 93 4 42 54 71 73 95 
45 0 68 38 95 5 95 38 72 4 51 51 21 86 26 13 89 45 12 77 12 86 27 11 80 9 52 3 6 91 31 96 59 3 82 25 20 24 66 62 31 17 51 51 46 90 61 0 61 58 31 16 75 90 43 38 1 65 6 81 79 20 57 10 51 44 52 28 87 82 58 50 33 34 13 57 37 99 24 88 59 66 46 47 37 29 37 61 91 26 42 36 77 31 59 10 93 0 78 69 
49 75 64 86 95 72 90 11 48 98 82 58 30 16 46 57 49 95 80 52 88 23 17 96 43 56 0 53 12 19 37 5 30 65 71 66 85 83 73 26 8 94 0 43 11 61 97 70 41 45 41 67 53 33 94 53 59 46 12 9 53 24 88 61 22 29 95 3 91 98 34 43 17 24 72 85 22 60 82 74 35 19 14 74 1 71 54 99 71 14 51 32 48 44 63 88 21 74 12 55 
85 17 90 37 38 76 52 14 39 46 22 89 64 52 93 62 34 94 84 26 64 95 37 88 13 18 11 5 90 94 27 3 30 53 4 47 45 29 24 40 90 95 51 36 28 0 30 29 70 65 84 58 62 50 15 99 55 23 87 2 35 77 39 72 71 90 12 15 76 23 98 21 22 54 52 97 63 81 3 28 18 57 34 15 57 26 97 64 63 10 95 26 90 32 44 36 8 83 3 12 
8 87 12 0 36 80 81 57 77 97 22 24 70 46 23 22 40 0 81 30 50 40 16 97 32 27 63 21 97 33 4 74 21 73 1 33 20 68 75 1 45 12 23 99 74 19 22 93 80 36 1 99 78 81 72 26 73 53 15 97 42 12 55 73 99 57 94 91 82 55 49 75 12 47 4 51 94 1 7 53 10 21 48 82 63 36 38 99 24 27 44 54 70 67 8 41 57 73 14 32 
14 84 27 61 30 45 27 59 85 27 39 51 32 35 79 75 79 89 91 95 7 52 91 63 27 50 28 82 89 80 45 91 96 76 82 37 83 8 43 51 84 2 85 70 22 16 41 90 80 62 61 27 72 61 91 43 11 90 90 28 85 92 99 88 95 55 61 85 27 93 69 38 51 9 61 93 90 21 78 55 44 48 51 37 44 5 40 96 75 23 47 43 6 49 21 59 64 20 92 47 
53 86 84 82 66 5 92 2 50 5 94 46 65 54 9 38 51 65 30 41 91 56 29 27 52 13 10 21 43 11 12 1 90 23 24 22 25 50 81 12 51 74 90 56 60 54 64 6 20 41 14 78 50 74 14 8 90 5 31 40 24 10 72 54 70 71 58 18 15 15 44 66 13 60 61 23 64 32 87 50 21 92 7 87 66 33 22 51 94 36 10 97 86 2 0 50 61 15 12 42 
74 76 73 46 60 20 64 72 3 49 31 76 88 35 82 68 1 96 52 14 34 39 33 25 95 86 0 93 67 3 45 18 92 87 41 95 84 2 13 76 47 1 54 57 94 77 46 34 8 3 48 27 59 77 16 2 69 96 93 91 27 2 74 83 82 37 63 21 80 9 58 53 29 63 66 66 15 83 95 47 23 99 30 80 13 96 33 26 13 40 38 80 23 4 77 91 39 93 68 68 
50 2 71 77 61 80 83 6 63 40 89 84 37 36 34 67 48 4 26 39 87 71 44 0 97 63 97 43 17 29 27 45 92 68 86 30 79 7 67 48 53 61 53 41 96 41 37 43 83 98 59 35 98 45 62 83 2 16 34 92 82 57 24 54 79 48 69 82 70 73 28 94 39 81 66 27 62 83 31 31 43 34 58 24 16 29 56 1 57 30 53 72 95 98 55 4 54 77 43 15 
44 77 17 79 39 30 8 64 84 1 46 21 88 55 81 96 87 60 66 55 20 26 13 65 64 16 61 31 27 44 97 31 27 32 99 67 14 21 52 98 34 44 32 32 46 66 11 94 52 85 81 7 49 19 34 69 53 10 93 8 48 65 42 9 32 18 81 93 24 0 97 79 67 35 44 84 85 58 61 38 67 57 96 59 42 43 29 34 78 25 79 1 66 11 90 81 27 94 51 55 
0 63 71 17 61 71 51 29 41 84 2 0 8 71 55 73 29 26 9 18 6 44 96 80 69 79 10 91 31 25 5 16 44 65 35 99 42 56 68 51 17 83 70 68 38 96 79 15 14 21 78 39 30 24 95 43 81 88 68 35 86 14 56 73 58 23 4 25 63 33 51 34 90 88 62 10 43 72 31 11 35 36 36 20 58 96 8 92 29 47 27 25 50 74 91 52 83 5 26 82 
56 55 72 26 40 23 0 46 89 50 91 91 34 2 76 73 50 33 44 58 11 59 4 85 4 60 75 14 95 6 41 4 13 81 12 75 47 31 6 76 69 18 12 46 25 44 54 22 58 83 54 4 93 17 85 91 80 29 19 87 9 10 86 10 6 76 62 94 30 17 60 84 22 41 60 36 54 41 84 43 13 61 6 60 44 32 49 36 30 52 11 28 75 62 92 96 98 47 62 29 
11 76 37 35 14 91 82 84 38 66 16 92 73 31 76 21 4 49 0 90 93 3 19 27 11 94 52 79 38 43 93 26 80 25 73 75 91 48 31 84 32 79 53 41 12 95 85 15 49 28 7 42 62 95 88 9 6 29 53 53 58 52 50 59 98 7 68 69 23 26 45 55 62 67 63 78 23 58 0 34 58 24 65 33 81 86 9 95 20 48 75 31 82 69 69 6 29 23 47 62 
32 24 99 21 54 38 43 76 53 39 98 38 80 50 98 13 50 40 14 72 17 90 62 77 82 62 3 41 9 61 33 48 58 72 86 67 5 61 84 49 72 92 2 83 35 5 59 52 85 60 83 59 92 84 55 32 85 44 79 38 5 68 74 5 63 78 40 47 83 92 39 2 66 49 44 62 43 18 27 69 26 59 77 78 83 50 85 90 40 63 69 4 58 84 15 92 30 92 76 78 
56 46 86 20 8 47 72 93 64 4 10 95 28 21 96 12 60 31 12 92 11 78 58 42 13 3 94 49 58 35 15 44 99 96 67 65 58 98 75 33 25 4 13 48 4 5 86 77 32 60 93 63 54 22 77 58 15 78 46 99 0 70 31 30 22 38 22 23 64 21 20 35 24 18 99 59 50 11 41 89 42 96 79 42 41 99 30 87 47 20 32 84 32 34 3 82 3 59 45 88 
90 41 55 85 63 97 60 76 18 80 96 95 40 55 82 16 63 24 5 97 28 27 42 91 14 6 23 50 91 67 98 42 23 93 73 1 11 58 84 59 44 28 68 78 76 75 43 91 70 81 99 24 81 59 95 56 57 36 96 44 6 67 68 12 36 50 5 33 44 68 88 56 83 6 16 15 4 22 28 54 24 35 19 68 31 97 4 67 30 48 37 46 3 83 72 10 21 27 3 31 
37 88 47 59 80 47 76 19 46 12 4 5 78 86 86 25 6 81 76 92 86 11 6 31 8 30 85 96 58 81 24 9 72 69 34 44 31 18 32 66 63 94 92 28 72 9 31 64 6 6 47 48 30 29 75 10 47 49 47 10 43 72 39 81 31 20 15 71 52 64 45 32 86 68 46 59 97 21 30 43 99 92 81 1 21 85 61 93 89 3 58 12 95 39 28 94 35 72 53 49 
79 37 54 94 81 93 49 78 31 46 3 27 88 53 3 0 74 32 92 87 98 13 47 42 88 22 20 60 72 50 1 64 99 60 75 90 50 85 74 17 72 14 83 13 82 87 68 77 84 33 38 32 14 59 69 88 44 11 85 55 69 66 13 89 90 65 5 62 66 54 91 56 73 64 81 23 93 54 56 77 72 89 53 0 44 8 77 54 8 27 74 23 24 91 32 81 46 94 15 80 
5 93 3 91 2 74 85 19 33 39 12 62 42 44 32 63 97 20 82 96 43 5 80 40 31 54 34 74 48 24 57 50 47 93 31 66 18 65 96 59 54 45 71 46 54 49 47 25 90 80 60 15 3 83 9 46 63 6 88 22 31 78 28 74 39 0 1 10 31 28 25 1 75 5 69 52 84 60 19 22 4 96 11 29 54 9 44 13 24 92 89 60 85 49 35 22 66 50 60 97 
39 32 60 0 54 75 99 91 31 10 43 91 94 63 0 39 57 36 49 50 22 75 29 35 48 40 30 61 85 68 88 53 91 84 37 44 17 98 16 89 45 39 28 94 83 6 86 94 20 28 97 91 0 48 96 49 81 61 78 91 18 74 22 84 91 33 69 53 61 11 4 17 64 90 92 68 62 5 21 60 7 52 71 9 43 59 3 49 68 92 85 44 61 75 97 16 94 2 47 14 
49 73 75 99 45 20 1 78 96 26 54 83 34 17 3 73 99 79 25 99 73 94 42 20 12 36 9 83 46 20 72 81 55 69 70 7 63 88 31 86 49 0 28 62 68 42 34 81 24 5 3 79 84 31 78 47 5 80 15 75 73 59 91 69 49 7 56 93 52 95 68 58 93 45 47 5 2 16 83 39 74 56 32 17 72 6 35 21 10 20 65 63 92 62 28 63 40 50 30 29 
26 85 46 20 64 34 43 75 76 38 46 74 77 9 8 57 34 32 36 6 1 27 42 63 39 82 55 9 72 90 83 31 22 5 73 2 37 2 45 82 86 45 68 21 96 99 19 91 47 97 13 26 54 30 51 11 2 42 53 24 97 4 99 35 28 48 39 63 25 70 72 85 48 53 0 10 64 83 14 95 44 59 11 9 83 45 30 23 57 11 13 88 63 32 94 89 56 41 42 27 
44 53 45 92 29 13 42 36 53 12 72 62 44 21 85 48 39 83 42 31 63 28 8 78 93 65 45 61 66 25 29 21 10 56 39 91 51 85 71 63 99 92 34 94 54 89 68 97 73 77 80 51 5 42 52 40 44 24 51 96 41 43 21 67 11 6 62 90 56 71 73 15 14 84 30 16 97 48 38 82 74 50 30 11 15 72 7 52 44 17 48 92 50 16 53 56 38 24 14 10 
37 80 83 56 9 78 26 65 54 85 85 89 70 83 11 91 81 16 45 20 57 42 93 27 81 35 69 40 53 18 92 85 9 95 78 74 2 18 46 95 21 64 13 8 21 47 28 88 79 75 12 22 51 58 9 95 42 69 61 76 18 55 19 72 6 70 80 29 75 39 72 40 18 91 64 57 94 7 23 8 32 59 42 96 29 11 44 42 61 26 98 14 34 60 83 4 82 37 24 77 
52 2 54 87 48 8 0 58 22 47 95 80 25 20 38 84 97 74 11 91 85 85 59 39 5 48 29 63 10 33 86 74 91 91 67 67 37 35 20 58 14 10 36 13 22 49 85 57 33 6 81 17 83 39 37 71 2 56 32 51 50 38 27 41 87 9 12 98 27 97 73 77 39 32 71 61 11 11 46 83 82 96 86 78 43 47 98 91 71 83 64 14 82 3 46 64 71 24 88 11 
51 30 50 95 80 70 51 34 64 46 61 2 27 19 91 81 37 14 92 13 22 46 54 86 6 53 56 97 76 57 87 86 24 37 87 28 16 72 52 51 41 65 83 46 22 76 18 46 93 51 47 87 40 25 97 77 41 23 15 22 42 88 98 51 84 2 68 88 62 13 18 51 21 56 74 19 21 58 18 9 91 43 29 23 8 87 13 17 60 54 93 93 9 20 35 54 21 47 18 91 
43 54 14 52 37 80 44 85 18 14 4 26 30 82 24 71 16 57 51 49 87 25 37 56 52 78 9 19 45 65 8 45 47 51 40 25 73 41 81 76 38 16 86 29 63 67 23 38 91 18 22 69 70 29 8 61 21 49 25 26 50 95 55 62 34 47 18 86 37 46 12 92 84 27 63 70 98 38 67 35 60 43 98 49 73 58 73 23 62 74 49 63 89 47 17 18 36 42 2 3 
84 44 49 62 23 68 35 50 59 77 71 4 20 95 11 49 79 51 48 86 32 85 76 6 93 37 37 90 16 33 39 24 96 94 80 48 90 82 59 83 25 69 95 88 7 63 58 9 30 16 94 62 19 5 30 80 56 90 28 48 12 0 38 13 35 25 70 43 63 38 90 66 62 45 80 59 24 58 62 49 48 75 82 94 82 14 28 87 84 42 88 2 98 18 69 50 54 9 62 12 
52 27 77 80 56 7 9 57 81 49 8 77 78 81 28 97 51 49 81 17 38 28 88 22 47 84 66 99 89 93 12 9 69 2 26 87 12 31 46 86 20 64 6 78 51 73 60 8 24 6 65 72 2 29 80 46 6 53 21 5 63 94 21 28 0 99 79 65 54 34 63 50 22 18 67 54 17 85 83 68 38 4 81 6 44 0 28 44 57 38 89 26 58 7 32 60 0 85 68 40 
25 8 13 85 71 20 56 58 14 33 16 53 29 84 92 85 83 70 73 86 86 7 86 7 32 65 37 92 88 12 51 54 27 84 91 60 87 33 7 91 31 38 51 67 41 82 90 27 61 38 67 71 46 55 24 5 6 43 1 82 61 61 54 34 74 66 41 41 26 14 43 67 80 96 33 15 85 53 28 99 40 17 72 67 97 67 8 95 48 90 38 49 47 68 92 52 39 4 48 61 
47 74 52 52 57 6 77 99 75 45 89 13 65 87 98 6 99 14 5 64 14 61 7 13 14 25 46 63 78 16 43 21 47 86 15 60 10 49 80 24 61 31 45 1 72 7 32 52 16 32 79 54 15 21 73 26 61 82 19 41 35 62 2 15 26 10 6 89 42 4 16 23 32 7 4 75 12 74 7 37 83 75 18 84 12 38 86 72 97 50 15 5 5 11 46 41 52 61 68 14 
10 64 71 62 79 24 63 99 95 27 30 89 37 57 75 89 21 59 69 67 63 91 62 91 42 38 6 61 96 51 94 99 90 92 44 11 28 63 49 13 11 11 57 4 86 14 98 91 46 33 95 59 5 61 53 20 44 60 26 37 36 78 82 20 42 29 76 97 9 87 51 13 41 45 52 74 38 43 93 89 75 55 74 33 3 74 39 22 4 1 95 28 14 31 87 1 50 87 22 20 
24 25 20 7 85 26 96 59 9 28 30 99 48 90 36 31 11 67 1 82 30 56 12 26 15 93 58 18 81 53 78 75 7 25 64 19 27 17 8 20 78 44 72 21 28 77 85 2 15 35 81 32 49 98 21 23 87 66 6 59 25 51 57 24 98 58 59 22 74 63 56 11 3 23 48 3 96 65 67 23 41 27 17 21 14 38 46 75 86 78 39 32 88 87 78 94 75 56 38 38 
83 12 53 90 2 27 8 41 20 9 44 36 15 22 41 43 58 61 56 38 3 50 25 57 31 66 9 13 81 73 96 5 2 87 54 11 4 97 2 16 88 38 24 19 2 50 43 12 3 63 26 68 32 58 25 6 1 39 58 5 67 86 93 9 27 17 27 64 68 44 42 86 8 88 53 78 1 35 81 54 90 75 49 17 3 69 98 96 36 28 18 63 18 34 78 20 10 73 53 67 
96 94 31 32 71 34 61 23 86 58 71 47 46 5 28 5 49 40 96 29 18 97 20 73 22 70 66 88 23 68 55 6 22 99 69 11 26 29 56 25 27 59 87 17 89 70 39 84 73 18 0 90 56 83 45 60 38 85 65 15 21 86 69 32 83 4 16 97 41 96 84 88 1 97 71 6 17 90 10 70 85 44 17 12 78 34 47 12 60 13 11 48 85 18 7 29 23 77 97 16 
0 68 47 51 56 93 22 37 51 96 10 16 91 13 83 73 96 97 64 82 86 22 69 87 11 0 98 45 18 41 95 74 79 17 48 16 40 90 5 14 99 25 86 0 4 46 67 43 10 37 8 88 85 1 99 12 15 5 78 28 16 13 54 25 34 90 8 86 72 21 39 29 21 53 98 72 76 19 24 97 71 17 1 16 93 94 87 51 69 13 93 26 0 32 82 8 80 39 90 29 
10 45 12 82 64 67 83 10 23 35 10 31 20 78 49 48 18 72 83 52 28 47 37 51 59 27 16 74 82 61 2 9 44 11 69 29 93 55 24 60 69 50 74 24 49 71 0 70 4 28 62 39 1 36 81 15 17 53 83 93 60 56 64 27 71 23 16 2 97 22 45 1 5 49 95 2 70 81 76 61 30 13 32 56 20 15 9 94 66 87 76 84 18 67 41 13 87 12 59 21 
45 4 87 40 93 4 41 40 15 8 83 68 81 4 58 95 1 97 46 32 2 33 14 11 47 11 8 64 95 31 94 86 0 16 33 23 31 47 16 62 67 51 68 5 41 97 67 64 44 98 67 38 60 46 77 58 61 43 21 9 33 23 12 10 41 79 43 89 19 64 81 76 68 90 60 51 70 51 52 20 40 9 21 18 9 47 41 89 90 28 45 42 75 93 1 59 63 56 57 78 
31 34 91 38 40 43 62 14 24 10 59 1 63 62 2 46 54 7 79 85 51 6 23 24 66 96 9 79 87 48 60 30 6 27 99 85 28 99 58 74 66 16 38 61 43 30 84 92 72 91 86 72 16 20 11 16 54 85 13 32 85 66 79 49 55 68 15 3 95 61 40 71 29 58 29 70 93 29 86 62 74 86 59 99 76 91 10 73 54 32 84 96 49 60 23 7 59 8 17 29 
27 67 17 45 49 27 98 14 16 10 37 58 11 73 16 90 9 78 63 86 88 0 54 97 23 87 43 4 34 19 37 16 94 29 4 5 30 28 11 95 66 2 44 18 98 88 75 90 9 82 26 45 46 45 84 13 70 13 3 45 0 71 42 94 85 36 98 89 48 64 60 95 85 41 27 41 92 58 16 21 29 78 36 73 53 13 64 67 44 10 75 28 80 82 19 17 44 52 37 34 
47 57 95 81 98 2 15 95 85 31 73 93 37 47 4 22 41 37 77 98 79 57 16 86 36 64 27 79 35 8 7 77 42 55 66 1 89 1 51 44 37 84 52 28 25 80 54 12 42 48 36 32 68 43 89 20 62 58 43 98 74 85 40 88 50 99 48 18 22 63 23 88 79 17 13 64 0 38 54 63 23 60 79 72 86 59 2 24 23 87 13 0 28 62 6 68 27 49 14 78 
53 20 59 55 13 17 78 56 59 93 53 91 94 81 9 38 99 42 76 64 91 4 41 67 22 0 95 50 61 60 27 12 85 75 40 9 9 33 1 40 50 56 74 80 93 76 23 34 53 0 78 35 1 53 89 58 32 94 3 69 47 41 15 61 16 41 49 46 72 33 61 99 45 11 22 78 69 37 44 44 21 48 16 28 31 97 23 49 86 85 4 52 51 60 66 19 88 5 23 90 
82 80 99 39 64 52 43 33 34 7 24 37 59 79 79 41 59 61 94 0 32 85 20 1 35 75 65 27 69 28 4 37 51 90 86 39 15 77 31 25 7 90 79 95 75 88 33 97 66 24 23 19 5 81 50 43 72 37 55 77 45 42 46 12 94 76 18 67 93 26 58 35 78 16 82 15 97 12 93 56 36 59 17 62 27 65 3 74 34 84 8 42 55 58 53 69 32 2 87 4 
79 16 71 5 69 35 72 81 76 98 76 38 25 94 20 1 40 75 34 54 96 45 61 76 22 88 68 34 21 59 50 12 9 98 30 13 41 55 13 22 13 99 20 35 56 12 96 24 37 48 43 11 72 43 41 52 27 26 47 61 53 28 18 4 71 37 43 33 94 77 66 48 96 6 36 67 90 25 78 36 65 39 6 1 44 22 40 23 2 97 58 40 24 81 4 8 37 69 90 43 
91 24 50 57 1 88 49 22 91 35 21 55 94 66 48 84 97 84 75 24 63 76 81 53 66 44 78 69 34 69 36 82 74 9 17 24 56 85 25 52 59 95 45 82 42 29 68 48 87 23 61 38 81 73 41 90 14 8 74 45 11 22 85 89 45 40 76 40 40 12 46 9 98 24 31 70 50 97 79 18 38 87 38 3 18 72 42 66 5 47 20 45 68 19 23 70 85 8 66 15 
22 26 4 78 48 91 86 49 78 50 35 80 45 17 11 98 12 34 26 33 83 62 38 26 57 93 44 28 70 2 23 40 90 54 34 73 16 95 14 69 6 7 42 19 6 12 43 55 32 91 23 39 24 12 78 95 18 16 23 99 84 65 39 19 16 69 84 11 51 22 80 92 34 25 76 92 23 94 94 53 25 50 0 64 75 78 20 71 11 99 13 87 15 62 39 40 96 46 46 73 
1 80 11 68 13 7 63 13 65 8 84 58 97 27 42 24 22 99 70 28 15 66 9 24 14 21 42 75 10 38 57 69 18 74 59 56 84 26 73 68 39 56 30 81 3 44 71 31 51 40 98 85 95 42 55 10 78 53 61 44 21 37 67 49 26 28 41 0 39 29 54 71 59 2 7 14 86 26 62 29 87 20 99 10 71 31 35 45 67 34 35 47 86 42 3 88 48 57 35 28 
90 73 28 72 35 94 56 2 43 48 96 62 22 52 98 87 15 40 82 93 45 25 68 68 9 93 2 61 13 2 80 16 69 54 69 18 52 75 8 35 90 52 67 75 19 4 82 84 50 86 39 51 15 14 56 75 50 72 82 14 21 26 41 20 59 7 56 89 63 77 59 22 62 86 14 6 80 99 63 49 58 92 26 13 15 44 60 17 20 96 2 54 4 18 48 80 2 44 86 61 
89 89 97 51 17 79 21 64 39 57 85 46 1 91 76 9 19 52 99 88 53 32 71 53 2 22 56 20 52 83 94 14 25 59 43 31 61 27 17 58 37 84 53 23 64 87 32 97 72 62 21 5 67 13 72 51 86 73 18 44 90 81 64 56 33 90 72 12 23 37 73 22 14 78 30 76 19 91 82 39 54 56 3 97 67 50 33 52 38 31 44 4 11 5 56 31 79 11 60 0 
51 90 9 30 18 59 45 81 21 56 95 25 49 77 16 38 77 93 94 28 0 81 12 73 33 61 11 11 29 41 8 13 49 73 54 85 64 40 84 35 84 9 82 45 76 87 60 26 76 99 76 48 93 31 54 65 94 97 12 4 92 21 15 53 68 79 15 54 70 24 97 44 2 50 31 90 60 75 96 0 62 67 74 78 69 76 36 49 83 98 20 82 7 86 37 71 18 79 12 7 
90 40 64 2 92 89 11 79 61 52 11 19 85 69 97 55 83 9 48 42 12 96 9 50 20 61 95 63 93 14 41 43 49 36 55 47 26 40 33 2 75 87 25 25 50 19 95 43 96 6 46 74 9 58 66 10 45 26 35 80 6 68 79 94 43 87 72 5 60 91 57 78 2 75 15 5 13 2 70 75 73 6 8 27 58 93 84 32 67 84 36 52 25 32 77 92 35 26 11 46 
1 7 83 91 10 65 19 31 86 81 30 49 76 33 80 64 26 84 41 18 74 67 99 90 1 3 4 1 27 8 94 92 46 24 92 93 6 32 44 59 96 22 93 27 41 76 66 97 6 24 19 34 54 29 58 58 12 52 99 49 21 82 7 78 79 21 75 68 31 41 47 89 97 1 93 72 10 75 96 17 70 76 53 14 71 11 40 32 80 92 18 32 26 15 97 56 68 14 5 29 
97 16 22 73 23 35 42 43 89 61 32 38 50 45 48 88 52 16 66 73 86 10 93 10 18 72 37 62 69 33 93 26 88 68 56 47 95 80 58 70 24 27 29 51 58 47 94 87 66 2 86 87 30 67 69 44 76 69 66 44 22 40 99 4 20 34 93 28 93 67 43 76 97 84 40 64 65 97 23 75 81 49 46 67 32 62 69 56 86 49 12 2 90 43 27 43 80 9 78 78 
76 33 8 53 57 5 39 65 25 59 9 11 37 34 18 85 95 4 57 71 30 45 35 84 54 91 62 88 61 46 14 46 94 57 10 25 27 86 69 62 12 66 42 93 78 17 68 30 12 9 14 14 33 48 56 54 14 71 95 81 91 84 66 97 49 92 80 80 97 42 95 76 55 62 21 44 15 21 62 40 95 0 63 39 55 39 90 88 94 12 66 32 34 92 24 73 30 98 34 74 
29 53 83 9 65 27 91 93 65 91 88 69 44 6 4 0 56 89 14 19 66 50 92 83 90 26 14 40 45 42 60 59 52 84 88 82 80 52 38 26 12 94 64 51 75 98 18 52 3 27 66 21 89 96 0 8 94 33 84 36 53 96 27 23 34 95 30 96 18 65 68 4 12 91 72 72 60 89 28 10 98 73 12 19 12 99 30 46 55 49 44 91 72 77 50 50 11 97 90 1 
88 7 89 47 57 97 20 99 22 94 38 96 11 70 48 58 35 18 66 69 18 7 32 12 0 9 85 25 22 99 75 63 14 22 92 43 6 21 10 80 74 10 93 57 51 86 60 24 46 18 5 13 25 91 51 55 26 19 69 62 13 96 89 64 44 29 13 13 61 27 8 78 12 1 20 77 30 79 2 95 81 39 54 81 60 77 94 60 90 44 17 78 26 41 97 70 78 52 64 75 
20 70 5 79 20 74 55 4 27 30 18 90 4 60 98 11 13 99 20 46 20 96 54 22 14 78 58 23 35 61 2 15 88 30 90 74 2 78 14 50 28 14 82 12 90 1 68 35 34 16 45 55 27 26 50 37 61 42 60 89 52 94 66 83 73 9 78 11 13 0 22 63 19 92 28 51 40 91 72 87 52 42 49 71 80 26 23 2 54 26 20 11 25 67 0 61 50 68 45 82 
30 37 50 87 25 19 55 6 6 98 62 64 95 81 41 28 32 61 64 31 55 9 12 81 98 69 32 64 1 58 63 31 17 92 83 66 38 73 52 29 28 29 71 98 27 35 88 43 53 7 46 99 90 36 79 75 35 64 31 40 76 21 1 83 90 42 11 77 21 54 6 20 29 37 42 53 52 17 91 52 3 75 84 13 92 66 18 53 55 51 81 68 28 89 50 12 17 71 76 26 
76 92 97 95 23 77 28 26 5 78 4 67 64 22 74 51 61 24 91 51 64 78 72 26 45 51 2 7 21 2 62 22 37 32 69 18 72 14 95 75 95 15 17 89 98 7 89 84 1 85 89 61 52 94 78 25 54 23 74 9 44 3 95 6 45 84 59 1 61 52 53 62 34 23 46 28 26 3 79 20 55 54 96 87 64 59 46 9 53 72 13 4 80 47 17 80 8 12 98 76 
30 70 26 13 2 16 97 82 52 49 7 95 32 23 25 50 63 37 41 86 72 63 23 30 46 46 80 18 38 4 79 20 66 20 12 54 15 2 12 93 68 66 78 81 81 75 83 84 35 3 65 64 12 79 77 37 41 87 10 55 18 39 24 59 51 32 89 39 28 78 55 91 86 10 46 47 16 19 7 74 82 69 36 16 81 65 34 95 55 67 17 58 66 85 51 70 11 3 48 26 
99 32 20 83 1 12 74 27 25 86 91 89 61 24 18 80 19 84 22 87 62 54 21 33 4 3 36 46 31 76 90 70 18 11 29 92 67 77 70 22 66 97 97 11 84 96 50 61 5 65 94 44 55 55 16 43 89 13 85 57 15 65 26 59 50 48 1 96 86 20 87 65 29 99 9 38 79 20 16 64 52 52 97 84 82 54 80 88 16 86 0 97 19 94 48 45 94 38 13 14 
15 94 56 22 79 29 9 84 62 4 80 55 13 52 39 34 11 44 32 32 83 91 41 1 18 92 25 80 20 66 40 86 65 26 85 22 16 15 75 79 4 70 51 40 73 94 93 10 62 21 5 7 24 47 66 24 9 31 3 80 66 71 14 32 2 17 63 30 40 40 42 2 26 36 12 81 59 97 89 4 38 56 73 41 77 71 29 72 8 54 8 65 41 18 0 88 4 43 89 41 
91 81 79 13 4 70 63 80 30 6 89 96 5 62 27 62 48 30 5 60 83 45 76 47 25 99 88 6 12 87 71 82 44 69 77 88 34 45 45 36 81 88 49 10 37 26 96 98 13 21 7 56 90 98 22 10 98 57 32 54 46 5 66 47 44 61 92 55 64 4 12 44 49 68 84 23 2 9 26 10 54 28 2 12 5 78 38 99 80 65 80 80 50 63 73 95 40 4 9 86 
29 69 63 2 34 61 38 57 86 43 40 52 86 94 54 60 87 28 28 60 90 82 71 85 52 94 36 82 49 71 38 5 19 33 7 37 44 8 19 53 96 71 2 17 28 20 55 12 53 26 9 70 53 61 77 15 35 49 11 68 58 21 53 84 72 30 34 45 55 73 60 68 87 41 61 30 5 61 94 68 3 28 8 42 65 9 30 0 0 78 35 73 94 7 22 79 85 4 75 50 
78 75 24 4 8 11 4 77 41 98 86 5 25 63 29 82 90 27 55 86 35 5 83 53 48 41 40 58 69 71 75 80 31 59 35 15 55 42 67 48 64 70 39 85 27 67 57 0 60 39 43 67 84 35 16 28 17 54 99 78 30 49 88 23 64 28 46 3 48 41 63 26 41 74 26 85 68 15 19 3 46 92 6 53 7 40 33 50 5 71 51 1 50 41 85 71 66 75 68 22 
22 49 15 66 41 93 14 66 29 28 87 62 22 22 24 38 51 35 82 39 12 7 9 16 38 81 75 81 28 83 77 35 71 21 59 18 1 40 64 66 79 93 82 51 98 27 2 29 17 9 19 12 45 35 16 20 54 50 16 3 80 25 78 93 5 15 43 33 63 83 30 47 67 79 30 73 19 92 76 81 94 57 17 83 14 82 40 95 78 31 43 94 52 1 66 62 53 63 92 59 
3 77 98 43 4 90 74 32 37 60 4 36 19 52 87 70 33 37 82 39 10 84 68 39 45 30 1 53 67 43 9 12 71 7 47 48 13 5 31 28 67 65 12 49 91 37 57 19 15 44 33 31 1 11 84 88 31 61 71 98 82 64 11 4 17 76 82 29 73 80 99 97 2 31 51 88 85 29 64 76 16 70 13 67 24 18 58 95 82 61 25 73 24 52 21 15 63 17 74 73 
85 40 85 71 67 75 34 9 4 87 23 87 55 7 74 22 7 53 6 39 9 59 74 74 35 67 79 57 63 82 83 50 33 57 45 82 56 1 67 44 65 13 62 98 58 73 25 26 26 5 21 35 62 6 55 9 44 81 1 6 45 50 70 43 25 70 8 63 33 72 89 14 44 44 18 16 55 37 37 54 13 69 37 33 19 75 34 39 67 68 80 7 7 21 54 20 16 64 17 40 
36 76 29 81 97 94 74 52 75 66 79 62 55 51 5 44 37 1 41 2 39 15 55 66 47 24 47 97 20 62 61 46 67 23 45 30 39 87 58 80 22 14 46 90 22 92 50 12 4 5 0 55 18 12 78 24 3 39 93 2 99 29 70 42 4 83 92 26 68 83 10 7 31 93 58 62 72 10 78 17 79 3 58 71 78 92 42 90 13 41 29 52 74 1 90 86 21 12 50 79 
34 16 15 5 12 4 3 83 50 33 72 35 92 30 63 4 80 26 54 98 86 95 54 41 49 25 9 72 98 95 64 86 78 65 0 78 7 75 26 71 19 25 93 6 9 15 55 92 8 63 66 90 33 88 28 14 11 21 25 90 57 71 37 60 92 48 74 66 65 21 66 63 65 24 12 38 31 9 71 85 94 90 75 1 40 33 72 31 42 15 52 66 81 73 37 92 83 85 19 70 
34 51 95 44 90 81 13 39 98 57 5 53 61 68 52 66 89 34 69 37 36 40 14 55 61 53 57 25 21 14 70 56 70 96 74 80 52 46 60 82 18 58 84 10 83 64 53 19 1 82 32 54 78 39 41 45 90 90 52 85 20 68 64 61 61 13 30 57 92 84 58 69 66 69 61 58 54 23 7 95 4 29 63 24 4 26 83 91 32 89 74 79 17 30 23 18 34 45 15 69 
77 62 26 5 28 38 82 12 87 61 89 26 90 85 0 69 70 57 95 11 19 73 67 27 72 85 78 57 50 65 46 34 54 56 60 59 86 4 58 0 18 69 87 76 91 11 2 95 19 97 82 92 54 63 72 69 61 28 69 44 45 33 30 78 26 52 37 65 93 96 94 70 30 75 97 41 6 34 62 89 80 14 86 50 43 31 56 93 11 61 21 73 19 32 39 83 50 4 72 57 
9 33 21 50 1 89 64 53 8 31 31 55 70 87 38 37 60 76 16 99 44 92 29 42 44 6 6 76 67 12 65 1 25 60 31 16 89 52 43 4 69 9 21 44 22 0 3 34 18 86 43 43 58 38 37 77 63 52 90 97 6 49 93 63 6 44 48 96 71 55 31 90 33 26 41 90 95 15 31 87 32 10 57 21 78 55 1 72 53 30 15 42 82 58 39 6 53 10 21 98 
83 88 6 36 48 34 93 44 96 61 49 45 88 84 70 53 80 6 54 86 30 52 97 83 97 29 39 26 0 74 29 79 77 19 26 68 61 47 44 6 84 81 25 53 72 67 59 4 59 64 8 11 46 20 81 44 41 87 33 51 87 43 45 13 56 57 55 75 94 58 15 89 76 21 12 21 78 80 27 20 65 72 85 35 53 33 6 65 52 34 10 77 60 45 67 53 81 86 39 82 
69 61 64 55 8 37 1 94 64 31 6 98 64 19 51 82 10 9 9 66 27 78 5 28 62 69 61 8 97 25 68 43 43 4 70 85 64 90 64 49 95 50 57 51 81 29 21 40 79 89 17 52 45 35 27 64 8 95 51 60 1 7 78 80 47 59 45 7 88 84 18 25 38 32 99 73 56 37 83 29 22 76 54 41 8 95 99 9 51 54 51 47 80 35 47 12 47 85 94 66 
39 94 26 29 31 55 48 74 16 15 74 1 72 58 40 34 2 21 21 19 47 43 47 88 37 22 65 58 9 38 48 84 30 73 92 71 80 24 17 13 11 48 73 76 0 53 56 84 1 19 5 18 19 10 42 46 63 83 4 36 74 27 3 6 30 44 69 18 94 34 45 98 7 56 73 39 80 30 9 53 98 66 8 27 65 30 77 7 3 47 42 29 82 20 16 57 56 40 52 10 
