83 88 45 12 99 37 65 71 73 48 86 66 62 46 38 35 22 12 5 60 57 31 5 48 55 31 36 53 9 81 69 38 1 31 78 38 72 24 30 21 33 84 97 2 17 5 56 20 85 99 58 16 16 65 63 30 78 60 97 96 11 47 44 69 32 96 62 14 2 10 3 54 56 24 89 81 68 40 43 82 17 4 31 54 80 41 69 40 47 36 50 75 17 62 58 68 39 18 54 69 
34 10 48 30 86 95 70 9 3 81 81 37 34 70 39 78 74 51 44 69 7 84 54 50 10 5 30 1 55 90 36 9 36 89 78 45 35 49 9 1 97 57 97 97 20 1 66 69 73 25 87 45 74 83 22 93 24 62 92 63 16 92 86 27 91 11 48 56 18 31 5 89 79 79 27 11 62 27 53 25 7 32 78 56 32 6 36 64 81 26 20 82 30 31 12 27 9 19 58 85 
25 37 83 53 98 57 88 53 85 97 35 95 90 55 38 61 69 81 67 99 54 67 39 86 73 71 12 34 12 29 53 58 42 94 62 26 20 15 7 69 17 90 81 8 60 44 33 50 8 91 83 54 39 93 44 67 88 66 84 50 45 63 24 61 62 15 58 50 65 14 20 33 90 68 13 10 35 91 13 43 11 16 81 65 84 20 16 85 60 61 20 97 8 18 3 84 48 3 83 22 
11 58 48 55 36 23 89 95 59 65 66 94 8 21 52 21 88 2 42 64 41 91 34 9 53 65 39 45 66 91 6 86 49 90 50 41 58 36 56 73 26 6 27 56 32 30 81 20 73 6 90 28 19 49 76 4 16 81 55 98 82 63 62 35 26 27 66 97 66 79 27 38 51 97 76 13 86 26 46 80 45 34 72 97 18 86 22 17 88 53 87 58 37 94 43 43 43 92 81 30 
66 79 41 97 1 59 37 17 12 14 93 35 97 31 45 96 34 40 38 96 46 39 16 45 71 89 74 0 52 86 90 8 7 57 62 6 29 87 83 17 52 90 58 99 77 84 44 7 30 11 58 72 90 39 32 39 96 3 38 80 60 48 1 3 4 88 23 73 11 54 25 27 52 73 35 2 48 85 81 20 43 88 73 27 36 94 42 56 60 84 15 37 29 91 98 47 43 41 43 50 
38 3 55 97 26 7 54 58 68 68 49 49 9 83 40 56 19 52 23 8 78 42 10 78 1 67 14 44 14 72 10 77 60 19 14 5 62 29 70 30 71 7 83 16 68 31 38 71 97 0 5 43 39 3 26 19 77 7 88 26 74 64 68 6 75 93 81 97 82 63 96 94 18 82 31 99 63 61 11 32 80 35 91 5 67 23 59 64 9 76 9 25 87 21 94 37 36 59 84 84 
76 24 11 9 89 50 18 48 12 56 99 16 97 61 65 70 22 79 33 96 37 85 39 73 17 8 23 90 15 22 28 41 42 53 19 53 47 6 47 78 93 25 35 49 32 52 52 50 0 7 69 17 17 51 56 99 32 45 84 97 40 32 96 46 10 13 89 49 46 88 34 1 95 68 14 36 85 95 59 18 0 66 82 42 96 61 48 65 71 75 3 6 55 9 16 6 81 93 47 38 
88 5 39 29 74 40 24 1 47 48 71 16 28 4 45 68 3 16 45 32 7 35 2 50 59 80 92 61 58 37 51 74 34 75 67 38 89 22 50 53 91 8 46 82 86 31 97 9 58 20 93 97 52 16 61 39 5 82 13 51 19 48 53 62 60 58 1 40 38 17 71 74 50 82 94 90 19 8 2 94 97 84 80 14 54 67 90 71 97 59 70 80 70 50 64 90 30 86 34 75 
83 53 95 38 2 19 98 10 38 94 88 35 80 60 72 13 97 64 27 24 27 94 72 84 96 64 24 26 95 29 41 51 61 84 23 63 47 2 55 44 93 99 76 25 14 46 15 81 32 34 40 56 39 11 38 35 45 62 37 91 93 6 2 76 12 52 86 83 11 96 72 62 34 91 49 6 32 3 65 41 85 34 87 46 32 76 64 66 37 75 0 15 46 67 49 54 76 89 76 49 
64 0 1 67 50 99 19 71 50 78 88 83 14 43 58 81 56 26 90 11 95 60 4 84 99 77 55 58 64 88 78 92 3 27 75 23 1 7 23 61 72 49 98 26 84 62 4 71 81 76 5 71 13 28 37 60 80 35 3 90 58 60 7 62 40 25 33 62 79 90 64 31 86 40 86 90 26 18 70 39 99 79 72 43 53 84 12 93 72 17 25 19 76 83 71 22 43 17 63 84 
16 45 70 52 35 48 21 95 10 96 63 89 20 62 67 25 80 88 40 78 81 45 62 14 39 46 11 84 0 67 29 53 79 63 98 46 17 9 50 57 42 3 83 73 7 27 11 47 66 59 25 26 25 37 65 42 70 39 21 12 82 17 76 29 5 57 66 84 46 34 29 60 32 4 62 31 43 14 35 3 46 38 31 67 49 61 66 34 63 6 99 14 82 8 91 76 70 30 21 82 
59 43 30 52 90 23 89 11 97 76 83 91 98 56 55 76 49 22 74 56 16 15 33 50 16 31 7 86 14 11 4 44 76 94 2 82 64 71 83 17 61 1 44 34 32 6 84 45 4 31 8 7 95 89 38 97 80 76 98 19 53 84 85 50 72 20 68 28 40 85 61 30 75 52 84 92 97 99 35 82 52 10 36 46 2 44 58 45 62 79 90 36 2 60 95 68 44 28 68 71 
40 28 62 48 2 70 82 57 45 76 87 11 79 52 98 71 77 21 33 99 33 81 51 23 14 4 59 78 73 32 51 88 22 49 58 20 92 30 91 85 64 28 12 4 94 59 51 9 98 84 0 16 19 98 56 74 46 7 31 12 25 20 76 89 44 59 45 11 79 53 49 32 41 44 78 50 25 71 26 20 7 52 18 66 98 53 29 75 55 82 94 46 56 21 83 52 6 23 52 63 
52 99 31 86 41 0 50 51 52 39 4 28 58 70 47 71 35 75 38 48 72 36 89 44 40 39 21 47 42 32 34 6 19 67 98 67 61 95 15 92 42 52 4 94 33 41 36 97 50 35 63 11 28 30 90 83 4 49 85 20 55 0 71 14 8 33 16 63 99 54 62 77 85 74 94 36 53 58 68 66 10 46 29 86 26 84 96 53 27 36 15 74 84 96 75 17 66 10 99 90 
91 24 1 55 51 76 54 79 45 36 83 41 76 91 72 56 35 9 67 0 78 23 96 49 74 18 19 54 62 90 7 32 47 46 78 92 1 34 73 11 71 84 18 5 93 63 38 5 99 69 60 10 9 11 23 12 37 86 71 49 16 0 39 42 41 47 61 38 83 38 86 53 61 34 35 24 55 98 85 13 62 93 26 25 59 71 36 37 89 7 57 73 68 45 79 98 86 48 48 56 
60 77 73 55 16 5 65 13 14 99 84 64 4 61 9 67 22 16 55 91 17 50 3 84 46 68 19 82 98 29 65 25 22 54 59 71 40 45 25 32 8 51 84 70 76 12 18 6 44 2 77 74 43 7 92 17 29 54 96 40 29 21 67 75 39 6 47 83 9 24 65 61 91 73 43 11 99 11 19 29 90 20 77 54 57 25 37 92 51 63 24 86 3 17 3 49 4 52 49 41 
31 99 28 60 9 62 68 99 97 78 11 4 12 75 8 96 24 76 80 46 98 26 34 63 75 0 84 7 97 78 26 60 53 61 87 73 56 53 72 10 30 24 83 83 18 74 0 30 75 57 24 93 43 52 59 46 10 43 14 25 81 80 81 19 92 12 40 57 49 59 85 88 94 49 57 98 96 34 32 21 44 56 30 34 46 52 53 81 73 77 61 27 42 63 62 32 36 20 85 54 
23 27 10 74 88 14 12 33 93 10 89 30 69 16 28 85 50 15 75 39 61 55 54 53 18 3 29 46 73 42 42 85 68 86 99 42 17 3 25 84 74 3 37 19 60 38 1 11 89 4 98 96 17 24 48 59 34 19 55 69 95 26 30 59 58 0 81 66 53 55 98 99 55 17 87 13 91 18 65 22 49 20 41 56 12 85 28 17 34 68 55 45 33 39 93 94 90 40 27 84 
4 67 66 6 76 95 95 41 79 67 65 84 67 74 32 59 25 98 41 79 50 49 90 82 52 46 39 96 12 55 57 66 50 62 18 18 93 25 94 94 39 61 4 39 3 83 43 73 1 14 59 82 97 3 99 56 20 30 5 47 24 32 0 82 39 53 80 61 49 1 95 59 61 65 14 49 32 71 63 70 60 74 86 44 81 78 98 40 77 68 53 85 81 32 63 70 90 8 99 44 
9 88 86 30 31 99 92 88 88 69 51 51 86 41 19 67 24 25 19 72 63 27 42 93 25 91 66 29 24 54 87 60 89 97 71 26 46 42 57 82 53 50 20 14 2 72 49 97 71 40 99 89 57 32 57 34 50 16 37 59 33 8 17 15 61 73 95 35 34 63 61 70 0 93 84 28 38 78 96 68 50 29 25 64 73 95 80 94 1 59 89 92 45 13 88 99 13 75 49 77 
27 89 16 76 85 19 45 58 52 32 9 26 44 29 25 95 97 91 54 0 82 77 6 28 23 33 64 51 20 65 2 36 96 37 95 4 84 55 11 34 13 94 31 37 59 95 76 88 14 12 84 32 76 2 86 95 69 58 33 90 48 47 65 64 79 82 1 42 28 70 68 86 89 47 98 76 13 48 29 41 84 48 33 86 93 69 7 57 53 2 16 22 75 99 66 77 18 89 95 58 
35 72 50 77 19 67 78 39 83 55 80 20 98 8 29 38 91 27 88 42 16 1 61 30 74 38 73 23 26 46 36 72 71 44 1 98 45 88 96 69 33 86 74 23 22 27 28 48 83 95 97 10 2 16 70 82 65 91 3 86 51 68 8 84 29 74 39 47 45 63 43 92 10 21 30 16 54 63 47 92 69 66 43 22 23 67 85 30 55 91 79 42 76 24 27 10 16 96 34 47 
0 43 68 15 16 13 80 26 31 96 29 95 0 76 17 68 94 29 33 70 42 45 74 8 59 41 34 83 30 79 97 22 30 98 50 94 73 58 69 17 93 3 15 95 18 96 83 73 4 34 43 18 72 99 70 90 22 72 0 17 17 70 49 64 86 88 93 38 54 55 47 81 83 12 71 13 45 78 22 26 9 76 65 70 14 9 93 70 94 24 89 41 47 19 25 61 30 34 1 97 
55 13 53 46 47 78 27 90 94 79 57 49 33 64 17 6 56 4 51 86 71 66 62 36 42 54 37 1 52 12 3 44 24 47 92 36 99 46 75 44 97 27 88 64 72 41 43 55 69 20 90 16 88 86 6 61 10 76 9 72 85 21 22 31 92 82 58 43 92 15 97 45 6 25 96 90 25 1 14 59 51 0 8 67 83 99 5 59 45 25 10 26 61 54 78 27 49 82 82 23 
82 82 43 76 57 54 4 78 94 28 94 12 12 29 44 42 26 9 36 92 30 16 19 15 84 58 84 82 1 82 44 65 93 62 52 4 9 66 48 82 17 35 79 20 21 30 83 83 30 46 70 99 96 37 28 56 62 38 15 94 9 94 1 91 20 28 97 47 7 84 9 17 35 90 94 9 98 36 52 93 7 27 75 3 0 54 74 99 2 57 75 13 17 72 88 86 28 80 73 68 
79 76 46 99 28 48 86 85 14 86 27 40 73 31 80 78 82 69 4 57 17 36 29 37 92 41 49 39 18 5 40 15 45 83 27 8 7 94 35 2 31 93 92 28 47 24 75 47 33 90 11 15 91 19 36 77 56 36 45 64 59 16 19 16 73 53 36 60 58 99 81 67 27 45 12 89 19 30 11 78 71 6 97 83 44 5 84 96 79 62 11 47 94 48 92 51 54 73 98 99 
35 60 93 95 35 69 62 59 47 98 1 59 58 40 80 7 96 22 22 72 86 2 27 71 66 98 38 80 97 40 52 5 27 64 3 92 7 66 95 34 60 68 87 90 83 93 19 66 38 51 93 64 25 78 86 83 22 81 58 79 98 57 79 86 30 56 65 9 15 79 42 46 90 3 4 24 18 37 19 68 67 68 37 80 59 18 91 65 11 6 22 72 9 33 41 55 71 72 1 10 
83 93 11 28 4 87 48 91 23 19 63 88 15 33 54 80 42 27 58 28 53 72 57 4 62 88 76 50 52 3 58 79 90 27 26 70 8 2 80 76 42 96 79 4 82 36 5 36 76 49 80 52 40 4 51 93 16 45 36 80 75 66 45 80 69 50 84 38 76 13 87 7 42 59 8 87 40 88 13 4 54 67 27 13 28 46 25 48 77 37 47 86 13 68 32 93 68 98 28 90 
53 47 50 1 40 49 64 77 28 59 31 56 88 74 18 23 48 69 22 22 75 35 51 38 74 74 85 15 95 82 82 52 51 54 43 16 76 38 14 78 92 74 37 45 6 1 46 54 66 70 50 85 91 87 32 42 38 71 64 56 38 90 79 50 90 38 8 34 42 13 27 94 78 16 37 73 27 57 49 50 16 0 78 23 60 83 52 33 52 72 24 77 8 47 62 6 21 0 76 46 
14 62 57 30 71 61 71 57 57 54 46 51 3 68 37 71 4 81 53 46 38 81 81 55 2 57 23 79 69 60 8 59 91 18 35 16 22 75 98 2 82 79 97 93 70 73 83 44 29 17 87 51 14 89 11 12 4 24 94 20 26 29 59 3 91 21 1 57 57 44 46 86 47 60 79 17 95 8 37 76 64 0 84 47 41 48 91 58 50 98 24 19 24 44 13 81 84 50 8 17 
66 48 99 43 16 3 39 57 92 21 14 82 89 82 86 66 11 67 84 15 64 70 69 95 27 64 83 17 27 58 55 97 15 24 41 88 4 13 78 51 78 15 22 26 4 50 48 40 55 10 22 89 21 34 95 68 39 74 8 15 95 73 50 91 34 67 81 80 81 9 34 33 9 87 65 20 97 4 67 65 43 68 25 99 19 94 20 86 63 50 56 63 90 30 14 65 59 94 91 69 
37 48 93 37 41 24 44 92 39 18 85 5 77 86 82 16 4 64 67 1 44 19 23 97 90 69 46 14 64 49 1 46 13 61 54 93 1 35 50 86 59 33 93 20 98 36 4 58 81 25 72 62 94 41 2 69 68 43 54 29 55 95 73 23 5 22 26 71 87 55 8 30 1 72 20 38 82 45 68 60 70 39 84 15 93 93 44 79 44 72 63 8 46 89 62 24 28 7 96 98 
65 77 64 96 1 93 12 52 8 97 73 6 46 38 94 41 60 15 30 11 30 55 72 74 83 46 53 57 52 5 60 70 4 48 1 45 75 32 24 20 30 37 19 60 7 62 43 52 85 66 2 29 54 97 57 19 19 71 89 46 95 44 31 83 12 77 20 15 62 98 24 99 62 97 98 70 63 58 77 93 22 31 30 50 31 41 42 67 41 24 10 63 2 23 96 64 97 92 59 27 
56 71 89 14 65 0 31 1 19 82 90 74 0 85 46 0 62 76 28 6 7 92 84 28 65 51 87 75 38 80 45 22 67 42 10 51 27 95 65 31 95 63 90 5 51 29 76 29 71 25 94 24 43 83 76 81 32 11 16 72 84 54 2 50 28 40 87 0 48 86 13 21 98 69 23 61 43 19 42 27 98 25 65 9 14 67 73 39 70 60 72 81 55 49 83 49 23 36 69 12 
23 35 9 15 22 11 87 13 75 2 28 40 39 48 40 13 88 97 63 4 69 94 22 23 39 90 35 2 55 75 43 6 22 29 23 74 13 6 53 3 92 51 8 27 73 77 67 88 33 92 27 94 31 84 78 22 60 96 98 76 85 76 81 68 83 78 83 4 72 13 74 70 3 93 24 95 37 1 70 19 88 89 72 39 53 74 65 67 13 72 76 89 90 32 95 49 15 83 7 63 
87 29 45 82 17 81 75 2 15 15 54 20 67 19 34 57 47 54 82 8 64 18 34 36 64 75 46 61 93 35 17 57 61 93 6 11 89 58 58 87 51 56 66 8 12 0 46 10 12 77 78 34 79 21 31 33 59 12 1 88 35 83 25 76 24 54 10 56 2 25 60 6 69 3 30 64 40 76 35 80 2 82 7 62 31 94 88 8 81 92 45 10 23 66 1 23 86 64 87 88 
11 73 1 27 85 73 19 99 71 16 53 94 55 6 43 74 92 40 20 41 84 2 69 39 79 81 83 18 80 18 12 72 77 51 61 70 30 26 80 60 92 80 17 64 64 32 98 56 5 20 71 24 46 39 77 87 25 15 34 29 26 17 38 73 28 31 81 39 57 25 41 25 97 15 38 13 41 50 30 87 51 85 45 1 61 6 85 98 90 13 11 39 28 4 63 23 28 76 96 50 
74 47 7 37 12 62 20 55 17 20 77 15 83 76 11 64 46 12 22 81 33 43 1 18 78 28 30 50 13 7 71 36 73 3 61 3 38 84 31 77 46 47 54 19 83 92 28 53 4 76 59 78 92 32 52 13 55 12 59 87 54 67 97 79 65 50 63 33 7 2 0 55 30 75 22 45 43 23 53 93 57 55 80 62 33 60 4 57 88 89 51 24 92 25 62 76 84 15 53 34 
91 96 14 78 62 55 52 36 89 50 4 86 47 17 14 42 65 5 30 28 65 63 49 91 71 72 46 8 80 35 16 78 65 1 62 48 86 44 92 4 16 75 27 58 3 65 0 20 28 29 61 55 22 13 41 46 39 61 94 37 26 17 15 37 38 41 18 54 34 9 70 89 23 62 62 7 5 48 22 70 2 52 58 50 83 23 60 15 80 27 77 73 46 82 55 47 27 37 28 64 
21 91 27 0 79 62 43 23 57 53 45 27 34 23 39 42 91 22 85 20 13 40 59 78 19 86 22 45 45 61 24 31 85 2 78 7 24 84 36 4 78 73 8 58 45 9 26 37 11 10 72 51 64 49 4 26 43 92 47 97 47 44 4 89 84 97 20 19 29 96 33 36 78 79 31 1 56 71 59 28 59 95 90 31 23 36 65 44 0 9 3 40 24 75 94 52 27 36 59 40 
44 53 16 18 15 12 79 55 57 61 12 24 39 59 49 80 55 37 62 36 31 48 12 39 35 2 14 54 10 57 81 7 79 71 71 30 70 56 91 84 44 86 87 80 7 57 76 50 59 43 37 93 56 30 69 92 41 60 10 41 16 1 14 86 87 23 5 36 79 34 55 88 47 11 44 99 38 87 36 93 5 7 32 53 55 14 18 65 10 77 60 76 83 87 0 83 56 37 23 16 
93 11 71 63 0 59 41 71 98 85 47 61 63 37 82 3 23 37 12 84 10 70 36 38 65 36 93 28 10 32 56 98 54 26 80 37 9 11 96 99 65 96 64 2 78 28 16 47 10 75 18 15 81 83 68 21 39 15 89 23 9 53 64 26 88 24 37 74 12 2 56 35 12 72 92 0 94 72 24 70 54 75 12 84 62 79 86 36 65 30 30 31 48 67 71 60 40 92 43 34 
53 29 30 79 91 4 45 3 27 82 61 70 8 93 82 85 34 51 9 7 26 57 70 83 96 67 58 8 10 23 4 10 46 76 85 47 45 61 49 24 61 94 4 32 83 30 29 9 45 10 90 42 24 53 8 9 89 69 72 94 50 85 14 24 74 18 21 7 4 47 76 73 83 3 99 88 9 54 97 48 79 97 71 65 81 10 53 4 67 76 17 27 67 53 5 37 88 24 94 71 
46 77 40 63 86 94 81 87 0 13 40 26 24 3 63 48 70 63 28 28 38 20 30 25 18 7 55 38 13 81 29 71 8 7 35 39 30 43 82 55 26 89 28 31 71 18 95 79 87 53 65 9 49 90 70 62 83 40 54 13 73 6 37 19 10 30 1 75 47 81 95 42 73 13 40 19 14 15 1 95 12 63 40 71 81 62 29 56 26 48 70 20 31 70 31 43 59 86 20 13 
69 32 75 6 17 15 65 10 15 96 68 82 44 50 46 6 55 39 28 45 99 66 81 78 21 34 13 20 17 14 54 60 67 77 38 25 88 71 73 56 11 85 84 73 41 78 46 2 56 82 10 11 6 7 81 70 41 86 85 76 30 35 11 23 15 88 61 25 33 63 42 77 2 29 30 89 73 50 89 84 79 39 51 56 38 91 38 82 32 69 75 53 31 4 5 72 23 60 83 80 
83 12 0 22 63 69 13 60 1 10 29 38 51 17 24 63 40 41 98 33 2 15 37 73 8 22 2 46 36 46 72 81 95 17 45 73 3 32 37 68 73 48 36 17 3 48 56 96 8 25 87 35 27 53 57 46 0 60 41 13 37 89 88 0 9 43 63 16 3 39 99 12 52 85 90 42 36 21 7 67 94 84 76 4 23 95 47 22 33 99 75 77 80 22 24 93 53 73 78 93 
77 70 94 35 60 24 13 63 54 48 33 8 34 66 78 88 73 81 45 11 53 59 67 70 19 4 63 28 38 89 60 22 77 56 74 35 35 38 43 98 65 32 15 63 83 58 87 99 66 41 21 28 25 35 25 60 47 16 18 61 65 83 59 45 61 90 56 23 70 10 28 62 12 34 96 92 86 57 42 81 90 98 38 77 69 60 69 11 60 98 64 92 54 56 67 8 52 55 50 91 
77 94 58 2 77 5 17 39 7 98 24 46 73 26 89 10 57 45 64 24 90 13 69 5 77 80 90 54 45 24 31 47 87 18 7 36 74 86 9 96 26 26 27 3 79 29 25 91 81 39 21 25 37 46 97 0 62 2 10 90 73 28 28 51 54 55 86 7 24 45 0 35 47 93 58 58 39 32 94 72 84 65 24 11 40 44 9 26 53 11 90 62 4 88 71 75 80 81 24 27 
83 1 46 49 25 54 65 56 59 19 36 81 67 88 42 11 72 40 56 81 81 2 3 73 73 47 51 43 90 47 60 40 10 70 68 8 2 9 13 34 9 97 60 66 78 80 50 51 14 61 22 11 99 44 64 95 90 78 52 23 64 78 74 58 3 89 41 34 8 0 73 30 66 63 93 91 57 52 4 25 75 88 48 10 47 13 37 36 33 37 19 71 98 73 62 53 92 54 73 29 
56 36 29 18 73 73 32 1 28 56 5 55 10 97 73 92 81 60 94 65 79 43 95 24 75 5 97 69 46 49 1 15 13 76 46 65 16 38 63 86 66 21 64 67 38 83 97 15 13 41 24 16 16 37 13 64 69 22 94 10 5 84 88 22 5 77 31 6 45 94 36 91 36 47 69 84 82 34 13 89 74 57 86 94 28 82 71 61 66 11 86 17 9 58 90 4 2 78 68 79 
81 2 31 9 22 41 57 26 67 32 44 5 50 12 93 63 38 35 95 61 11 32 7 60 37 97 63 92 33 85 89 15 16 14 50 78 60 52 39 48 93 42 6 70 43 53 59 92 40 75 5 66 0 58 47 76 3 13 20 34 78 50 3 46 78 69 63 24 74 4 71 36 56 27 80 74 10 33 18 11 64 39 47 54 16 61 2 2 25 47 73 62 5 63 29 72 31 68 98 82 
39 92 25 9 27 37 36 88 62 80 14 18 7 55 67 23 65 60 10 4 24 95 88 19 34 21 0 21 10 98 13 7 85 52 46 51 11 44 13 32 29 28 97 43 41 6 0 84 97 12 93 84 23 40 67 36 4 30 91 57 84 8 58 37 94 97 25 79 53 17 36 10 61 20 69 16 1 69 47 33 25 49 15 72 84 63 69 90 76 2 90 40 61 33 48 91 67 79 35 7 
27 76 67 6 27 38 6 95 33 75 67 9 45 42 50 70 37 63 50 6 63 25 97 66 17 70 24 1 96 21 54 84 17 0 89 89 51 39 62 42 11 49 16 42 68 71 20 73 48 33 27 60 94 90 89 28 0 35 21 19 52 60 77 22 9 61 50 73 9 54 39 84 88 2 79 71 0 89 56 45 19 21 43 76 60 65 21 48 93 39 3 41 33 0 73 2 89 21 59 59 
29 20 80 9 12 75 98 52 95 56 35 46 58 66 7 95 32 27 61 19 14 15 30 19 53 56 92 34 83 61 87 60 26 16 74 9 71 27 83 94 58 7 12 72 7 32 17 71 33 56 54 30 53 86 91 13 45 48 61 96 85 28 30 6 69 95 56 40 24 79 66 47 21 51 19 15 12 9 71 41 76 43 55 72 3 33 97 71 33 41 52 62 92 52 85 74 14 16 38 22 
97 75 78 52 28 71 0 67 23 70 25 94 93 17 0 28 59 27 29 54 20 3 82 42 3 89 3 97 69 12 44 43 88 78 7 25 14 88 12 20 90 90 97 65 36 49 70 88 87 65 89 72 4 77 78 74 92 56 68 14 94 27 43 23 30 49 41 71 1 34 22 62 2 22 1 37 8 84 20 2 21 66 11 50 63 48 48 68 29 21 93 84 4 40 46 46 26 35 61 36 
27 12 43 17 18 89 81 44 34 41 86 24 66 39 91 65 66 39 8 59 91 83 13 85 68 40 81 65 50 41 74 58 53 2 61 6 0 61 3 37 27 45 17 69 66 88 15 40 97 51 23 19 26 91 64 4 38 58 49 26 12 98 16 47 27 21 83 15 78 2 1 12 13 96 4 53 29 68 69 46 63 87 64 84 50 24 75 49 90 31 65 79 57 91 88 5 12 97 86 98 
53 37 66 84 12 69 83 56 71 96 33 9 58 96 20 90 14 15 69 8 16 34 21 38 1 32 13 75 30 29 28 37 65 10 19 15 62 76 2 94 75 11 45 96 60 98 18 37 76 56 62 17 64 88 22 17 64 88 47 52 19 26 11 18 18 24 43 84 17 43 22 11 62 42 7 94 70 52 2 57 26 62 70 96 65 17 15 94 34 51 6 50 72 68 18 55 24 40 14 52 
55 27 14 19 56 45 50 41 4 63 56 18 93 69 66 81 40 20 96 47 70 39 99 60 1 42 38 66 62 10 4 61 6 3 95 63 17 95 99 52 70 70 13 16 77 78 53 88 29 37 34 19 34 89 1 58 69 80 45 62 17 72 14 68 83 45 23 17 9 96 5 95 92 26 16 16 77 41 96 85 24 18 48 86 56 0 9 68 98 19 19 91 9 97 71 17 25 37 72 58 
31 73 16 18 81 18 85 12 67 33 17 53 4 80 30 55 4 58 54 30 58 67 86 96 26 3 31 96 86 4 58 27 52 10 76 85 2 79 21 65 85 27 6 22 35 22 89 0 52 43 24 0 6 11 52 23 28 75 47 46 76 14 43 94 13 46 54 12 7 80 99 4 12 78 11 41 67 10 39 28 71 24 3 50 54 8 0 15 10 12 62 85 88 70 69 69 87 46 49 60 
0 67 8 19 28 3 6 71 41 56 79 75 40 93 72 1 34 57 23 81 5 46 84 51 6 21 52 18 21 65 21 39 5 57 14 72 48 78 33 54 81 77 46 14 72 1 6 19 93 99 59 27 49 95 50 62 98 18 54 47 66 16 59 78 65 80 31 82 94 30 56 88 30 29 62 79 51 57 38 57 5 14 62 26 14 1 87 88 15 94 17 91 37 35 78 86 45 36 46 8 
56 16 1 80 22 79 22 71 97 56 66 84 92 89 60 86 8 96 23 12 3 12 60 85 23 81 91 53 93 64 96 4 27 47 58 53 71 64 34 26 65 55 48 14 31 52 92 43 75 41 11 66 20 53 48 95 84 6 68 89 49 81 24 25 71 28 46 49 18 99 51 9 85 33 40 13 86 72 42 2 30 47 30 29 47 97 56 20 80 84 11 48 33 11 22 91 52 14 42 59 
19 69 72 86 83 95 20 28 4 93 74 29 90 56 56 35 84 3 68 92 74 80 83 36 56 13 26 18 73 94 53 51 50 69 37 55 60 68 66 22 91 98 97 30 11 93 61 63 18 0 53 7 36 85 41 8 80 95 17 26 76 39 47 81 74 68 35 42 84 2 49 73 33 44 30 67 49 48 78 73 23 95 17 61 68 44 68 31 55 98 50 63 67 50 20 85 77 5 65 81 
94 6 2 44 75 31 69 10 63 65 98 77 25 1 50 50 43 96 12 27 82 78 66 13 91 15 97 47 25 2 3 63 32 46 84 43 45 94 90 90 87 76 14 36 69 1 84 35 41 67 82 63 17 22 44 89 32 81 29 3 11 8 38 15 44 46 51 62 90 81 14 35 51 40 5 20 91 92 30 6 6 9 45 87 67 35 8 5 73 17 33 2 74 93 37 31 43 54 87 9 
48 13 41 76 60 73 83 58 7 73 44 24 21 0 1 99 30 21 66 6 36 50 15 74 12 25 8 34 49 4 37 8 37 82 77 43 86 48 88 22 56 53 90 46 7 37 6 47 84 26 99 5 79 1 14 36 7 51 11 48 82 95 40 99 34 91 80 95 4 61 89 33 31 16 85 26 52 78 17 96 66 41 66 44 63 77 59 17 61 56 79 29 65 77 65 34 67 81 49 92 
96 35 81 97 12 81 48 22 16 39 81 88 96 28 7 33 84 11 80 95 28 68 23 65 27 27 7 85 48 99 61 26 8 47 52 32 95 81 15 88 95 24 42 20 81 88 39 78 77 26 28 0 17 18 68 8 64 80 90 5 12 6 38 21 61 64 59 8 32 51 99 42 53 60 5 4 83 32 57 89 80 72 55 38 55 14 49 14 12 24 34 60 81 62 82 2 75 15 45 11 
95 72 91 39 93 35 69 97 80 45 65 5 31 50 37 39 92 74 46 0 39 9 52 36 93 6 5 55 10 47 18 40 7 28 59 94 52 26 63 41 41 50 83 29 75 58 47 10 26 83 83 48 85 8 87 31 77 82 62 37 93 37 51 43 81 10 51 25 38 33 41 94 18 80 40 67 24 16 53 7 14 8 65 75 25 16 7 63 77 43 57 1 89 49 38 19 45 86 60 15 
31 15 89 62 51 6 44 22 62 63 49 2 28 82 3 66 8 19 45 58 92 49 34 65 67 70 42 50 83 97 21 44 42 21 50 99 67 77 45 94 72 4 25 18 28 52 93 31 14 29 60 66 12 99 86 15 61 80 80 63 35 91 83 60 93 22 1 12 43 45 9 19 80 95 32 25 29 68 4 20 31 47 40 14 7 2 48 33 47 49 38 38 20 55 41 75 34 15 41 17 
47 5 75 29 76 51 19 11 28 22 51 75 47 65 33 46 2 38 0 5 71 70 23 35 83 86 95 1 90 55 34 85 31 58 31 25 57 12 24 74 50 15 62 10 85 66 84 89 77 30 71 42 43 30 44 30 88 19 65 83 21 19 73 66 99 47 42 1 19 39 18 67 28 19 74 0 42 55 32 53 63 6 27 59 80 67 95 16 83 99 76 27 90 11 40 95 11 89 51 90 
97 88 30 90 25 81 37 21 50 31 78 61 14 71 87 70 38 49 10 99 72 42 35 10 31 86 54 52 10 39 79 20 33 2 22 91 20 90 82 81 77 47 81 53 32 1 8 54 37 97 9 36 74 75 58 41 46 65 88 38 97 30 56 20 97 50 77 35 44 73 10 51 27 15 65 86 42 47 96 19 5 95 10 0 35 62 74 58 8 51 80 63 20 65 28 48 2 24 11 0 
82 67 43 41 39 6 82 30 56 2 34 45 69 10 60 77 13 76 90 67 93 45 61 24 51 57 83 66 28 7 37 84 74 16 40 55 27 76 45 38 6 97 51 4 31 71 96 5 93 65 22 70 13 66 59 33 82 26 87 97 59 71 22 97 44 35 10 95 1 79 93 14 39 73 49 72 89 65 23 2 74 49 3 73 15 27 95 51 56 99 54 64 82 81 34 65 36 16 3 30 
82 52 98 11 29 78 83 21 52 33 38 38 46 54 4 11 21 99 52 52 2 41 71 25 54 93 2 99 81 24 85 64 53 97 21 59 98 63 78 60 59 42 33 28 47 51 45 51 17 7 74 61 40 63 7 67 35 50 13 22 33 99 96 29 40 34 21 44 23 92 76 55 24 17 90 71 74 82 91 27 28 71 2 55 70 78 41 46 89 57 83 8 26 84 23 26 33 11 18 28 
0 34 28 47 25 6 63 49 7 31 49 70 82 62 67 21 84 42 29 46 80 73 60 80 17 4 62 85 66 63 29 61 12 97 98 37 83 80 23 93 46 87 7 80 10 49 1 30 90 86 76 19 12 47 49 10 85 82 89 72 1 50 93 6 29 32 59 59 50 35 11 15 79 82 29 53 46 19 25 72 83 46 92 17 88 22 53 50 60 55 61 49 74 25 18 6 73 32 66 15 
50 25 90 11 9 55 92 85 60 53 26 82 48 35 40 24 21 63 33 72 56 99 73 78 91 96 1 23 53 25 47 4 79 91 88 57 33 51 51 4 61 23 16 80 53 69 53 20 87 26 48 92 78 29 37 22 62 62 37 68 65 50 47 21 64 4 93 13 96 89 71 39 57 20 72 98 54 75 13 53 70 90 18 46 82 2 41 4 65 48 46 33 24 55 85 68 74 22 90 88 
95 30 62 80 95 64 92 20 90 86 79 71 86 92 87 50 12 81 86 86 46 65 80 90 32 25 25 72 45 25 54 40 21 10 14 52 93 32 79 46 59 41 23 87 90 59 68 69 60 39 15 91 58 86 52 99 75 56 11 61 49 54 61 6 41 68 95 16 1 24 22 24 7 89 94 43 39 76 28 17 77 19 85 11 88 39 65 96 30 79 0 31 30 73 44 79 50 53 47 90 
44 95 43 82 3 18 51 85 97 54 67 24 32 10 63 34 94 43 24 5 25 39 55 74 31 69 98 93 25 56 96 68 14 94 89 68 35 23 34 87 92 90 78 36 13 67 61 80 70 6 87 95 72 83 57 14 5 55 48 70 66 5 78 0 7 92 4 42 42 41 28 91 92 76 48 47 28 95 3 5 13 65 17 84 6 36 25 11 68 30 12 44 57 74 67 8 86 86 61 17 
86 47 24 71 68 59 61 67 73 34 58 61 91 76 95 9 49 62 95 53 76 55 4 69 1 5 93 43 57 28 59 83 13 94 30 1 25 75 94 90 59 31 73 33 40 86 71 87 39 28 11 65 21 81 31 76 24 50 55 56 54 93 58 82 24 37 31 84 76 90 86 55 23 43 5 71 31 68 52 48 37 50 98 65 30 81 98 48 4 70 34 33 54 17 15 4 39 77 89 92 
62 85 37 54 53 97 24 24 10 86 42 78 55 77 23 74 37 87 68 19 70 97 57 21 1 94 81 91 98 85 79 93 38 75 44 58 53 66 44 77 55 91 37 72 60 5 66 13 40 86 1 32 5 38 92 68 74 1 0 29 24 42 18 91 55 90 93 57 87 93 93 40 83 95 34 41 74 65 20 64 44 59 18 87 83 41 56 54 95 13 81 24 34 68 4 86 0 22 7 54 
67 31 5 63 78 67 85 51 99 66 52 13 89 41 33 92 91 96 7 59 14 28 23 95 24 58 12 78 34 88 63 69 24 4 98 88 63 31 4 77 28 56 10 74 54 93 25 43 40 96 83 27 24 98 58 10 82 13 63 31 85 92 3 70 47 43 64 29 64 70 5 79 9 22 87 97 85 66 31 16 91 80 68 71 49 68 11 21 44 8 19 45 85 97 62 42 8 24 9 29 
7 57 91 1 37 28 86 61 64 69 53 4 28 90 21 97 88 5 0 60 38 28 58 49 2 23 36 15 99 61 15 96 93 23 31 31 66 11 55 14 12 33 50 13 86 42 14 82 7 39 8 11 7 28 68 5 39 84 54 74 99 39 77 70 22 21 84 45 34 47 22 0 53 83 78 32 23 65 99 67 40 83 40 70 48 73 79 74 73 45 35 84 42 57 36 27 98 98 42 31 
98 55 92 95 10 31 90 70 45 55 37 90 96 12 38 53 49 34 37 85 48 33 59 55 78 49 75 71 96 55 21 93 38 92 12 79 49 48 65 77 81 19 35 93 83 23 97 20 78 24 30 28 76 30 3 85 80 91 22 74 25 52 2 19 82 25 79 24 32 63 75 59 47 38 77 42 45 71 45 84 27 63 24 29 77 76 74 84 72 0 17 8 70 40 92 46 81 95 32 6 
64 59 57 34 11 63 60 11 33 70 71 71 71 10 65 79 2 36 68 46 97 36 81 73 8 60 27 56 41 46 19 97 17 49 6 4 60 59 23 67 65 52 90 90 43 98 9 34 77 66 82 13 57 94 77 5 98 75 36 19 16 1 4 37 31 64 82 51 36 25 54 45 95 82 14 34 27 70 90 13 60 41 3 43 66 14 77 72 27 42 46 49 51 88 28 31 17 61 38 77 
65 6 49 11 48 76 16 9 91 75 54 6 48 34 15 11 29 78 38 7 54 40 41 12 10 8 74 81 24 24 89 61 96 18 17 32 51 73 63 73 91 1 24 0 72 68 99 5 38 4 87 40 44 6 6 54 40 73 6 24 37 88 75 67 29 84 77 72 38 42 15 97 39 43 5 79 38 96 58 97 1 20 37 5 29 0 48 41 47 98 65 61 41 18 68 43 15 69 30 27 
39 2 33 0 62 41 8 59 16 94 96 39 49 27 38 28 77 41 39 48 17 40 70 59 31 33 1 81 32 44 51 29 96 70 32 88 9 4 93 92 83 57 9 71 0 0 92 7 28 38 44 39 27 99 53 17 30 10 1 61 2 22 92 70 79 13 28 44 84 20 28 26 15 41 54 41 88 56 74 69 89 22 58 21 73 46 55 33 69 16 57 7 6 22 89 79 64 28 25 4 
7 44 62 10 64 27 50 85 70 19 41 73 5 18 69 88 70 25 31 6 49 44 83 63 12 73 51 14 69 35 64 16 21 13 22 22 46 87 46 19 22 84 24 81 60 37 93 15 52 93 77 64 74 9 93 86 4 74 1 0 73 5 72 48 88 30 44 75 16 12 16 76 39 92 67 80 70 20 11 90 9 42 5 34 48 52 27 82 53 34 39 30 63 75 10 80 22 12 45 82 
99 23 30 34 70 86 63 98 91 26 26 22 14 39 4 46 15 69 16 72 52 69 10 58 96 68 65 8 24 47 84 17 55 27 88 26 20 19 42 87 79 76 43 61 95 61 5 59 86 79 92 29 81 34 37 74 96 97 85 12 82 62 1 58 48 57 80 97 39 51 87 3 93 14 88 48 0 23 53 65 47 63 43 39 4 26 56 64 95 1 14 21 35 62 13 79 14 5 64 73 
72 49 51 34 34 3 87 99 96 14 3 89 12 20 58 4 73 16 44 50 88 77 57 77 81 54 79 54 20 50 56 0 46 85 72 64 34 4 92 19 37 66 91 85 5 47 79 43 92 49 28 51 12 8 13 73 62 58 75 22 76 97 30 69 75 12 29 82 29 64 17 22 29 82 25 78 52 23 53 87 84 76 76 14 40 8 10 86 15 32 50 23 24 41 96 88 61 50 14 34 
58 56 36 10 33 6 34 88 80 25 45 54 94 58 1 61 78 42 37 71 60 74 35 24 9 35 17 80 89 94 96 5 67 7 53 29 29 59 81 36 20 49 89 75 54 27 61 71 70 36 13 67 1 56 2 31 14 22 26 19 3 49 90 44 66 6 66 77 16 33 50 40 41 86 76 98 80 90 63 60 66 70 14 32 65 91 71 47 61 3 42 92 95 27 20 97 72 97 69 69 
80 95 30 18 79 45 63 51 76 96 52 8 48 19 17 69 65 67 39 36 36 69 53 71 76 43 27 78 5 15 82 64 27 86 56 88 42 65 29 78 97 64 90 95 37 12 21 61 1 11 13 35 33 69 3 40 83 57 90 34 84 16 19 8 50 54 44 32 73 7 18 43 88 27 12 66 58 5 22 82 57 59 82 6 14 75 69 3 1 70 69 72 39 18 94 28 93 54 87 65 
54 86 70 86 77 52 3 95 36 5 48 47 73 53 8 82 75 50 18 44 36 54 5 6 60 94 10 32 55 14 20 34 99 47 50 67 48 16 21 95 70 16 16 56 73 43 38 91 54 47 15 28 12 88 45 43 48 75 36 44 90 39 59 53 97 86 21 27 37 71 76 6 90 31 41 57 68 17 21 66 53 45 50 37 11 97 85 59 71 15 98 4 32 41 96 65 36 94 40 20 
31 76 48 37 2 34 32 50 91 76 91 97 50 77 14 36 63 40 65 58 32 58 55 68 42 67 4 50 43 51 53 55 8 27 99 26 76 96 60 15 94 55 27 14 19 70 52 38 21 54 34 48 41 41 88 8 64 46 66 16 80 62 78 85 26 65 71 79 57 50 89 13 45 35 49 75 8 41 42 5 57 14 23 1 72 56 79 45 62 9 43 39 13 87 87 44 38 38 80 66 
20 83 79 22 36 68 58 6 35 61 55 83 63 73 37 85 42 54 35 45 51 29 74 27 43 13 14 22 75 65 56 93 51 8 87 71 78 13 33 61 55 64 23 31 83 87 63 4 99 44 92 29 5 54 7 85 10 81 57 86 27 75 41 59 0 29 60 1 68 7 94 34 23 67 74 56 12 87 97 94 31 21 79 30 46 3 74 87 54 27 7 83 0 4 86 0 88 5 78 70 
22 21 45 44 32 52 97 20 40 14 47 56 94 42 23 30 83 72 48 70 54 6 53 15 91 59 56 15 75 52 46 88 44 40 31 11 46 55 44 26 65 79 66 20 47 54 8 63 48 30 12 71 92 98 38 29 44 24 26 38 21 48 31 73 58 84 75 23 65 67 25 34 16 3 17 19 87 26 19 8 88 21 98 24 18 12 42 57 95 24 48 32 58 22 29 35 72 52 82 64 
56 41 46 12 32 13 12 18 46 54 63 60 9 92 79 35 21 8 2 11 96 23 22 29 85 33 97 93 81 12 95 86 93 85 10 16 47 46 4 47 60 85 12 33 97 4 42 66 88 41 80 51 22 92 57 57 39 91 54 82 2 9 42 37 18 94 14 14 7 74 24 68 69 31 31 22 97 21 51 19 17 52 75 89 31 12 8 13 96 36 44 56 71 63 59 1 76 60 80 26 
53 16 48 40 12 26 14 67 69 46 15 24 2 44 4 85 37 66 40 87 32 61 11 82 44 65 59 58 82 28 63 52 37 61 1 59 2 55 52 96 28 27 53 47 45 42 53 47 4 51 32 8 59 86 24 44 60 16 37 57 22 70 76 8 71 4 14 48 55 37 58 17 44 49 65 51 48 62 33 0 54 67 4 0 28 18 14 6 17 87 29 40 50 45 93 26 83 54 31 1 
23 6 14 18 71 76 60 28 83 43 16 82 58 21 92 88 25 57 6 16 61 27 84 20 24 74 53 55 20 18 76 73 90 58 23 39 18 39 92 42 28 13 71 50 7 29 5 94 72 97 87 7 93 92 97 42 70 97 20 57 87 53 50 88 83 46 89 36 77 47 64 17 62 97 93 41 82 49 2 8 62 47 5 21 69 77 41 80 21 13 55 78 4 82 64 66 64 14 41 77 
32 51 17 13 32 71 38 9 79 74 83 48 90 50 72 55 28 83 62 76 76 46 77 12 79 74 43 27 59 61 2 83 14 72 41 54 91 70 27 56 18 79 29 4 90 32 93 85 0 21 90 37 73 45 38 69 8 37 21 92 73 43 25 88 45 9 71 96 63 87 39 33 34 38 62 27 28 13 99 4 95 75 0 2 50 46 47 76 38 18 81 79 5 78 56 10 99 32 83 64 
35 74 82 39 21 39 21 33 9 38 18 54 82 71 41 77 20 12 43 40 2 6 76 37 65 36 5 79 1 18 38 8 73 2 93 92 21 75 15 41 77 39 75 93 13 39 44 33 27 96 94 51 56 32 80 50 27 81 76 81 99 21 67 85 39 71 3 23 67 9 74 33 40 43 85 91 96 19 81 38 23 73 28 16 8 65 72 67 72 66 63 10 92 33 18 80 2 34 4 12 
7 87 33 56 82 63 60 74 22 24 4 28 23 80 70 55 82 16 44 2 16 34 64 48 66 89 16 43 66 7 16 23 12 18 73 58 18 74 9 9 72 42 78 71 21 4 3 40 26 70 69 1 11 55 30 22 27 94 96 60 39 57 24 32 72 28 21 83 69 5 99 84 78 0 78 67 39 30 40 23 7 19 94 43 45 86 78 76 0 32 6 78 29 45 3 67 97 77 81 80 
27 75 26 34 24 98 57 80 6 30 56 40 10 62 79 39 9 9 19 37 65 89 39 12 51 90 26 72 16 69 37 55 84 65 50 45 18 50 46 43 22 31 87 75 43 39 96 99 1 0 57 15 53 96 30 12 54 65 92 71 13 47 14 53 36 75 88 48 16 33 89 18 54 58 29 61 98 99 62 98 51 55 61 33 50 23 63 89 26 38 61 72 55 95 87 82 18 64 23 59 
97 74 70 34 8 50 43 44 86 94 5 12 91 92 89 31 26 47 63 87 23 64 25 0 0 38 36 51 31 49 64 79 26 71 26 20 90 80 48 25 41 88 31 13 31 94 35 34 6 19 68 86 5 55 1 57 54 76 94 30 16 69 46 50 55 92 64 2 45 71 24 17 13 15 90 41 74 95 15 76 2 64 97 26 31 85 68 33 14 48 64 93 14 25 37 37 20 54 40 6 
