91 62 65 24 76 33 81 0 61 66 31 97 91 6 47 51 67 36 87 16 8 66 5 8 16 68 47 7 67 61 65 59 36 92 29 98 87 9 29 88 31 59 44 32 52 20 38 9 40 3 90 59 71 58 29 3 71 88 64 35 1 76 96 41 57 91 61 87 92 79 50 39 48 8 71 23 0 75 68 84 89 65 65 95 60 76 40 9 76 16 55 67 54 65 50 8 92 40 9 97 
51 15 10 5 44 37 96 39 57 34 0 64 71 47 22 46 78 97 96 77 1 36 19 64 76 73 67 99 79 11 83 90 11 2 91 6 91 61 97 62 61 70 83 38 77 32 8 10 83 40 1 25 16 59 48 32 97 31 97 56 63 31 89 73 42 60 17 91 28 85 20 26 73 59 71 28 69 62 20 37 53 98 33 36 30 53 67 97 6 33 70 46 24 21 94 69 62 20 22 10 
65 41 1 45 72 52 66 87 45 33 60 90 85 71 86 26 87 76 59 97 74 19 93 73 10 24 27 52 12 19 25 44 48 12 2 17 60 46 16 68 6 2 87 53 63 66 63 11 34 9 36 22 63 70 87 5 40 73 79 77 87 32 15 42 58 10 17 89 87 4 11 21 56 81 86 18 90 64 45 3 56 59 7 75 83 74 11 78 4 60 66 48 33 80 29 83 83 4 70 88 
95 35 53 32 35 73 8 33 56 20 90 14 74 56 71 75 35 22 77 56 28 0 68 49 48 55 52 46 42 86 39 92 74 54 58 16 55 39 29 90 71 31 41 24 10 20 92 92 71 18 37 7 73 97 94 84 21 20 76 9 65 71 70 96 37 82 16 52 27 62 21 1 64 64 75 77 93 96 62 77 63 72 56 28 39 16 79 70 24 52 39 47 10 32 2 40 15 83 33 90 
36 51 17 22 19 32 22 14 18 52 66 30 34 65 77 81 57 45 88 5 17 62 91 3 42 0 36 16 62 60 56 77 70 6 80 62 4 18 21 45 19 15 87 99 66 88 52 63 37 59 11 6 44 7 59 87 97 64 98 64 80 90 46 89 49 82 31 43 74 47 88 43 98 33 66 16 21 39 50 3 17 27 38 38 4 14 52 70 47 0 79 72 94 56 74 38 1 27 88 70 
6 51 20 81 96 48 74 61 84 22 14 91 74 76 81 79 50 20 17 92 63 79 64 81 84 19 88 0 53 11 97 68 28 37 88 65 53 57 75 31 59 82 64 89 24 87 19 58 54 32 86 25 90 25 99 41 46 10 84 51 6 95 66 35 88 18 44 33 17 15 29 68 5 7 1 55 82 36 87 88 72 71 31 5 45 91 23 89 63 2 35 31 28 66 61 61 54 81 85 20 
67 68 93 1 64 56 4 11 38 50 88 28 52 93 5 69 41 17 40 78 73 42 56 80 91 66 16 45 82 87 18 29 24 84 50 7 34 30 29 16 46 54 79 53 21 61 3 51 33 66 15 6 34 19 12 38 71 95 86 2 43 40 95 62 9 24 8 40 32 36 77 89 35 91 18 89 0 84 2 52 12 63 3 58 55 61 41 10 44 42 60 2 34 47 80 18 80 8 76 46 
26 23 27 52 65 97 57 75 25 73 20 73 1 19 60 99 31 35 61 30 25 58 17 92 67 24 82 29 65 7 53 43 76 14 3 92 72 34 70 35 20 49 55 76 65 71 67 76 48 86 4 4 67 13 33 68 46 64 88 27 62 22 35 41 21 38 73 93 55 84 35 41 29 39 51 94 4 15 67 16 40 29 8 30 22 36 81 42 87 31 63 76 69 8 79 23 59 67 86 39 
24 87 51 77 16 44 26 92 86 66 96 1 97 57 95 10 82 49 91 78 65 96 50 4 28 78 4 29 72 44 65 46 17 12 15 83 28 40 14 29 83 1 55 58 61 65 29 10 6 60 58 84 73 72 69 7 9 71 22 74 97 22 15 99 15 79 17 7 70 10 59 32 2 19 70 63 61 62 16 28 60 5 3 88 91 10 20 13 56 80 9 96 85 92 83 76 34 67 43 53 
66 10 47 31 92 9 64 8 44 92 14 95 74 6 44 98 51 7 48 47 51 57 34 42 50 55 61 26 89 49 77 37 56 38 80 49 97 86 54 33 48 74 18 7 21 50 56 7 5 95 40 99 9 45 60 80 50 82 21 25 38 16 90 56 3 31 1 78 5 87 18 30 59 37 41 60 5 39 15 17 60 49 64 30 49 77 48 90 67 58 12 22 3 21 22 92 25 36 67 42 
68 7 95 71 18 48 34 46 1 74 54 21 42 85 33 61 60 76 85 69 3 67 61 23 13 7 69 74 20 3 45 97 46 99 53 44 21 16 33 25 59 38 68 88 93 92 34 46 70 91 51 63 78 8 40 6 32 39 92 15 13 60 15 63 30 7 57 17 48 88 14 57 25 79 49 4 14 34 71 75 39 25 90 33 34 13 98 46 27 8 46 9 44 8 65 28 85 62 94 47 
66 57 34 66 52 99 82 7 88 82 89 67 66 43 75 55 29 64 98 82 68 27 79 2 40 87 0 12 79 57 21 64 29 18 92 8 60 56 46 80 89 13 47 41 20 29 5 58 81 6 12 88 61 36 4 49 19 44 99 99 48 39 80 22 11 44 69 7 77 34 17 22 71 15 77 47 74 94 40 48 52 2 24 3 51 62 91 93 11 3 18 74 31 81 49 19 5 11 20 16 
62 6 32 19 47 43 64 4 33 38 5 83 99 13 99 63 50 26 43 92 73 62 30 51 6 78 32 37 22 38 13 21 48 40 54 66 81 65 31 92 44 54 15 70 25 82 8 4 42 35 85 85 77 87 46 48 83 51 91 6 0 86 96 75 68 87 43 11 57 90 82 27 54 90 50 28 92 87 72 62 11 58 11 60 51 26 94 43 15 12 88 40 21 54 26 31 60 27 19 18 
11 66 97 89 46 85 83 63 46 80 54 5 80 55 4 53 42 28 11 86 18 92 10 2 59 51 38 4 64 66 67 63 98 12 5 58 9 36 17 62 84 27 62 65 74 37 77 84 16 52 80 51 15 20 6 0 72 56 48 77 26 29 94 42 31 93 41 10 99 63 80 93 94 57 48 74 57 44 37 89 91 99 25 20 32 43 87 62 73 26 12 0 24 67 73 63 39 76 58 25 
76 45 64 7 80 85 13 64 93 41 20 52 76 41 87 36 63 2 25 63 93 57 71 52 7 22 70 86 35 74 46 44 72 82 90 70 33 88 64 99 49 48 58 74 63 93 81 70 73 60 53 61 86 52 73 12 31 26 16 52 58 3 47 9 50 35 37 34 67 61 90 8 99 8 76 33 63 8 3 36 98 6 65 32 54 88 8 26 52 36 96 15 95 22 77 61 48 20 82 93 
44 66 21 49 81 90 93 62 41 49 58 37 73 83 19 94 22 48 82 5 94 32 32 16 89 96 62 73 72 76 28 28 85 75 3 20 76 86 25 10 86 85 96 13 8 96 67 20 70 61 46 93 20 85 99 44 69 32 12 83 31 36 7 3 58 1 92 11 28 79 49 35 32 92 48 36 13 37 20 98 26 90 61 62 64 88 41 65 15 74 79 97 4 87 79 94 54 28 18 48 
57 9 36 19 72 21 19 10 1 21 86 96 9 8 97 57 92 96 91 1 63 48 21 50 73 10 33 98 51 51 63 54 14 73 18 84 85 96 63 4 24 25 33 67 57 62 40 48 45 50 48 19 68 44 16 77 56 5 84 21 47 71 14 84 24 27 56 44 69 82 75 84 34 12 94 9 24 9 86 76 30 17 0 2 4 98 84 48 42 67 12 89 91 95 40 28 47 82 73 54 
6 51 31 87 87 71 92 40 55 41 74 77 93 54 3 84 97 55 19 62 55 13 54 76 19 4 20 41 79 75 53 22 69 50 16 46 10 49 47 58 13 61 88 24 12 77 38 12 28 63 31 83 23 18 45 40 23 89 78 7 20 97 72 4 14 0 29 91 0 83 8 45 48 46 92 83 76 89 48 18 32 45 7 11 78 14 81 83 42 47 83 78 38 1 7 3 85 61 78 88 
21 33 18 28 62 79 27 24 69 54 2 78 95 1 12 10 19 91 51 27 10 46 81 74 40 26 57 9 45 32 52 63 45 50 13 86 13 17 80 13 51 58 67 24 92 69 88 40 51 95 73 43 5 33 98 75 67 5 87 90 43 25 14 50 40 10 61 49 7 91 47 84 14 78 35 64 14 26 58 65 82 30 30 15 32 25 38 65 99 94 20 32 52 21 76 39 85 79 55 92 
41 74 72 0 53 17 30 26 74 95 19 45 20 57 27 79 78 13 80 92 84 40 8 68 58 12 59 60 89 46 50 39 62 46 40 92 5 65 1 50 72 34 85 73 13 28 2 83 53 66 84 69 6 12 99 82 37 93 30 36 68 26 63 34 8 26 19 58 38 2 59 96 59 43 75 7 44 86 50 59 51 23 22 74 20 37 2 38 55 37 33 27 74 89 41 65 65 75 15 25 
92 5 77 69 77 67 89 36 99 95 0 23 54 65 43 53 51 68 20 85 22 87 24 21 27 63 20 72 74 92 18 53 43 70 89 91 16 18 76 53 0 17 70 71 96 80 74 48 27 48 85 85 11 64 4 10 18 1 36 76 63 22 63 70 70 16 57 68 21 55 55 44 40 61 11 83 29 63 19 37 44 74 58 52 10 27 52 78 41 15 54 47 48 12 91 68 54 56 41 50 
92 39 30 99 14 2 96 87 99 18 63 26 70 38 58 12 91 77 93 49 94 68 29 38 60 87 92 3 83 57 23 43 45 9 14 69 56 2 67 92 96 54 1 57 76 87 37 43 86 22 94 75 10 53 14 50 89 74 69 0 45 48 85 29 51 42 62 73 32 45 23 92 2 23 37 69 67 25 4 4 38 9 35 40 24 85 23 1 73 14 31 13 96 76 3 42 4 25 78 97 
15 76 56 29 15 49 92 33 88 82 98 2 53 95 40 29 46 69 30 88 73 19 36 31 99 18 43 33 78 15 10 24 45 31 91 25 24 62 24 87 84 75 19 95 81 43 82 24 50 68 7 64 36 4 19 75 20 70 39 98 6 80 15 2 2 65 11 22 0 37 12 34 6 51 32 22 31 54 72 7 49 35 84 56 60 66 92 95 25 87 82 53 4 27 32 79 34 95 28 7 
5 20 5 10 5 7 24 3 30 75 70 60 59 14 87 43 99 36 16 77 51 82 29 58 75 5 74 3 88 92 83 83 49 31 69 47 4 70 47 78 24 23 81 61 32 40 71 91 27 55 90 71 6 26 59 93 77 65 68 86 21 89 10 72 33 32 43 13 28 86 13 99 79 58 52 56 92 5 85 7 66 38 30 95 33 44 84 50 52 8 18 40 89 37 8 41 41 56 15 40 
73 95 99 66 84 11 11 23 94 58 40 87 97 74 61 27 82 55 8 9 97 33 72 41 20 49 98 10 13 13 50 93 71 63 40 31 75 55 31 5 4 7 8 71 51 27 53 17 99 0 0 58 28 85 95 34 42 93 2 43 40 87 23 34 90 71 32 94 48 5 58 46 84 48 21 51 14 64 89 44 73 46 19 41 13 15 22 93 90 28 35 56 68 2 23 60 1 70 68 4 
79 50 91 17 34 99 76 67 24 98 62 20 92 14 21 79 75 16 5 24 65 71 38 49 27 53 80 32 45 89 35 91 35 49 67 28 96 11 28 7 38 12 42 21 15 20 59 78 23 52 5 1 8 61 13 66 34 80 40 8 34 59 50 69 1 75 36 50 9 82 30 11 68 99 48 91 8 99 44 60 85 62 29 30 60 31 94 71 97 28 91 50 80 58 51 32 81 67 29 55 
48 41 61 31 78 90 5 38 33 48 16 27 77 27 61 81 68 68 77 77 35 17 99 16 3 62 80 94 3 78 87 48 62 3 25 72 51 94 19 38 59 50 12 33 99 34 66 92 47 17 45 74 30 6 10 28 54 0 37 45 75 32 24 95 3 76 62 48 93 54 77 95 26 50 95 76 7 44 15 30 80 50 18 7 76 64 80 77 59 64 12 63 96 60 42 33 55 26 1 97 
26 95 36 18 10 47 89 10 40 60 96 62 92 90 72 1 58 30 43 51 8 61 99 39 51 35 13 30 9 6 33 65 59 77 74 9 18 98 15 66 27 91 6 58 39 25 80 30 12 53 45 38 34 64 77 12 76 36 24 19 91 99 78 86 23 67 74 5 3 19 20 24 48 53 20 81 49 60 77 16 94 24 9 21 0 64 63 40 95 84 39 62 31 39 85 6 36 78 64 43 
14 81 80 84 71 37 90 31 54 63 91 98 79 72 40 22 44 46 92 94 20 38 34 61 94 86 97 23 64 25 89 89 36 13 31 22 16 8 84 4 53 89 78 95 1 1 48 92 4 18 36 94 47 3 30 42 16 61 50 48 33 65 0 13 64 34 42 2 54 69 75 96 51 51 91 81 70 22 96 80 57 11 55 76 23 51 26 3 36 72 12 9 49 97 93 78 89 57 4 68 
14 1 54 67 88 53 78 71 91 52 81 0 47 81 10 92 89 33 30 71 96 50 76 14 41 26 45 83 42 13 74 12 8 23 18 14 76 90 77 33 19 18 57 1 90 41 84 11 97 37 66 37 74 52 29 22 92 32 43 94 56 63 67 10 36 96 45 95 59 46 26 19 64 53 79 95 38 63 26 47 59 96 67 31 19 25 92 11 72 34 19 38 67 22 95 18 50 88 57 99 
88 98 56 93 84 64 87 99 42 38 42 65 2 14 77 40 47 42 40 69 99 93 49 11 83 63 30 45 21 38 22 55 16 46 92 3 65 64 30 51 31 87 6 82 44 71 18 24 82 95 13 66 50 76 54 41 12 82 41 45 43 30 50 49 31 13 88 45 37 77 67 33 97 17 82 92 51 81 92 3 79 39 47 59 85 92 1 20 33 34 23 55 94 53 67 39 93 80 94 67 
56 62 38 51 4 29 28 77 80 43 78 1 99 82 71 52 52 24 3 8 96 32 0 96 71 71 5 43 66 18 18 30 64 91 60 83 88 47 34 27 71 55 32 2 74 26 40 97 50 29 79 61 19 7 25 3 93 55 78 83 46 24 67 76 87 5 92 99 16 50 16 56 19 58 23 62 36 60 10 95 69 2 97 3 91 56 9 95 66 82 76 10 36 50 5 99 39 24 42 9 
30 43 16 54 74 67 98 30 57 66 26 96 15 16 69 90 35 94 96 38 12 72 70 75 73 7 28 73 86 71 63 48 40 21 8 31 34 2 50 92 9 84 63 2 13 15 20 11 49 62 54 47 76 16 5 64 1 96 25 24 17 11 14 56 59 4 60 42 20 65 45 29 67 42 25 91 10 50 17 16 95 92 48 22 22 14 8 56 96 40 79 22 67 52 71 33 2 70 98 95 
8 21 33 58 44 95 45 65 8 50 8 95 42 71 6 42 34 75 15 67 5 56 70 57 34 5 86 51 23 85 48 10 90 17 6 57 92 51 46 99 57 46 82 62 94 12 46 5 16 79 75 45 14 15 38 0 28 90 88 42 76 5 93 91 45 35 2 76 27 15 84 24 31 47 10 3 91 18 18 54 23 13 46 34 9 82 52 70 14 36 88 6 23 47 14 58 75 3 35 25 
41 43 8 50 88 0 4 0 44 50 33 50 33 42 66 14 47 76 8 37 80 79 71 75 22 51 17 79 66 86 1 82 21 18 29 72 41 62 93 35 67 59 27 3 8 33 87 62 88 10 96 84 30 94 67 81 73 12 72 6 23 92 2 90 0 81 51 30 53 61 44 55 42 54 37 38 96 99 68 52 64 20 38 11 55 62 54 21 46 51 11 3 6 0 56 93 74 27 42 16 
46 0 41 40 90 98 54 63 3 24 13 61 6 29 81 34 1 43 52 21 43 43 25 55 26 31 90 63 11 13 31 70 22 56 8 34 67 84 71 35 16 31 74 98 83 53 66 85 66 0 28 46 42 61 34 24 17 48 13 75 83 83 73 48 74 48 54 48 32 24 2 56 42 52 80 65 3 70 63 76 35 69 58 89 17 60 18 23 97 20 72 35 29 72 21 55 46 1 58 92 
47 89 29 51 46 29 70 4 6 73 6 72 44 31 62 40 48 57 58 17 71 91 31 15 63 72 85 9 34 14 17 10 46 40 92 89 40 39 60 17 8 21 55 47 84 74 76 93 57 59 21 80 31 76 98 49 63 36 75 15 89 92 2 40 62 96 25 89 28 73 51 10 20 56 65 98 33 53 45 71 27 0 75 42 20 99 90 10 46 4 59 90 17 18 29 23 35 34 26 50 
29 56 46 50 64 82 16 34 89 73 93 29 17 29 49 78 72 61 70 30 32 7 68 68 40 77 62 31 41 86 87 58 21 59 33 4 26 28 88 77 33 41 50 57 84 28 61 44 1 34 83 13 44 2 58 66 67 33 42 37 23 11 26 80 26 56 76 74 31 42 22 73 37 70 66 42 28 33 66 15 48 61 43 56 43 33 85 81 29 53 52 75 63 21 25 60 29 63 16 91 
75 67 48 72 57 19 96 4 13 35 73 49 1 99 52 57 58 71 29 96 44 82 88 82 11 89 27 65 62 74 40 87 21 36 65 84 0 49 77 59 74 55 56 81 4 8 86 50 55 76 35 70 78 67 27 27 56 79 37 73 44 50 13 26 71 68 62 28 0 32 88 95 85 65 18 67 20 23 95 61 34 33 39 85 89 69 20 8 21 10 86 47 85 97 46 36 27 80 57 8 
35 11 89 92 88 96 20 75 34 16 81 88 37 86 39 68 19 83 31 27 68 59 66 63 75 95 91 13 30 7 97 39 10 39 48 66 96 72 21 57 15 8 87 58 70 98 65 95 29 82 69 15 91 93 1 82 95 64 48 86 24 78 91 27 44 7 14 34 20 6 73 49 85 87 2 30 15 94 4 58 34 14 89 0 60 37 8 10 77 63 30 9 56 13 74 19 83 84 46 74 
50 34 56 32 52 16 25 98 82 53 73 65 72 62 87 81 41 43 98 40 40 92 56 79 8 51 42 15 85 73 16 63 72 51 47 72 82 0 32 85 60 80 51 72 29 22 75 52 10 46 75 12 58 28 62 17 34 61 23 63 0 23 5 50 76 42 81 82 21 86 16 83 0 38 10 87 46 64 74 8 9 78 44 47 21 19 25 81 55 98 38 60 62 58 8 9 92 51 58 95 
38 91 75 12 28 12 18 94 51 25 83 41 17 28 64 83 42 88 36 93 99 79 34 16 91 37 29 50 81 73 71 53 89 74 24 96 38 78 72 1 92 92 15 11 81 40 59 74 85 32 95 39 94 7 88 28 29 64 85 47 78 68 7 54 14 72 16 87 59 35 63 25 36 51 89 75 90 49 50 54 2 22 83 73 3 11 38 40 2 16 39 42 89 49 82 5 77 25 57 5 
27 44 75 0 37 2 9 87 96 48 16 9 64 67 91 82 32 79 18 45 60 9 95 74 84 56 9 33 89 80 58 35 78 16 57 12 1 14 83 40 26 21 97 74 97 22 19 81 83 86 56 81 33 70 6 47 40 48 91 12 88 26 11 27 83 60 16 91 57 99 72 86 42 75 66 61 43 44 84 88 65 0 6 10 42 96 67 32 73 14 96 1 24 94 53 98 88 35 56 55 
48 44 43 14 6 6 18 37 99 69 9 54 22 78 86 3 26 59 18 99 31 61 52 4 74 53 31 97 3 98 74 66 76 6 40 6 87 71 13 16 85 68 98 91 69 72 44 47 47 74 79 83 97 58 52 77 29 14 37 70 13 25 65 38 27 88 92 84 89 50 71 93 0 89 99 47 24 18 50 48 47 25 47 52 65 28 11 24 39 62 44 31 2 51 49 34 39 95 30 30 
88 10 77 48 38 90 73 2 5 46 42 25 63 77 97 38 57 88 10 29 34 57 31 58 93 33 75 62 6 10 6 26 92 48 6 41 73 96 91 32 5 47 47 46 11 30 82 10 2 78 56 96 3 62 26 97 44 22 86 50 5 54 9 55 80 47 63 81 70 46 2 18 16 95 26 30 63 59 65 94 0 57 85 41 50 53 2 91 17 23 22 73 35 91 78 96 5 48 83 26 
77 50 64 98 69 26 98 43 79 81 58 23 50 82 61 32 35 44 6 80 77 35 83 57 82 56 93 31 19 19 58 85 62 92 19 17 30 33 75 68 2 20 13 26 94 96 9 49 38 20 2 8 92 11 30 42 84 93 83 35 78 47 12 46 16 97 51 48 1 0 33 70 97 38 31 29 70 68 84 93 22 80 94 47 66 30 54 82 30 56 50 88 10 12 30 18 80 97 86 65 
23 66 45 27 84 42 55 61 55 89 34 6 8 58 35 69 6 61 72 82 68 66 13 66 6 87 91 83 83 99 66 38 4 96 74 68 99 78 73 47 33 44 68 54 0 30 52 46 57 64 30 62 26 58 97 77 3 32 35 51 38 48 43 73 56 46 49 73 66 31 86 46 51 5 25 79 90 13 54 50 0 22 2 26 23 38 76 97 2 34 31 68 84 99 43 72 62 58 56 3 
28 60 5 13 99 35 69 43 22 67 92 81 85 44 92 59 29 86 33 31 72 34 42 40 72 81 76 6 40 39 45 32 50 34 18 74 31 90 97 21 95 87 94 43 96 25 94 59 66 91 32 17 92 0 60 82 77 93 61 6 44 47 28 86 16 28 29 48 76 16 96 36 58 82 4 68 59 58 70 44 79 45 78 60 5 55 38 25 60 48 95 42 67 67 43 3 62 55 83 23 
62 14 50 98 84 95 75 25 0 18 4 12 32 87 90 32 58 47 90 87 69 94 53 45 68 6 60 77 44 6 71 87 89 79 72 94 94 15 2 76 48 46 78 77 72 58 64 34 4 81 27 63 4 22 55 79 81 97 39 10 37 10 94 88 60 92 0 96 35 1 97 87 3 34 2 70 37 41 41 68 95 21 50 33 17 29 34 76 4 63 2 24 7 39 67 14 81 32 5 60 
34 90 81 20 65 33 80 66 49 61 8 0 91 86 61 25 83 54 64 64 11 49 71 22 0 36 46 13 26 93 48 18 10 89 17 5 10 51 78 63 17 49 61 65 15 53 19 83 95 10 35 71 72 94 57 56 85 86 3 1 8 68 87 26 64 84 49 69 9 90 90 36 37 10 45 90 69 89 13 67 33 48 79 26 32 91 37 94 85 48 19 26 75 0 41 16 52 60 66 71 
75 3 71 45 56 92 11 77 15 87 25 86 61 65 39 19 70 28 78 84 10 23 53 68 46 93 58 5 86 83 35 5 93 41 6 62 44 14 91 21 26 95 1 62 67 24 71 43 4 44 44 94 18 82 42 72 75 45 79 23 25 93 0 62 76 38 37 11 87 68 62 82 74 20 13 4 22 39 43 91 20 39 95 4 27 42 36 16 20 69 43 87 87 33 49 98 47 58 75 0 
62 24 46 56 66 58 63 33 52 87 32 49 39 7 52 78 3 90 29 78 42 12 47 26 6 56 19 37 65 86 17 82 97 55 10 35 52 31 46 19 67 26 29 7 89 94 30 28 66 88 93 32 5 4 17 18 71 22 21 31 89 66 93 59 4 48 95 11 78 16 19 52 68 20 2 87 30 36 6 82 94 5 42 88 77 1 75 25 90 98 12 36 16 65 62 20 50 21 27 8 
97 84 67 30 38 40 96 75 29 30 50 85 9 19 74 53 25 20 37 57 22 24 27 4 82 72 76 97 25 6 5 50 97 24 39 7 83 63 70 22 87 63 96 95 97 46 28 30 26 65 13 40 53 18 46 88 87 2 48 11 67 8 41 94 38 55 75 50 25 9 92 47 77 12 40 54 20 45 89 29 56 63 77 49 13 65 61 70 38 96 21 24 37 39 92 58 79 19 77 6 
78 1 10 0 5 77 36 52 67 81 84 17 95 67 28 72 59 64 41 67 81 81 63 86 15 50 61 31 54 44 11 9 3 75 49 96 15 49 34 31 9 26 21 98 23 88 95 84 95 16 33 60 26 46 7 96 64 34 24 66 61 87 36 6 19 4 12 51 25 45 50 42 8 27 21 8 96 59 69 39 85 36 65 31 90 67 12 29 42 26 10 45 73 28 73 57 29 36 16 77 
49 68 86 92 42 4 78 47 1 40 34 76 72 6 6 94 57 79 66 19 19 31 86 54 29 2 37 42 88 26 84 22 77 19 80 67 44 18 2 15 31 10 34 11 26 50 71 92 18 74 18 41 52 32 0 7 7 38 72 89 42 3 56 62 31 82 95 70 98 73 81 44 14 41 82 49 97 37 56 36 31 2 78 55 57 18 77 22 21 51 82 74 85 70 80 42 3 35 88 17 
12 8 10 98 82 98 9 72 26 39 30 72 90 0 53 37 29 85 20 10 89 18 36 22 65 4 85 4 59 81 46 8 10 8 33 10 70 69 48 81 5 3 43 75 28 3 8 43 22 68 13 19 61 71 61 39 56 57 42 25 97 46 17 59 35 97 70 38 84 29 57 24 13 18 26 17 45 29 73 49 74 11 49 93 93 33 45 50 77 84 35 10 87 79 41 34 20 69 22 12 
62 47 90 66 16 11 80 74 12 22 3 75 74 68 30 76 47 17 41 28 3 21 93 33 3 87 59 81 17 67 32 26 85 82 63 85 0 19 95 50 71 87 50 61 70 28 75 12 85 94 28 91 63 6 55 0 86 35 66 96 62 33 88 38 65 51 50 79 2 18 62 85 32 84 27 59 90 58 77 9 5 24 11 45 73 84 73 81 47 10 91 56 47 56 91 74 86 94 57 90 
14 59 90 15 76 28 41 6 85 32 10 75 77 97 28 40 33 78 76 46 4 93 20 55 47 59 84 24 35 74 84 48 79 66 29 76 19 59 61 20 61 94 89 50 38 51 73 46 98 49 39 98 7 52 39 2 95 47 59 11 69 80 57 91 99 36 45 4 49 79 49 67 72 33 10 38 63 22 41 46 78 32 46 37 45 14 92 90 7 23 48 22 17 91 34 49 88 77 46 32 
22 74 67 65 95 13 82 80 98 99 49 71 63 69 30 62 10 63 81 57 87 40 32 79 4 7 30 25 83 68 51 58 29 24 67 44 62 33 88 10 57 97 80 39 70 44 97 43 30 9 44 29 23 85 3 69 65 58 58 43 44 94 56 51 35 66 27 86 88 38 57 66 57 90 42 77 31 14 70 7 1 81 77 9 90 55 59 76 71 26 57 7 47 18 5 72 40 59 29 53 
75 43 99 14 54 71 40 33 33 11 78 86 90 38 66 84 22 22 50 84 25 19 63 73 87 73 19 51 44 25 40 24 13 41 64 56 4 94 4 35 18 38 99 76 70 57 1 60 97 61 67 77 4 70 5 41 81 71 28 86 87 69 61 27 11 95 19 22 67 71 65 27 44 44 20 6 13 77 25 20 52 25 46 3 52 67 73 31 2 23 47 36 76 57 51 37 65 10 5 14 
74 2 40 1 56 45 73 2 31 60 47 32 42 73 4 11 53 89 21 11 36 90 25 61 92 49 66 16 22 2 41 27 58 77 51 2 90 3 71 89 68 22 38 80 77 38 64 79 91 41 65 29 91 67 32 20 15 89 59 35 52 86 95 57 55 15 5 16 61 53 1 27 75 9 26 28 51 59 99 88 85 50 76 86 33 27 11 71 97 47 36 19 41 26 8 99 73 86 42 20 
79 69 64 41 6 50 39 92 78 53 55 83 96 1 94 28 76 13 87 37 26 22 75 74 66 56 3 15 52 55 99 35 66 0 38 85 15 39 98 36 60 39 30 38 16 69 15 84 22 46 59 42 57 64 76 53 87 49 44 64 7 9 3 31 3 1 13 17 95 88 50 4 17 14 60 31 45 55 68 3 25 85 7 74 88 49 34 28 52 92 43 7 19 92 78 62 86 4 57 87 
41 37 72 93 91 14 63 36 47 14 72 76 61 63 19 85 45 79 73 83 60 3 57 30 40 42 77 30 35 79 16 53 55 81 2 77 8 14 65 95 61 96 79 46 92 56 0 96 65 75 45 23 1 82 53 94 26 49 79 21 85 4 48 66 35 4 6 86 50 67 41 47 61 2 98 43 64 79 61 57 83 56 67 94 45 66 75 19 1 65 60 1 98 31 56 42 54 19 48 90 
15 96 76 28 89 98 67 38 79 53 63 53 41 91 10 66 21 67 80 93 61 63 89 52 48 53 53 64 20 94 14 51 24 66 97 78 90 0 57 22 91 41 72 0 45 79 14 85 9 36 71 37 37 75 97 73 0 2 98 50 77 84 22 39 16 85 80 64 15 87 25 1 41 80 38 47 45 38 8 17 40 34 61 37 94 88 44 44 6 53 27 47 41 74 19 44 53 64 42 24 
18 24 65 98 20 81 53 8 87 44 19 73 36 60 72 43 40 82 82 61 33 86 88 35 27 67 78 69 45 91 81 25 53 71 60 49 78 97 87 29 91 2 35 48 35 23 10 73 15 63 96 36 7 59 10 94 24 64 66 33 57 27 40 0 45 75 23 6 13 84 90 89 15 68 72 88 62 2 87 77 26 52 29 29 2 97 28 69 56 80 15 74 45 8 36 79 58 8 29 73 
46 77 22 99 13 25 7 20 29 54 29 34 91 40 86 84 83 39 59 70 15 64 14 7 45 41 35 63 88 35 14 99 81 80 53 69 51 14 11 16 35 75 6 28 24 97 65 57 66 95 98 38 65 84 18 68 49 11 80 12 39 76 6 50 46 11 1 42 91 30 53 4 66 68 1 2 78 91 64 93 19 81 81 85 73 31 7 37 68 73 59 59 14 6 2 43 53 87 93 58 
2 30 60 56 92 77 7 70 77 11 71 78 97 90 28 16 41 22 89 46 67 60 37 62 54 30 17 74 33 7 70 25 55 58 56 28 38 20 95 75 80 5 37 53 77 22 32 5 75 64 37 75 66 76 57 83 71 72 3 92 39 37 15 47 24 49 89 25 16 54 81 61 17 8 6 39 20 48 68 90 84 54 14 21 33 32 75 12 45 47 69 23 75 89 24 64 87 63 76 33 
90 14 93 36 18 85 54 70 7 81 20 41 47 15 80 94 28 81 60 11 28 63 86 13 1 12 69 12 57 17 56 21 43 38 36 40 88 51 50 36 9 76 17 64 14 92 92 87 58 18 19 34 71 85 86 89 93 98 71 95 18 19 98 41 13 6 29 82 63 51 57 68 45 62 33 26 35 20 65 45 24 76 12 39 32 33 98 58 50 10 93 13 90 0 32 94 22 7 33 0 
87 52 31 17 54 6 23 95 99 28 44 58 74 62 72 13 5 86 77 14 89 56 75 67 96 17 16 62 15 69 54 63 35 43 28 17 1 85 80 2 30 0 67 0 44 93 78 12 19 13 7 64 15 82 38 91 30 14 6 11 88 27 78 44 24 8 61 15 30 15 50 85 92 75 36 61 26 24 22 52 73 9 64 28 17 74 45 82 86 62 80 88 24 90 69 77 39 82 73 7 
77 19 16 71 13 22 78 79 27 52 4 89 5 55 93 46 6 92 41 73 65 21 16 88 25 77 65 32 66 29 69 41 94 30 47 24 60 60 86 9 45 81 5 71 17 94 25 6 13 73 44 91 35 44 85 25 81 77 88 7 61 71 48 45 20 19 50 8 6 38 11 87 94 54 52 50 22 91 57 8 53 24 20 67 35 39 20 26 1 21 70 36 54 81 34 63 84 31 13 52 
23 92 97 64 11 24 46 6 96 2 48 40 95 62 80 27 75 37 48 99 81 82 49 50 39 98 51 19 98 53 68 46 23 85 89 42 83 82 69 87 55 6 82 2 31 11 45 66 97 63 89 72 0 40 15 80 85 44 84 25 94 78 28 87 50 33 22 72 20 29 47 42 83 8 75 42 37 66 82 7 86 96 95 85 64 14 67 88 28 67 8 70 92 41 48 63 23 13 24 18 
16 72 52 81 35 67 68 29 72 68 3 44 58 9 79 62 91 64 14 5 8 76 64 60 63 51 60 3 59 25 91 28 21 24 30 49 36 36 64 73 54 92 29 0 33 30 44 7 58 60 43 55 33 67 18 52 1 56 77 57 83 60 8 67 1 40 11 91 15 22 95 39 85 59 94 63 38 10 95 76 57 7 54 34 14 27 36 15 48 11 54 87 52 31 26 45 8 17 67 81 
33 94 22 8 18 97 45 89 98 25 59 5 4 24 59 98 5 1 6 71 73 49 95 75 97 77 85 91 88 23 80 61 93 40 32 70 65 37 39 98 46 44 60 83 66 33 47 7 20 92 78 22 23 37 45 43 81 27 26 17 31 69 12 6 30 75 41 7 50 87 10 75 11 91 18 40 97 30 85 49 16 25 70 19 40 56 27 78 75 1 48 48 19 72 3 87 51 3 94 74 
56 64 73 6 68 45 46 98 35 88 18 49 84 83 53 93 46 57 45 96 48 42 11 90 18 23 35 78 1 54 62 46 84 88 84 8 56 15 87 19 9 51 36 57 54 7 0 98 87 65 12 80 44 82 40 5 49 87 42 14 92 45 13 17 54 58 16 66 14 29 9 53 99 70 41 30 56 97 74 61 25 48 86 80 39 51 50 95 15 4 27 99 40 23 44 22 74 75 80 90 
59 5 45 98 36 6 81 21 23 72 67 66 44 13 74 11 48 58 21 50 14 53 11 1 64 17 73 85 4 51 36 65 39 90 54 0 42 26 10 12 95 13 68 73 14 73 53 53 89 14 26 41 88 22 57 88 53 90 91 42 23 37 89 4 6 18 24 54 55 3 34 89 44 55 23 62 93 19 85 86 48 80 0 88 38 4 73 60 68 20 7 13 33 25 54 86 16 14 71 4 
32 52 1 67 81 59 79 93 91 44 41 87 50 11 7 59 16 3 79 81 67 48 31 66 84 16 23 18 60 93 4 77 21 62 65 93 88 44 5 42 34 19 69 66 87 17 72 37 26 26 40 52 18 69 30 53 85 14 37 82 99 96 98 15 53 97 36 17 11 83 71 69 42 21 66 0 23 34 13 92 96 90 99 67 23 3 36 7 28 34 11 17 33 86 18 9 14 24 57 82 
7 43 68 47 49 2 35 98 25 56 45 71 33 86 44 55 84 64 74 74 24 33 73 31 30 84 91 0 6 55 93 36 64 81 88 98 78 17 61 66 94 28 77 39 6 43 72 13 11 49 99 55 39 2 95 32 94 37 9 42 90 76 11 55 42 9 48 95 36 34 70 45 38 96 79 42 31 69 62 31 82 89 24 95 59 46 30 92 32 78 56 40 42 76 63 15 68 98 59 95 
20 26 4 40 33 20 18 77 12 39 2 71 42 30 59 88 89 8 5 83 22 3 45 82 94 90 9 60 43 77 97 96 46 73 83 22 23 92 18 20 41 42 25 23 42 44 10 48 53 37 61 41 10 59 15 36 29 24 90 94 35 97 31 56 46 94 65 26 24 55 4 68 61 69 10 45 72 32 77 33 62 61 17 70 13 23 70 55 85 90 53 61 84 35 88 5 75 86 28 90 
55 45 23 27 1 56 13 60 18 14 18 21 82 7 1 70 87 58 75 5 52 77 31 98 30 90 96 97 75 17 55 13 69 91 19 91 81 77 35 56 9 69 91 35 63 84 57 10 51 21 85 36 39 13 94 43 84 87 40 95 40 62 47 63 26 9 1 98 1 14 55 84 41 98 11 15 10 3 38 88 35 23 56 46 10 33 28 65 96 42 35 15 51 37 43 71 54 74 0 74 
21 23 29 2 14 96 27 17 79 85 39 38 33 1 1 49 80 82 97 69 48 90 57 21 8 67 63 3 16 19 12 89 80 33 29 93 95 80 42 80 14 57 72 22 78 19 31 8 55 7 75 53 29 64 42 57 30 84 39 90 14 31 30 97 76 16 0 9 26 58 92 58 10 88 22 70 5 24 50 2 53 1 80 55 31 47 91 55 59 59 16 61 18 91 69 69 91 47 1 30 
81 93 73 54 21 86 56 12 56 61 91 25 87 27 80 69 77 84 63 55 85 37 13 42 1 38 77 57 94 14 1 9 5 9 10 53 13 34 18 74 2 93 13 20 17 26 45 65 1 10 47 53 25 5 63 94 7 65 63 93 41 75 14 56 14 87 22 21 43 57 61 19 90 13 72 79 58 10 33 38 1 50 26 89 43 56 77 45 83 24 93 29 71 96 3 88 91 63 90 75 
54 82 20 2 69 32 52 78 80 30 7 84 14 19 12 55 90 26 43 20 79 90 70 97 49 17 69 82 94 96 88 15 8 82 71 49 55 23 98 5 37 82 12 31 80 58 77 92 40 54 29 41 13 32 15 45 56 87 62 84 77 7 22 22 55 36 6 19 71 13 49 0 2 68 35 75 6 63 22 18 19 24 48 33 10 37 50 69 58 25 41 35 37 71 56 22 29 97 90 32 
7 23 42 84 39 61 8 40 42 21 78 75 4 26 87 17 94 90 58 49 75 96 46 48 70 53 48 33 52 56 70 44 89 29 3 27 60 12 43 54 34 77 65 13 27 21 82 48 61 58 47 13 85 68 62 62 11 77 88 45 64 50 3 76 50 62 90 82 0 43 97 5 35 66 72 38 40 16 14 77 42 6 58 38 79 84 48 84 30 58 92 4 31 51 23 46 22 83 59 85 
13 50 69 85 33 49 78 64 47 53 37 26 7 21 54 82 72 61 44 88 33 33 70 1 95 6 13 71 9 71 53 85 37 6 4 82 88 41 23 93 39 52 90 78 94 44 99 23 29 58 34 45 29 97 28 43 62 8 94 71 51 99 48 80 69 23 60 85 59 51 79 76 61 6 86 49 44 79 14 47 6 8 83 59 34 70 33 56 82 16 4 95 23 30 48 56 85 84 72 80 
11 43 43 41 9 14 83 22 69 81 18 32 6 15 62 66 96 30 82 79 64 3 58 57 38 17 17 40 20 50 85 52 12 72 75 4 67 18 52 79 48 67 87 96 91 26 60 2 66 75 62 0 67 44 48 39 80 72 16 79 28 20 25 54 2 83 61 93 6 63 74 99 35 8 98 45 7 61 4 67 70 29 93 55 41 60 11 87 1 62 65 3 11 71 95 69 85 47 83 88 
48 39 76 31 48 37 50 98 51 81 70 29 30 77 88 32 16 75 62 47 88 11 46 55 66 82 7 12 73 57 20 49 71 10 62 49 44 6 7 91 11 90 78 52 75 23 53 31 45 20 29 61 35 37 37 95 1 42 53 65 45 64 8 84 4 44 80 98 51 94 62 8 91 95 93 0 73 30 58 4 36 71 16 75 36 45 77 99 83 47 74 11 86 45 84 21 95 84 27 22 
64 33 97 49 51 45 58 37 55 19 3 83 81 73 8 64 24 2 67 91 98 68 82 26 80 63 39 32 48 82 38 30 85 52 99 62 66 99 26 28 95 33 11 85 92 50 65 36 31 58 66 11 16 13 71 89 87 76 30 42 18 63 33 28 16 67 37 79 69 86 63 63 67 41 2 72 68 30 25 63 97 93 66 15 62 3 79 14 63 29 75 21 14 59 41 21 62 85 21 48 
12 46 47 72 48 2 24 26 26 11 74 53 61 44 83 7 80 62 89 40 71 28 88 91 65 9 33 18 67 3 78 29 99 22 34 13 86 33 22 73 74 76 7 42 69 3 66 75 2 90 62 79 45 69 41 22 84 94 93 54 75 8 4 3 54 2 22 44 64 5 99 95 68 39 64 2 67 53 86 88 11 90 36 4 19 67 36 68 74 33 54 32 1 49 88 28 20 80 89 24 
4 52 55 82 88 57 98 1 72 3 79 96 45 46 29 53 65 35 71 59 90 23 55 22 67 94 45 81 62 21 94 72 28 59 51 12 29 29 4 75 3 84 78 69 26 43 5 67 25 5 70 17 39 31 80 59 91 2 51 87 96 68 2 14 29 72 9 8 76 27 27 93 86 85 6 53 99 13 35 18 78 0 19 73 14 66 30 75 98 57 15 52 58 3 28 1 71 63 80 77 
70 65 81 17 11 17 83 50 60 87 39 75 3 68 0 7 31 80 43 2 84 37 4 34 40 14 60 21 86 55 9 9 96 28 68 17 75 53 58 70 24 77 77 72 85 82 88 83 90 28 42 39 12 71 78 4 49 98 34 58 77 1 2 43 1 79 64 19 46 85 74 47 29 33 94 47 80 38 56 81 43 42 24 17 51 50 30 49 15 59 99 64 50 41 62 99 48 52 87 89 
56 64 67 56 29 13 41 98 44 55 35 97 97 28 31 97 38 52 43 7 88 76 46 87 79 74 18 45 52 55 71 21 81 34 38 93 1 81 82 59 36 78 17 7 13 64 54 8 79 49 97 29 69 97 44 11 45 88 92 1 18 5 92 45 92 93 14 1 41 42 25 61 22 6 58 3 3 2 89 78 51 2 0 15 14 20 8 16 96 96 75 36 34 58 4 20 39 30 83 38 
28 76 59 67 68 32 43 29 67 71 49 31 33 63 57 17 30 38 98 51 47 38 76 96 44 45 77 70 32 28 61 47 0 2 16 75 43 40 83 41 57 38 21 28 11 75 63 99 14 98 82 58 24 5 73 14 75 71 18 86 91 89 29 17 11 48 70 12 87 33 82 48 44 76 74 91 35 2 79 9 15 42 13 51 49 50 69 7 45 79 20 62 38 9 90 86 2 15 11 6 
75 75 9 68 90 5 50 78 62 38 24 11 31 94 50 72 15 49 28 1 20 58 82 17 64 73 49 43 33 79 38 17 89 55 27 42 37 76 43 75 52 28 46 17 50 51 97 99 22 1 79 77 57 0 48 7 60 93 32 92 20 88 96 37 75 85 92 23 50 22 85 40 33 11 57 24 14 13 7 70 70 94 41 64 96 4 78 53 59 32 33 17 30 32 39 90 54 32 57 78 
16 14 22 23 36 17 62 38 18 23 71 63 62 45 30 37 1 78 73 5 29 18 68 23 49 42 38 33 46 57 69 26 5 61 80 10 99 30 92 57 41 2 65 81 3 58 59 55 83 39 80 84 70 65 19 56 19 88 34 88 43 76 68 1 75 18 26 88 24 95 43 51 48 37 5 95 73 28 99 60 11 75 56 74 25 43 60 86 97 83 53 8 40 96 59 86 36 42 77 37 
20 80 4 46 63 97 88 79 84 8 50 75 73 81 71 24 68 84 31 59 67 10 62 50 3 81 5 45 86 33 88 9 66 76 58 48 21 86 54 0 84 73 8 8 9 62 39 80 13 73 58 41 24 97 41 96 98 88 66 57 9 34 31 16 8 64 85 47 52 83 89 62 93 60 62 11 47 62 88 28 9 89 71 43 58 46 83 0 62 29 62 20 7 90 86 74 64 51 26 46 
66 76 23 97 34 56 99 56 30 32 52 42 8 66 58 28 39 95 55 44 70 39 10 13 38 56 82 27 56 34 80 64 64 94 31 73 32 14 64 63 64 96 49 72 33 61 33 6 28 92 5 78 0 47 53 29 80 97 22 55 6 32 47 3 98 37 65 55 15 70 64 32 63 23 38 61 42 92 6 72 1 26 94 17 30 68 96 42 59 80 23 66 6 58 15 82 72 48 26 41 
83 55 35 83 36 85 92 84 29 31 52 34 25 28 88 8 14 47 6 81 92 50 43 72 90 80 5 1 46 76 21 60 36 22 41 80 75 29 58 19 27 77 36 48 54 0 74 65 66 16 43 18 82 58 25 82 89 89 32 40 31 80 39 8 13 82 75 40 91 76 0 5 4 15 84 90 54 19 9 31 46 62 31 10 19 30 82 66 38 70 5 67 24 21 10 14 55 36 24 25 
86 89 91 50 96 93 91 80 54 3 31 86 12 33 55 95 77 27 44 34 78 30 27 58 77 7 80 4 38 11 36 84 42 69 46 94 46 78 38 59 98 12 23 38 95 34 26 62 85 27 18 24 17 66 62 14 94 49 5 72 46 56 20 46 0 59 29 41 63 30 39 45 14 10 14 95 26 61 52 80 59 42 88 6 35 65 6 41 67 31 15 40 27 79 15 53 16 12 12 27 
95 67 33 7 89 3 74 33 6 29 34 35 31 91 50 82 47 8 12 36 39 83 24 2 68 7 53 67 69 84 16 56 26 94 24 97 25 6 58 24 75 51 71 97 24 3 13 58 70 30 31 8 39 70 55 77 94 32 63 31 57 6 36 97 76 46 9 16 80 41 55 9 40 59 19 13 80 14 29 65 29 61 7 47 19 35 9 57 98 64 32 0 30 19 48 16 1 8 79 46 
63 33 11 90 15 44 99 83 25 67 60 39 45 46 45 95 15 92 97 26 73 72 44 52 93 66 37 78 60 63 54 21 6 21 41 4 78 18 57 22 40 42 84 44 81 31 48 42 51 97 79 71 90 19 80 6 70 4 2 52 82 13 51 52 88 45 9 56 50 90 72 60 25 0 52 44 68 80 8 58 34 47 88 14 16 51 42 2 37 92 51 64 35 18 77 2 15 91 56 44 
