20 35 58 90 81 73 75 28 55 60 61 71 25 69 34 73 41 90 20 43 42 97 2 17 45 79 19 61 24 19 64 73 37 39 73 13 90 30 55 92 53 70 85 66 19 92 56 18 60 66 52 40 17 56 83 54 33 62 60 19 13 33 40 4 84 72 8 42 17 29 0 32 66 56 29 41 96 15 73 24 24 19 75 60 10 50 33 18 28 37 58 13 66 80 95 12 43 43 29 69 
42 15 0 22 53 54 83 96 86 87 28 88 69 70 21 65 13 58 31 49 62 68 13 35 30 95 8 41 67 88 98 3 37 4 97 39 52 23 26 79 31 99 9 72 98 30 47 8 74 69 41 55 35 5 22 57 82 22 8 39 48 58 39 30 89 87 75 56 29 12 67 22 96 16 81 37 20 0 40 18 88 10 36 11 87 31 8 35 42 15 98 14 9 69 67 59 7 64 92 47 
25 28 44 73 33 10 87 44 48 7 16 41 44 86 98 23 57 80 20 9 58 63 62 78 48 27 30 79 19 8 26 50 16 68 56 92 46 24 83 51 59 32 52 6 78 36 25 63 23 12 73 63 26 1 93 71 63 57 0 88 9 31 93 35 46 23 28 59 59 79 70 84 72 83 51 26 50 49 57 65 99 45 39 2 30 99 97 69 23 14 14 76 9 56 87 8 98 2 82 35 
15 2 91 34 73 23 13 60 36 45 45 34 34 16 22 76 73 73 60 44 32 71 66 10 75 76 86 36 58 45 69 26 12 25 38 88 88 8 67 83 35 91 53 38 83 28 51 86 80 76 10 68 34 63 19 73 14 27 73 18 12 75 33 62 0 26 76 36 7 84 0 21 32 60 21 45 68 66 53 49 27 4 18 82 72 48 22 31 55 52 13 92 21 44 79 45 16 51 20 33 
27 16 96 13 95 63 70 20 83 13 12 28 10 92 72 52 28 6 57 99 42 99 81 21 77 61 42 1 47 88 26 63 84 3 67 83 52 21 31 29 90 3 13 38 12 48 32 15 20 42 35 73 79 93 97 69 11 58 50 1 7 38 62 14 9 59 54 35 43 61 80 2 55 64 95 77 71 26 43 8 33 88 25 1 18 66 94 68 93 90 28 32 54 1 77 34 11 24 24 89 
0 52 70 69 46 49 66 88 73 48 88 62 94 27 94 43 98 21 46 46 57 6 26 64 41 24 62 7 99 99 42 49 38 70 0 60 5 98 22 98 63 10 31 44 29 4 34 11 80 7 75 99 12 74 59 84 68 55 54 49 83 40 63 99 94 30 14 34 70 10 92 53 1 21 16 52 68 54 1 29 76 7 49 88 2 89 32 24 91 24 0 9 79 58 7 7 24 89 1 86 
23 10 31 44 71 25 64 17 13 2 12 41 54 50 43 3 38 3 51 36 17 28 92 97 5 57 22 57 72 10 60 74 42 77 24 11 40 41 39 34 30 96 78 72 98 36 13 5 6 93 79 16 44 42 2 62 83 67 17 14 97 65 35 89 48 16 46 78 29 65 15 1 27 43 72 60 79 8 59 51 56 91 9 16 18 12 79 13 39 69 95 56 53 0 82 23 92 55 73 86 
14 30 18 9 14 39 60 26 59 78 94 63 13 20 27 28 40 94 50 28 63 10 88 84 70 33 70 96 36 81 5 85 55 80 11 86 69 74 40 11 48 8 41 63 1 29 15 36 98 17 87 17 55 52 89 7 73 24 10 64 70 2 39 16 68 63 7 56 10 57 36 65 11 55 32 73 16 89 85 65 99 49 7 86 17 19 85 87 2 6 27 15 59 19 98 31 85 66 60 80 
87 91 98 94 31 94 84 79 57 97 8 25 5 1 5 77 84 60 60 2 52 23 56 33 71 56 34 31 93 57 72 76 21 2 8 13 50 34 52 68 94 37 48 45 62 58 53 97 95 47 59 11 5 54 41 39 10 96 28 98 33 37 55 37 39 6 73 21 90 30 40 87 29 88 1 30 3 43 35 82 95 7 85 53 95 88 10 47 79 76 23 2 65 54 32 15 35 44 30 72 
60 72 92 90 71 15 56 6 48 21 16 3 64 93 74 86 7 56 32 42 24 60 87 21 37 23 3 67 7 15 10 93 28 92 37 92 99 45 64 79 5 0 36 98 50 80 87 85 85 27 86 73 91 67 53 21 44 40 84 75 56 41 5 0 42 68 10 73 27 58 37 4 97 59 77 34 40 73 14 2 21 44 0 18 61 73 80 81 44 39 32 25 86 31 72 89 38 45 28 81 
37 96 83 16 74 50 41 47 56 92 74 41 94 96 11 27 54 83 88 96 7 58 14 35 5 59 21 4 7 77 14 28 87 53 35 5 98 2 99 1 24 88 12 90 6 71 34 42 25 21 62 44 58 13 14 87 57 85 35 5 26 64 8 26 63 85 93 6 90 51 7 65 5 65 70 17 43 4 29 45 0 2 9 20 45 93 56 28 53 25 15 4 91 38 90 20 62 1 43 35 
21 72 62 65 30 88 51 38 42 99 69 75 73 99 37 96 64 93 77 73 78 53 31 25 50 46 25 84 11 73 43 92 17 14 39 2 37 9 83 54 30 73 68 44 9 43 46 32 66 19 93 36 52 72 74 9 75 68 16 59 12 56 4 93 56 68 27 5 97 39 95 47 89 46 89 24 44 23 97 0 92 44 30 60 99 68 68 78 86 33 79 90 67 2 3 70 3 31 24 64 
81 15 38 46 13 14 5 91 14 15 81 24 67 22 26 25 43 90 66 5 90 73 11 79 81 53 10 3 74 75 8 44 2 60 29 68 92 43 66 81 94 90 47 8 64 13 64 71 47 73 79 79 52 91 19 0 98 2 91 21 9 79 35 70 40 59 42 71 28 48 67 2 61 40 9 73 86 13 5 42 76 81 47 34 20 36 51 91 30 76 6 34 32 27 35 33 14 84 51 69 
45 75 17 90 64 82 42 85 80 28 87 78 34 0 7 92 94 95 8 54 92 17 42 3 18 17 90 88 10 66 87 20 25 16 66 81 16 24 47 33 85 41 97 88 25 36 54 52 29 97 61 24 1 61 83 73 33 78 87 61 50 26 79 70 63 5 12 75 8 65 22 82 90 6 28 6 25 25 80 97 34 41 62 4 50 37 41 66 91 21 63 39 63 11 14 6 42 11 63 9 
27 58 90 14 39 16 86 41 10 24 38 29 2 40 44 60 25 29 53 24 65 60 29 10 77 22 76 72 3 17 38 81 0 19 7 31 28 42 58 62 63 81 11 27 79 42 14 23 22 44 22 69 42 51 41 58 92 18 46 88 66 40 1 88 24 15 86 76 41 24 40 71 1 67 39 23 33 38 24 61 7 47 8 7 68 91 4 71 43 20 95 25 11 43 28 31 63 42 37 48 
13 16 73 70 12 78 94 29 86 24 42 34 46 29 35 93 69 84 96 65 72 31 91 41 33 92 8 36 89 17 99 57 33 40 8 57 20 68 41 5 76 42 77 6 77 35 24 94 30 73 44 24 17 20 98 36 49 31 71 1 38 16 69 66 45 60 45 34 84 46 75 99 97 33 48 73 6 36 19 64 51 10 49 96 27 75 41 28 64 9 28 53 85 38 77 51 9 49 25 99 
2 83 85 67 27 88 24 28 77 61 62 38 56 57 61 29 14 75 39 18 63 50 68 51 11 72 42 36 9 86 34 14 8 33 17 85 35 65 79 29 4 62 23 64 52 43 71 3 65 57 5 22 25 49 89 89 96 33 49 97 44 93 7 78 71 80 54 45 36 32 39 69 38 46 65 42 69 11 51 99 2 16 13 40 45 79 38 90 24 26 77 90 71 27 17 51 63 65 97 20 
72 30 68 73 94 14 49 20 53 39 50 91 47 37 37 21 6 51 36 46 51 10 98 87 99 58 22 93 95 52 52 96 1 43 12 63 65 57 25 94 73 51 95 93 29 27 73 91 41 86 18 45 32 74 80 44 17 94 85 32 45 92 78 15 68 58 61 61 75 88 79 13 49 76 90 11 12 55 15 32 42 76 96 7 65 26 52 97 12 19 87 60 63 98 67 95 5 40 51 21 
87 46 55 99 88 82 88 55 95 77 49 2 13 20 26 56 44 33 73 99 83 19 47 33 66 73 72 38 64 92 92 97 35 60 19 1 20 80 48 0 52 72 95 15 86 94 45 8 2 20 27 84 81 61 1 43 78 42 4 94 80 27 10 8 17 50 10 76 23 87 10 49 53 12 27 94 72 79 32 16 79 34 95 69 15 15 61 11 23 88 39 33 47 96 40 70 74 91 53 66 
98 26 59 76 75 94 51 14 9 31 12 30 78 48 20 23 13 94 84 91 96 20 13 2 75 24 31 34 46 19 70 29 65 98 57 84 66 70 2 1 47 13 87 67 44 57 70 25 19 13 37 4 94 2 59 1 61 79 74 50 45 59 79 71 96 42 79 9 74 15 9 58 95 62 7 44 90 82 78 38 1 68 0 71 86 89 1 74 89 68 37 65 51 59 27 46 50 3 42 55 
86 98 95 41 80 22 64 71 98 35 3 44 10 93 66 6 42 93 61 53 62 72 4 27 83 90 19 93 77 69 12 54 24 43 76 54 16 75 92 30 52 15 65 38 19 94 2 95 2 84 53 82 70 78 68 80 94 85 25 96 71 35 96 6 46 65 0 17 1 52 77 0 10 15 81 63 88 19 24 21 12 23 56 89 23 51 0 5 40 64 72 26 53 2 47 11 81 68 76 30 
56 15 79 24 63 18 62 13 29 57 89 31 50 61 6 82 18 58 81 44 17 70 89 1 62 13 63 65 29 86 71 45 21 73 0 48 6 29 12 63 74 71 36 7 33 72 40 89 3 12 74 6 53 71 59 52 24 17 54 1 21 68 18 63 88 37 58 79 36 47 31 5 6 31 13 28 49 56 49 14 82 28 83 67 47 28 30 63 81 69 8 45 67 28 40 30 69 64 48 25 
57 25 16 79 66 46 44 38 86 2 58 50 74 0 92 68 5 25 78 98 66 38 23 27 5 34 25 79 95 49 11 26 36 42 90 74 43 2 38 49 4 26 49 67 92 25 30 47 97 33 8 6 99 92 9 37 12 10 21 23 87 93 94 54 19 35 2 60 82 91 42 37 98 95 4 87 28 9 36 78 32 85 83 45 48 10 90 73 4 7 5 88 49 7 29 49 80 28 66 58 
82 13 85 10 2 6 63 80 66 68 94 31 89 1 32 96 37 44 64 89 97 97 48 56 73 8 88 47 32 40 56 4 26 38 38 44 50 10 92 32 6 53 69 76 86 27 41 19 45 92 77 11 10 45 82 85 3 20 24 16 95 76 8 51 49 49 85 43 47 52 57 9 36 61 67 16 5 2 28 23 2 15 85 26 36 7 3 17 70 42 0 60 21 71 52 29 44 32 22 15 
68 95 50 29 63 60 75 51 3 48 37 34 58 60 22 25 67 58 32 79 59 79 24 80 66 10 46 92 87 84 90 65 59 0 89 59 16 57 22 80 36 54 74 58 82 5 34 94 99 71 21 75 6 78 49 38 89 76 78 34 42 72 72 27 34 47 88 47 75 72 86 37 68 91 73 18 29 6 12 52 32 5 12 96 3 92 74 71 55 70 62 73 57 72 32 7 10 7 26 89 
40 26 50 21 95 60 30 53 13 28 93 87 2 9 47 80 94 80 72 40 28 88 40 4 67 70 11 35 43 76 72 97 99 19 15 60 16 48 67 17 60 75 88 47 80 26 29 14 7 47 33 75 44 45 52 70 97 88 96 49 89 76 57 67 23 22 56 18 72 4 70 13 19 90 89 16 43 53 19 34 93 33 87 74 74 85 28 69 55 90 51 79 8 81 9 11 73 80 29 24 
67 31 86 93 94 25 0 43 35 14 75 92 89 21 45 28 64 42 30 8 37 17 17 59 63 27 84 53 29 48 30 36 45 58 24 56 5 74 70 42 40 20 84 89 83 67 96 33 88 69 13 79 59 12 49 84 23 39 31 69 91 83 8 15 22 69 51 56 95 66 90 94 73 44 91 75 19 37 7 44 63 17 94 26 52 33 43 18 56 32 61 83 43 57 14 85 77 39 99 25 
94 80 64 43 60 77 6 47 24 0 54 23 73 88 51 69 9 69 79 89 2 79 82 4 92 41 84 7 32 68 60 73 12 26 77 70 87 40 0 22 16 3 94 93 6 10 91 16 35 90 10 56 37 12 59 50 96 51 63 99 9 82 55 1 54 60 20 81 51 8 5 94 61 64 93 42 85 4 47 87 59 72 35 49 40 50 91 95 33 13 6 19 1 27 67 85 8 11 33 22 
16 46 46 9 84 43 34 58 40 78 85 55 28 63 67 92 60 6 98 57 36 20 17 21 35 75 5 57 77 83 65 99 82 46 78 29 57 73 70 61 65 67 92 2 9 85 93 43 49 79 69 6 88 11 73 59 13 87 39 58 27 51 79 54 52 87 17 64 75 30 71 72 97 28 56 97 89 5 81 23 63 98 15 60 63 31 33 84 33 50 71 14 68 32 47 26 67 73 8 40 
88 29 84 9 35 8 90 93 77 57 43 56 26 46 12 53 15 31 33 80 36 9 61 67 1 53 54 87 72 70 22 31 94 22 33 21 57 80 69 20 97 22 4 63 33 96 97 0 57 5 86 30 30 64 99 75 14 43 95 73 76 59 95 60 82 11 23 93 69 7 97 96 97 51 63 98 50 48 33 33 53 85 82 52 91 38 35 44 79 9 78 87 98 87 19 35 60 30 65 71 
52 10 39 16 9 68 68 78 43 21 80 32 87 12 96 93 3 48 49 60 87 32 87 67 57 20 87 76 20 55 55 4 54 65 86 59 20 79 76 24 17 96 58 92 95 34 73 1 13 1 79 65 20 32 55 45 40 14 82 87 41 39 94 73 63 7 94 23 35 85 58 18 44 8 84 27 0 6 39 52 10 58 95 42 76 36 89 87 8 54 53 88 93 41 33 89 67 28 12 83 
14 5 26 10 3 86 1 97 79 57 33 95 18 6 60 95 8 13 10 58 89 44 71 47 26 27 64 95 89 78 82 67 1 93 41 15 76 13 82 44 97 23 71 4 65 26 99 40 19 38 12 58 83 79 40 48 81 2 92 69 27 94 47 83 96 45 38 45 9 98 58 93 31 14 14 56 11 18 99 77 71 28 10 83 22 15 56 91 49 16 68 54 43 11 36 23 50 30 33 47 
23 40 25 20 56 17 65 59 59 41 4 90 38 6 53 62 45 30 80 93 12 89 20 90 73 47 79 27 0 28 86 35 10 96 71 46 91 86 45 90 42 12 94 75 90 37 11 21 61 89 31 48 32 48 52 17 23 14 67 83 75 54 2 84 93 78 49 45 79 90 12 51 37 70 70 80 73 25 59 90 46 55 25 5 31 98 17 75 32 49 17 63 12 1 64 6 70 57 38 2 
81 32 76 84 49 48 31 1 27 17 85 59 48 42 71 93 11 15 10 68 11 44 7 87 82 68 33 73 71 30 10 58 81 28 53 91 25 33 6 14 10 29 58 54 19 22 40 22 65 82 4 68 41 82 47 92 0 28 80 29 33 12 70 96 11 32 37 10 48 70 13 16 64 59 52 65 10 28 64 86 4 23 86 75 38 71 5 60 1 29 57 47 28 16 45 15 94 38 74 76 
1 31 38 13 55 4 62 50 47 16 40 28 26 4 84 93 22 45 43 28 78 90 92 97 32 41 95 69 36 46 79 57 41 75 25 67 65 7 53 28 88 61 55 72 81 62 6 23 84 90 55 45 7 39 94 84 20 76 73 57 67 69 85 52 92 50 44 48 31 49 71 87 30 68 93 57 42 79 41 95 50 18 61 74 84 82 78 81 41 5 25 91 32 55 99 95 82 2 65 14 
8 21 39 15 4 28 99 41 97 75 84 10 82 2 7 30 93 92 8 54 15 63 30 2 98 27 9 17 74 60 84 4 74 17 62 28 84 62 47 95 58 10 11 65 13 1 71 11 1 20 61 73 94 83 57 72 87 17 11 14 38 15 55 5 91 9 51 46 4 42 72 7 20 51 11 23 79 1 56 60 65 23 20 4 2 16 72 28 38 31 18 50 76 12 32 19 8 75 98 17 
9 99 35 77 0 42 15 11 51 75 63 72 29 0 49 13 67 39 34 46 10 46 49 86 29 90 94 1 61 32 7 57 43 57 30 61 71 32 99 27 39 57 19 57 53 89 93 99 52 87 68 55 84 85 37 80 73 43 50 15 38 75 59 14 22 61 40 23 50 77 20 94 53 3 44 74 21 2 71 57 90 53 52 61 92 6 93 29 56 55 35 13 46 33 13 1 98 51 81 48 
84 8 77 39 10 28 91 31 64 60 15 53 85 16 36 89 85 41 5 21 93 4 81 95 51 17 41 64 90 18 62 66 0 62 14 88 26 1 2 84 75 91 34 46 9 85 92 11 5 3 41 17 37 87 12 73 63 5 92 48 59 15 18 26 81 86 87 96 57 54 20 6 27 94 82 0 6 56 18 52 42 72 46 71 12 30 17 11 87 53 25 62 97 17 82 25 28 65 65 87 
26 2 10 83 45 46 62 71 87 84 44 14 41 3 43 5 10 81 43 89 7 90 80 16 68 25 80 73 97 59 91 81 94 57 70 88 80 62 15 87 2 46 30 51 34 61 0 42 59 76 3 4 66 52 6 52 8 95 34 68 64 35 26 98 25 85 55 5 31 99 99 72 69 77 58 65 73 49 30 65 91 46 31 94 58 14 66 77 84 6 59 17 21 65 0 27 87 11 21 71 
85 53 13 82 8 38 78 42 29 80 55 28 9 75 97 56 29 97 64 62 6 31 68 47 83 34 32 50 48 50 45 68 83 63 69 6 49 13 62 13 60 37 82 50 50 76 93 31 80 88 21 81 16 33 64 0 20 98 75 84 16 39 38 62 85 5 92 98 83 73 80 30 76 81 88 47 90 81 9 9 63 56 96 37 59 29 15 99 50 16 3 82 98 9 68 35 3 1 49 11 
9 18 66 88 74 12 67 66 73 49 63 96 86 4 65 34 86 30 18 16 82 29 27 22 11 14 68 53 5 8 20 34 28 69 75 37 38 69 54 25 78 61 35 15 40 13 80 4 83 37 60 39 7 12 7 54 67 30 97 59 42 61 30 81 44 6 32 72 39 1 98 35 27 92 95 1 39 71 38 51 4 73 61 40 75 50 16 56 22 58 75 16 55 65 82 38 97 32 84 5 
67 63 26 77 2 3 13 44 49 5 46 75 11 55 33 71 16 3 33 42 28 26 18 70 68 39 88 88 98 40 7 28 64 84 42 29 64 81 88 43 87 84 93 72 29 55 85 68 19 70 86 22 12 81 39 80 93 1 9 10 61 49 73 54 59 99 94 0 5 7 41 50 92 15 42 43 93 36 52 47 56 24 79 6 35 96 42 54 98 83 16 54 36 0 51 73 4 21 11 34 
20 13 95 33 26 83 69 82 70 51 99 8 19 12 65 69 29 2 25 84 30 86 21 99 76 25 0 58 99 65 32 72 79 26 94 72 63 11 62 86 63 43 16 99 88 55 36 87 30 20 86 42 98 90 21 89 69 15 76 33 67 92 5 56 16 31 82 99 37 96 54 84 82 17 93 21 26 48 98 32 6 30 80 84 59 10 50 68 42 14 32 39 17 98 95 91 36 31 64 94 
30 78 88 66 37 96 42 84 22 96 69 44 0 31 59 50 22 7 95 80 93 95 79 26 77 90 41 50 83 59 3 54 14 0 52 62 8 97 41 18 44 6 12 95 90 19 68 93 86 12 81 1 84 54 25 36 63 17 59 4 69 38 28 89 15 82 47 62 81 28 28 33 20 63 0 21 54 43 82 79 70 98 82 3 20 6 71 83 43 30 14 88 9 45 25 60 75 86 52 88 
43 84 35 91 94 91 83 58 77 11 38 97 41 13 81 62 5 32 48 5 37 58 13 40 57 83 80 76 24 9 87 99 13 53 56 99 29 89 95 42 78 54 62 12 24 76 6 83 47 28 48 17 52 36 8 59 63 81 1 63 80 30 56 15 56 16 49 16 10 62 8 6 83 29 16 74 31 51 98 68 57 53 56 19 85 41 96 45 56 87 62 27 80 62 4 23 32 9 61 84 
41 89 76 84 82 80 20 81 22 40 76 22 53 87 87 26 48 57 19 65 96 44 97 58 11 28 55 77 9 23 41 90 46 91 29 74 73 78 20 48 49 16 36 82 81 3 17 0 41 39 0 49 14 85 1 94 19 90 11 28 22 43 92 6 1 95 11 38 54 51 62 70 79 34 19 82 98 65 50 24 20 52 32 96 44 29 99 58 30 52 18 28 76 77 18 20 6 70 8 10 
93 16 13 93 37 47 44 88 27 56 19 22 88 35 29 35 56 61 74 49 29 28 3 94 16 24 47 0 40 92 86 48 64 49 10 44 31 90 75 34 30 89 51 74 6 33 10 24 91 81 74 89 52 99 2 72 84 4 4 66 40 8 57 82 9 49 44 35 89 33 21 50 69 31 67 40 22 33 75 28 93 52 8 45 19 59 28 11 28 67 76 18 98 42 39 71 74 5 3 22 
95 88 37 35 78 75 50 61 68 96 1 3 73 58 43 1 5 76 76 59 70 46 76 41 22 28 34 43 37 32 39 13 80 44 87 85 27 1 12 27 96 22 11 78 85 76 11 21 8 22 83 61 96 71 47 29 7 31 85 85 51 35 97 0 37 93 48 60 20 16 93 11 77 86 6 39 11 38 4 53 6 44 63 27 64 94 57 67 3 2 85 23 71 74 84 87 71 70 7 56 
3 84 26 38 73 36 28 79 8 35 43 61 68 30 78 2 0 91 6 84 76 91 97 80 55 36 33 30 43 84 64 65 87 26 42 42 26 29 3 19 36 16 43 58 82 77 0 95 37 25 87 58 51 90 37 44 29 29 7 65 36 50 31 47 55 86 29 45 69 29 31 14 91 84 48 38 55 21 11 81 74 88 87 19 68 68 25 68 90 22 30 45 49 25 97 90 24 67 8 49 
85 39 26 15 4 68 63 78 81 37 41 67 49 29 58 73 22 33 34 38 74 39 54 4 1 73 61 54 50 62 90 72 48 72 78 76 77 56 87 39 6 78 29 91 68 84 40 50 27 32 7 39 81 27 28 27 69 65 3 59 24 87 19 81 48 12 22 48 48 23 49 59 99 99 60 60 8 16 10 89 85 53 5 55 86 59 59 47 77 77 48 62 44 49 32 91 94 18 7 15 
26 37 35 0 12 69 61 78 49 10 0 82 81 30 94 3 67 31 83 11 73 31 27 13 4 12 23 36 86 90 92 25 87 24 99 64 17 23 8 13 7 9 36 32 91 60 24 97 66 61 33 82 89 84 57 2 73 1 55 59 40 69 45 25 14 97 84 41 9 78 86 1 33 82 44 97 75 94 23 51 36 64 68 10 44 39 60 75 23 92 13 60 60 3 14 98 25 31 67 70 
66 86 25 10 53 52 43 12 12 78 57 79 93 38 8 22 79 1 6 54 94 56 15 15 1 47 28 21 70 19 47 35 86 42 68 72 21 36 10 65 4 40 44 95 60 76 37 93 18 53 10 85 30 86 36 52 41 30 22 7 10 88 88 39 90 47 0 87 70 38 87 25 1 45 12 5 31 61 64 53 73 81 97 86 42 1 49 47 42 87 49 64 37 76 15 0 49 76 19 19 
96 21 13 6 12 1 63 23 0 66 64 9 44 17 70 68 83 10 52 93 52 63 99 72 14 55 47 85 89 14 68 65 66 6 13 77 61 55 15 24 96 86 34 53 82 98 77 79 5 9 75 28 77 10 47 4 75 51 64 42 20 16 35 87 22 36 17 86 59 60 63 16 91 46 37 25 24 32 47 62 64 57 74 45 4 51 74 66 22 45 10 35 8 47 53 46 2 48 76 98 
75 47 80 71 53 21 29 14 31 6 51 63 88 66 0 49 8 18 78 67 28 79 22 81 3 47 97 3 19 33 38 91 94 49 49 29 57 48 62 90 76 77 69 25 36 42 97 58 18 53 30 44 69 85 31 70 9 91 91 16 85 40 16 63 18 46 66 62 80 55 49 74 94 44 65 25 9 10 41 46 82 33 82 36 57 15 65 51 20 35 68 11 51 45 13 56 8 85 39 6 
71 89 29 2 68 48 44 33 43 93 32 63 68 81 30 10 39 84 77 84 42 4 71 79 39 43 93 32 39 58 85 97 12 27 38 27 1 69 89 58 42 96 3 11 31 91 83 72 37 92 86 78 77 66 92 7 71 54 53 33 13 30 35 40 23 0 41 47 82 94 97 72 82 90 10 73 13 63 61 21 37 68 0 23 71 97 32 85 40 28 48 17 44 9 29 97 94 29 29 80 
91 51 38 79 7 29 39 48 72 10 90 57 64 64 28 61 61 75 33 68 10 30 94 23 5 38 56 37 19 93 90 56 56 10 2 52 32 61 40 18 25 79 48 12 45 51 69 15 38 27 26 40 13 55 3 43 84 6 79 93 59 97 37 25 93 80 49 89 74 27 88 14 3 96 22 18 46 98 51 56 12 47 40 21 84 21 16 13 61 73 6 59 14 69 13 14 37 44 53 96 
21 55 20 48 28 22 45 39 33 92 99 6 77 71 25 95 65 0 68 53 63 6 26 69 88 92 90 2 13 27 36 35 97 96 35 16 7 99 56 71 12 82 32 68 18 81 40 78 62 93 56 35 75 81 38 49 17 75 33 51 61 60 94 76 29 31 93 94 31 39 79 74 21 35 62 26 35 58 86 86 88 56 35 75 34 83 50 93 44 17 37 4 13 49 1 50 47 59 50 74 
81 94 46 44 4 16 30 15 84 96 45 67 59 32 93 9 62 0 19 64 14 43 90 53 81 38 79 85 85 5 23 1 89 91 2 5 43 41 6 85 40 27 11 34 58 61 42 53 99 95 44 18 43 64 8 38 0 16 27 12 12 85 55 97 42 30 34 18 85 53 89 35 65 27 20 65 75 37 27 72 79 41 69 46 47 53 4 51 27 75 54 61 68 38 87 35 78 88 10 5 
17 53 68 14 73 75 22 74 0 77 83 12 80 17 19 74 82 37 17 96 3 18 15 91 28 28 85 72 55 45 43 56 96 64 1 84 33 91 11 35 26 92 74 39 71 40 24 89 72 37 16 61 21 86 10 30 74 77 79 10 54 60 20 93 14 99 67 90 65 40 59 58 21 12 97 63 44 37 35 47 44 29 95 19 96 94 15 34 84 26 61 39 3 94 45 38 99 65 10 96 
76 58 80 85 80 29 3 14 3 77 5 69 27 12 81 52 95 99 55 63 47 50 81 57 90 18 63 9 50 23 35 11 28 20 72 90 45 56 76 34 80 0 4 73 57 11 23 97 5 33 29 6 51 3 53 86 18 77 65 60 36 92 9 93 67 43 75 12 54 33 93 81 18 53 11 76 70 73 71 39 99 31 82 85 20 69 52 24 13 90 87 74 30 17 92 52 26 54 71 22 
16 19 61 66 55 93 86 98 5 39 32 40 73 5 4 89 81 25 15 53 49 50 10 3 70 66 41 78 93 50 90 26 79 3 12 76 77 15 30 56 40 36 42 86 71 9 33 71 36 66 73 8 27 89 56 27 36 62 7 45 8 70 39 59 59 60 43 53 25 92 26 28 85 53 34 40 93 0 45 81 15 50 18 65 95 82 68 62 42 22 66 7 94 27 39 89 8 91 8 84 
90 31 98 64 25 34 98 13 58 49 66 9 23 86 71 56 56 9 55 88 38 17 63 34 1 77 85 84 81 20 30 73 90 21 51 10 44 78 61 35 39 25 66 33 35 12 46 25 4 60 79 17 13 44 29 81 91 79 53 44 71 30 50 40 55 50 68 12 65 45 32 85 96 79 25 39 29 24 58 0 77 29 79 29 24 91 28 16 53 2 27 70 74 57 78 85 38 53 73 13 
14 85 93 87 73 33 1 42 83 38 40 89 8 20 35 32 28 69 53 23 22 21 76 88 54 34 17 29 47 71 7 56 85 3 47 17 70 15 0 53 83 60 62 20 45 10 44 38 92 46 22 2 60 53 39 99 78 81 31 34 74 15 53 87 43 98 95 67 70 30 1 54 47 93 51 66 24 82 77 88 46 15 50 69 9 89 4 63 88 41 45 17 63 73 3 9 56 24 32 77 
46 22 1 24 63 59 63 81 0 29 83 88 96 60 78 88 71 58 40 9 54 83 78 10 81 11 65 66 95 57 14 35 23 6 35 39 93 3 83 74 82 83 24 12 12 52 12 39 92 0 54 31 57 98 15 94 13 95 24 62 2 2 93 13 10 43 19 43 99 96 22 98 34 51 42 66 39 92 83 18 80 26 2 87 9 71 62 27 63 33 7 1 51 51 14 99 6 32 49 44 
79 34 56 55 68 78 21 20 52 99 83 37 25 56 85 4 62 74 25 91 91 46 23 23 27 55 52 94 62 78 98 82 3 3 86 67 20 51 55 44 37 86 69 57 69 83 46 69 35 38 71 45 9 58 23 60 10 55 75 16 81 97 81 65 8 45 7 65 78 67 54 40 76 57 24 84 46 7 77 40 85 52 61 28 44 64 3 85 56 14 48 34 20 8 95 34 37 60 47 68 
49 93 69 43 26 71 56 48 2 71 79 40 72 59 50 70 17 73 71 60 53 89 62 29 55 39 46 55 68 37 91 10 94 38 33 53 79 12 42 51 10 56 95 21 60 64 54 74 32 28 16 22 28 59 37 0 18 27 20 69 47 28 54 2 61 54 85 2 27 90 13 87 57 86 85 71 81 58 54 32 45 86 65 36 10 61 22 94 57 48 13 77 95 0 76 44 50 96 45 22 
70 34 65 59 89 88 17 6 71 94 21 80 0 6 30 96 31 23 92 9 7 17 31 13 96 53 65 48 81 97 13 9 7 3 23 86 0 34 4 46 1 11 91 74 61 89 32 36 95 96 51 88 25 95 96 79 78 5 50 42 93 60 98 27 43 75 38 42 39 1 73 39 48 10 60 82 43 79 34 14 74 20 68 26 55 10 4 74 97 65 94 70 47 98 55 68 18 54 22 10 
42 9 25 69 92 11 85 88 83 91 80 96 75 97 66 33 89 69 97 61 20 4 18 92 23 98 17 96 76 69 84 90 65 49 42 48 45 61 21 96 5 13 95 37 11 48 37 68 79 84 97 6 44 44 36 16 53 21 26 35 29 71 26 34 16 22 50 92 95 65 13 86 49 78 73 33 30 56 61 39 24 76 35 4 41 69 31 67 89 67 73 78 28 38 14 74 22 68 89 46 
61 82 3 59 14 58 65 40 16 23 87 2 13 5 20 51 51 52 72 83 38 43 23 15 59 99 40 22 32 66 38 20 0 65 29 61 46 97 88 81 57 45 86 98 23 38 75 7 82 89 61 89 90 33 90 36 44 81 23 78 14 4 25 92 76 89 91 89 15 13 80 46 44 75 27 45 43 84 32 32 13 35 93 54 59 26 29 95 76 29 79 86 56 47 22 4 85 19 11 56 
10 1 52 91 39 89 36 48 92 26 67 86 93 35 60 64 42 18 76 82 82 18 52 43 98 63 14 98 95 15 47 88 71 27 29 2 36 86 75 27 37 53 5 57 74 56 47 57 22 48 75 47 64 42 47 23 67 95 59 80 73 88 15 31 25 31 9 64 4 58 28 51 29 97 13 37 80 59 33 16 41 93 51 12 56 85 63 19 44 60 0 92 97 10 25 8 90 31 10 29 
46 55 73 34 9 93 36 82 67 27 94 40 21 5 76 28 95 28 60 8 29 17 54 69 41 78 15 62 32 80 88 49 4 79 56 78 5 21 96 13 30 1 66 15 39 43 60 75 57 35 63 80 42 31 15 51 18 76 20 83 36 77 46 73 16 94 45 97 97 66 63 48 3 45 14 4 59 7 97 73 86 33 55 73 55 41 26 6 43 16 37 78 46 55 64 15 0 89 2 57 
17 88 85 9 16 14 97 87 33 38 22 34 30 3 80 78 95 28 40 70 6 28 53 67 54 61 70 25 1 71 25 1 84 86 48 78 42 88 36 60 65 84 20 38 4 84 15 30 76 44 84 11 25 75 20 54 7 13 33 13 42 77 98 92 71 37 26 41 89 37 46 67 74 0 13 65 33 41 59 83 96 84 34 93 61 35 18 59 71 67 36 93 42 99 71 44 70 53 99 80 
32 86 71 72 42 47 76 95 37 25 8 40 72 17 78 84 10 48 56 50 0 60 39 76 60 52 90 12 61 57 57 9 21 90 15 15 27 96 22 36 12 17 22 17 11 50 13 48 68 12 69 11 99 96 46 5 26 77 90 76 8 77 6 43 2 87 47 56 13 24 81 64 54 85 54 82 39 36 82 50 39 44 54 11 60 22 42 22 70 69 8 24 62 18 93 94 32 77 94 68 
6 83 56 24 94 52 83 51 66 62 5 48 26 58 69 28 30 95 86 2 61 85 71 96 97 24 47 74 31 85 45 9 57 28 99 86 38 71 86 52 58 61 15 39 38 22 37 95 43 74 87 85 34 37 35 16 3 78 3 95 26 55 50 16 77 59 39 60 56 81 34 69 65 4 91 52 19 28 3 25 13 96 28 43 35 24 84 88 89 73 13 65 15 26 23 78 27 86 47 48 
24 47 91 62 91 37 85 9 49 23 13 80 49 5 69 48 70 74 31 1 22 8 69 60 60 59 72 97 23 50 75 24 24 56 17 12 62 77 66 4 12 83 2 38 7 16 86 4 88 73 19 53 52 56 12 88 98 5 63 95 65 42 88 54 35 21 1 9 20 54 77 60 95 5 6 93 66 89 64 47 5 90 48 65 81 97 25 21 1 77 62 3 76 55 25 44 8 77 26 31 
63 0 10 33 24 77 49 19 24 21 66 78 77 96 15 6 2 86 5 99 45 38 92 40 62 92 38 93 68 22 36 36 41 90 98 78 21 10 24 43 31 84 1 31 91 8 47 54 23 15 23 27 5 13 42 4 85 63 91 69 3 1 4 98 91 73 20 49 51 9 79 5 24 25 19 39 41 77 28 79 76 25 31 75 66 18 91 78 58 16 61 4 77 92 97 39 68 37 0 33 
81 65 92 25 95 65 54 35 57 69 43 92 41 88 61 76 77 24 47 90 49 8 0 62 54 27 11 65 82 81 74 82 13 63 37 10 88 64 50 81 36 12 31 88 89 55 86 3 92 60 51 56 9 7 6 7 65 61 3 31 63 5 55 12 53 10 17 14 30 88 89 43 50 91 32 17 9 51 25 19 35 45 33 68 16 80 57 35 83 75 24 72 60 90 70 75 42 71 61 73 
74 84 41 79 2 50 79 70 9 8 42 91 68 24 20 38 92 76 40 74 16 5 22 74 41 20 20 51 60 70 91 5 89 30 14 87 70 52 30 23 21 29 13 85 53 64 1 26 18 15 19 84 72 46 69 4 62 54 20 89 23 86 62 11 29 51 30 26 96 90 44 4 57 94 59 32 23 58 26 72 94 87 75 25 67 50 70 14 99 93 30 35 47 88 87 39 38 78 91 88 
29 7 34 85 52 92 12 91 82 53 74 36 71 31 27 58 80 94 88 0 11 9 54 2 19 39 76 25 14 16 4 65 89 12 14 90 96 47 46 28 70 90 81 23 91 17 44 69 0 10 84 78 15 48 41 35 0 56 32 46 35 76 62 45 28 97 91 59 63 62 19 2 63 33 52 55 76 66 36 52 83 53 77 12 11 1 86 8 50 14 19 68 6 43 32 52 37 81 98 80 
46 46 62 73 4 1 14 38 7 29 61 25 53 8 15 47 87 62 25 35 33 14 98 1 48 12 90 74 45 8 97 21 60 46 88 65 79 75 59 90 80 39 54 78 42 10 10 45 19 68 43 86 49 80 56 7 34 16 96 99 48 79 14 71 7 87 83 39 6 54 4 81 15 99 60 97 46 24 99 15 30 62 35 39 33 23 9 64 95 63 19 11 14 50 69 96 73 65 49 49 
38 99 96 61 15 54 38 68 68 2 81 18 37 61 73 97 63 83 70 31 77 0 70 30 79 4 4 81 31 19 66 84 34 25 11 32 6 23 88 42 45 19 84 28 72 24 9 0 13 90 42 79 14 84 9 73 15 46 33 59 9 25 57 32 92 9 18 9 30 31 27 35 53 43 33 71 23 48 72 83 28 61 93 2 28 10 5 22 33 72 24 77 19 36 22 14 6 15 48 24 
20 46 78 63 36 68 75 49 62 72 69 20 60 75 51 39 92 51 5 26 78 1 7 66 29 80 41 48 45 62 61 57 92 7 77 74 41 7 26 88 80 45 53 42 60 62 9 78 65 14 70 34 34 77 44 40 22 56 75 20 13 99 9 4 81 62 8 16 54 67 23 23 27 87 87 53 17 50 82 55 97 20 34 56 53 37 54 94 39 5 55 12 86 61 45 77 81 69 96 33 
61 78 69 42 33 89 47 18 60 20 51 90 18 93 15 74 23 73 22 3 40 7 33 42 71 9 76 68 98 85 80 5 19 92 28 44 83 24 17 35 79 44 23 51 49 32 40 63 3 64 55 65 69 53 97 57 18 26 75 57 97 85 9 8 56 22 56 51 16 31 30 69 74 17 34 90 30 45 14 34 54 19 61 19 58 3 88 36 41 89 41 32 26 43 41 87 0 4 42 94 
26 95 29 84 15 95 80 7 85 14 52 97 76 69 41 89 58 62 54 29 61 61 70 37 89 43 18 80 18 29 65 21 55 71 3 9 72 56 90 83 30 88 50 59 69 67 53 51 43 74 53 79 2 35 50 61 73 46 24 96 79 13 34 32 37 24 14 70 55 66 15 48 92 2 13 60 37 93 24 57 3 22 23 62 88 91 34 74 55 48 18 44 91 66 20 40 54 93 8 97 
38 85 71 52 28 22 59 40 55 14 35 16 47 67 15 90 50 96 33 66 64 56 7 58 62 49 55 39 10 24 41 48 37 62 67 53 6 24 51 35 1 58 68 78 74 72 90 71 85 15 87 39 13 51 46 12 4 85 31 42 99 34 43 13 70 4 74 97 86 93 94 17 53 74 30 80 70 46 18 13 29 99 33 47 37 52 60 77 32 20 73 41 95 17 64 50 56 76 60 78 
80 53 42 22 64 38 89 75 69 69 54 89 22 25 34 56 59 88 59 84 0 22 60 49 32 77 55 17 18 98 50 6 83 35 90 87 86 13 10 29 64 60 23 37 72 24 14 52 18 62 63 71 26 52 72 88 56 17 89 33 17 17 35 4 16 11 82 42 42 56 84 24 95 47 99 62 22 89 93 98 43 15 66 5 71 30 82 32 72 22 41 54 49 34 31 79 48 31 35 88 
25 78 31 58 62 35 69 1 54 0 52 10 14 31 78 50 95 27 89 72 35 48 3 32 14 76 51 21 68 77 48 58 0 52 32 81 13 0 93 56 54 96 3 20 31 33 54 38 61 76 89 11 59 90 12 51 47 60 33 1 55 45 29 14 97 2 98 88 83 89 16 97 7 74 12 4 82 54 91 65 7 0 7 39 34 52 78 31 54 62 48 75 40 4 67 22 84 15 65 22 
29 63 53 22 73 85 49 26 38 97 31 95 67 48 26 91 13 47 64 20 77 13 57 43 70 61 93 77 3 32 33 81 27 18 72 65 75 74 5 30 28 75 65 56 82 19 94 19 64 91 3 34 29 1 18 57 82 2 51 70 60 20 31 72 5 61 46 56 14 8 68 8 64 75 22 8 28 46 19 90 43 11 45 21 89 39 50 54 68 80 30 31 69 0 79 23 79 68 29 61 
55 80 91 36 78 58 48 12 20 77 70 90 90 72 81 62 47 99 33 80 68 93 61 51 76 87 59 6 16 96 56 75 68 37 49 38 90 55 30 90 8 91 78 82 0 49 83 67 85 8 12 36 77 81 56 54 34 86 53 45 6 37 32 26 26 21 51 87 71 79 4 67 42 85 68 15 22 23 0 81 33 51 54 3 81 19 39 32 62 24 64 80 23 26 15 10 4 93 95 5 
15 42 15 36 15 50 63 51 92 82 59 17 49 3 59 75 78 64 43 73 86 22 96 99 60 4 36 51 16 43 11 29 32 67 86 15 83 35 75 71 94 53 32 81 30 97 20 33 25 40 15 65 0 56 10 71 32 22 76 9 76 15 91 48 55 19 49 94 10 43 48 35 72 9 36 83 43 57 92 6 30 46 44 28 33 25 97 50 73 1 53 76 5 76 53 29 67 1 21 24 
27 39 23 56 85 89 98 30 94 30 23 69 20 58 65 82 21 54 78 69 5 73 38 72 23 55 75 23 74 26 57 92 72 7 31 56 46 14 26 93 53 21 26 13 77 26 26 79 32 90 63 81 65 41 40 90 21 0 69 32 34 10 25 16 79 58 32 13 23 39 37 46 33 57 72 16 35 35 51 4 5 74 30 16 49 17 85 48 97 86 69 3 57 48 41 47 25 92 51 17 
4 65 25 92 46 59 93 33 83 51 77 3 54 33 15 24 37 54 72 67 45 9 73 36 41 4 98 97 54 34 3 6 25 63 1 35 76 70 22 4 25 78 83 61 53 56 48 35 61 12 17 68 2 94 40 10 34 87 63 18 13 0 68 70 81 14 14 7 38 91 78 17 57 24 97 91 55 87 91 63 72 22 9 33 4 85 59 55 10 45 21 22 56 97 55 47 86 38 30 12 
26 13 81 76 58 76 56 39 44 25 31 71 11 93 19 80 27 17 45 50 55 65 63 53 65 86 94 88 70 30 56 50 30 17 11 33 62 58 7 19 75 31 49 67 38 41 59 60 47 87 74 56 83 44 25 59 69 23 88 97 86 91 45 17 79 43 9 56 55 3 46 74 42 52 24 11 97 53 90 84 43 78 50 47 20 85 59 16 24 51 22 58 5 96 95 14 37 86 10 65 
42 19 10 80 71 97 60 15 20 57 15 70 32 31 10 84 82 65 26 1 29 38 54 3 21 62 16 35 7 67 79 24 51 85 50 80 95 29 57 99 58 26 82 61 2 46 13 39 7 0 29 88 50 45 27 48 44 80 64 77 27 65 74 50 25 58 58 48 82 1 12 7 85 36 51 5 9 46 15 37 18 17 88 50 89 88 22 93 40 79 33 69 3 13 81 73 66 29 74 59 
36 92 80 59 23 38 27 10 77 43 1 48 86 80 96 96 19 6 37 82 59 66 5 1 48 38 52 6 24 71 19 17 64 39 14 95 17 57 61 88 37 42 18 61 44 30 60 28 84 32 75 11 5 86 68 3 42 21 25 78 36 60 84 62 12 2 57 99 98 92 78 47 54 39 70 81 4 79 32 88 28 53 61 60 36 91 52 97 0 38 42 67 30 43 14 62 58 96 85 44 
84 84 53 27 97 85 62 91 70 14 41 75 98 82 17 90 62 8 71 9 80 52 35 67 49 48 23 90 19 30 66 44 45 45 34 36 71 89 89 26 61 32 94 60 16 55 26 39 49 70 49 94 36 15 30 21 91 72 78 44 50 67 65 36 70 98 17 78 51 19 43 72 19 1 11 77 36 99 64 5 11 20 52 39 29 76 17 85 74 55 84 25 73 64 73 69 71 35 11 26 
16 98 45 92 38 28 89 93 47 31 40 22 53 7 26 66 87 71 47 66 35 8 63 2 82 0 10 74 44 93 99 82 45 74 74 33 31 65 71 40 12 58 53 52 62 19 62 62 78 92 97 54 30 20 78 37 6 80 25 30 5 84 77 16 91 20 74 97 34 1 41 82 29 80 31 97 84 51 29 79 69 21 42 56 71 50 5 63 77 96 25 3 89 87 22 62 74 64 49 59 
98 36 99 51 32 55 67 11 81 43 74 65 70 69 50 56 21 67 33 9 31 67 18 4 53 63 17 22 86 25 64 83 65 73 22 75 59 93 75 33 34 4 89 40 51 66 81 58 29 47 25 38 8 33 0 60 73 76 94 58 18 16 14 13 93 93 29 50 48 66 74 11 79 54 42 85 61 68 64 14 0 5 25 41 47 96 0 81 77 97 30 40 4 68 20 74 95 47 89 68 
44 35 1 17 72 84 50 46 48 89 82 92 88 66 89 16 30 45 73 26 81 38 44 63 6 10 65 8 39 64 44 90 26 52 26 31 89 95 4 72 95 98 84 41 1 57 50 86 3 27 36 3 52 88 0 55 65 22 93 72 76 76 16 74 12 60 48 53 89 26 76 7 60 57 76 59 73 19 20 43 82 12 68 68 12 39 10 80 17 43 12 74 12 94 73 77 52 91 92 99 
21 58 15 64 97 50 65 27 14 63 53 43 93 96 73 61 3 94 95 98 73 37 55 71 37 31 93 56 39 3 12 29 21 47 80 17 3 21 80 78 98 42 51 42 23 32 55 3 86 26 54 1 47 93 17 29 0 10 66 33 97 9 22 59 9 88 79 12 74 1 15 86 75 15 93 28 67 64 75 64 40 18 64 17 85 55 90 6 97 95 60 62 22 16 2 50 93 50 93 56 
