39 70 64 20 70 94 64 15 13 9 89 38 17 80 78 10 16 4 60 79 11 51 77 48 31 1 85 63 57 76 23 92 56 54 58 80 88 64 87 5 73 50 12 16 38 90 89 92 58 85 46 49 67 68 82 67 25 42 26 0 33 66 41 63 91 0 67 50 4 29 7 94 0 31 61 90 87 65 31 14 94 94 92 61 73 51 51 77 90 8 17 89 48 12 21 50 10 92 3 54 
34 56 79 75 9 59 99 60 59 76 44 25 42 62 72 79 56 69 96 2 78 1 37 86 92 42 72 15 53 33 38 1 85 22 71 2 58 34 19 38 3 4 74 70 96 38 24 52 1 69 5 66 77 85 90 31 39 26 49 85 66 23 9 9 50 39 28 69 97 50 75 24 87 4 15 23 14 65 48 74 41 4 83 57 74 45 12 12 82 37 84 20 60 16 75 52 73 66 5 26 
55 84 49 95 63 73 43 98 29 77 66 95 66 66 5 99 35 57 0 65 4 58 57 44 82 21 96 16 86 32 38 99 27 43 17 13 75 79 36 97 40 62 4 5 49 22 64 76 54 56 77 11 39 79 89 18 85 9 57 3 41 40 8 38 79 89 18 55 14 65 92 66 85 69 42 50 53 80 59 76 0 31 95 16 5 28 47 60 25 5 69 31 42 3 2 97 45 6 52 14 
29 16 83 76 70 70 58 88 92 21 6 83 72 97 3 65 11 46 44 63 93 60 76 34 12 73 60 27 30 75 11 64 52 23 27 63 72 92 58 61 32 69 29 81 16 27 40 59 17 45 2 47 19 48 46 27 64 9 58 76 10 60 88 31 3 51 86 66 39 88 77 92 30 19 97 55 70 84 78 76 35 40 91 33 97 65 12 42 94 43 93 96 61 20 30 85 58 40 35 23 
51 1 8 89 58 8 25 51 83 53 14 50 33 60 91 71 32 68 34 59 54 16 33 99 67 72 85 84 73 69 59 1 27 0 42 4 44 80 5 51 35 82 75 60 62 72 24 15 60 37 30 42 12 44 24 1 75 19 25 63 27 58 89 0 93 40 31 9 99 54 42 33 82 34 81 34 27 49 28 47 21 39 50 35 59 46 28 46 74 94 87 9 21 36 65 88 71 6 88 56 
24 54 51 79 76 37 17 47 24 38 51 17 27 71 37 98 4 87 16 46 88 16 66 60 75 71 7 30 58 2 51 81 8 13 24 32 44 40 90 97 29 64 83 40 89 48 31 75 11 2 36 45 77 62 55 63 25 38 48 24 86 91 94 68 20 39 2 99 80 51 8 91 74 55 62 63 92 47 65 90 96 36 85 19 37 4 5 22 30 22 31 31 54 26 45 49 55 79 32 26 
50 98 3 85 78 14 71 0 88 0 66 19 95 73 98 45 35 97 64 49 36 10 40 52 4 86 63 9 24 86 78 20 54 35 72 55 79 17 35 94 69 62 59 51 95 36 96 61 40 94 40 76 73 35 12 9 74 72 68 42 94 23 76 21 98 77 2 21 35 18 93 57 59 13 58 24 74 57 37 9 93 66 6 52 94 69 22 31 77 43 76 30 14 59 47 1 89 90 14 24 
23 6 61 65 21 27 45 28 58 45 63 59 67 46 93 71 35 23 90 47 25 48 96 67 92 37 18 32 2 3 18 14 74 16 99 94 20 61 60 29 96 12 57 49 77 21 94 10 87 18 53 44 69 95 99 99 20 43 30 18 54 63 56 96 74 86 16 52 92 38 37 17 23 45 52 49 70 4 63 65 28 77 54 81 31 47 85 52 6 30 2 27 61 46 64 87 25 96 59 44 
9 31 74 22 29 73 19 29 65 31 18 45 88 5 81 48 33 92 83 36 17 0 30 96 43 18 5 89 16 35 25 44 47 75 31 66 52 64 78 88 83 97 71 8 16 73 39 0 68 76 11 74 3 25 22 91 55 33 70 16 59 31 20 21 50 60 90 12 21 61 94 62 16 82 24 60 84 66 71 57 68 68 92 73 2 16 31 77 27 3 82 34 18 87 62 80 97 34 69 8 
16 12 6 47 24 99 47 91 48 71 1 71 29 95 99 91 71 94 88 23 17 1 18 25 41 44 51 23 41 2 43 17 37 10 70 11 74 44 4 75 15 53 33 62 22 7 10 99 85 54 69 55 94 18 92 15 95 53 89 19 70 28 17 21 72 19 18 82 64 40 81 63 82 48 12 14 53 44 56 17 10 65 63 7 26 7 40 54 41 71 34 1 8 63 22 47 60 42 91 56 
0 68 0 27 33 67 97 11 64 7 70 13 28 67 65 6 52 76 92 33 51 97 14 68 46 20 18 72 63 28 44 29 87 64 72 18 4 94 93 33 0 84 7 75 76 43 55 11 14 92 46 64 21 36 71 51 86 31 93 90 23 28 78 93 37 91 6 70 15 59 78 96 77 54 87 36 10 50 54 52 90 76 21 71 35 68 27 48 90 54 0 74 8 35 35 76 30 97 5 2 
42 56 14 12 78 21 90 78 6 19 60 20 29 11 70 94 92 12 13 90 95 8 14 16 72 53 5 71 13 95 65 10 12 29 37 62 93 47 93 66 92 55 88 39 15 66 36 25 82 60 38 69 77 63 43 25 54 53 88 32 75 17 14 43 74 91 98 56 44 50 67 16 51 1 23 33 36 5 91 36 11 18 25 49 75 84 20 51 9 19 63 17 4 86 37 31 96 97 89 72 
28 70 40 25 84 46 35 58 15 11 39 15 76 23 74 54 71 90 8 3 86 9 86 80 60 51 85 87 66 76 82 16 41 76 9 3 47 13 3 2 81 28 41 67 88 62 93 44 79 93 31 34 81 16 57 79 71 84 67 39 92 64 93 34 50 55 93 80 48 39 84 85 30 58 88 74 17 21 7 75 84 31 74 11 14 47 56 96 37 43 53 64 65 4 87 97 61 92 76 31 
83 64 12 27 30 90 32 73 49 64 83 39 10 94 84 85 88 80 44 85 57 19 77 20 34 13 68 44 44 55 35 15 63 35 1 80 85 7 22 49 25 64 66 25 81 34 37 26 29 31 53 65 72 54 3 16 99 50 18 49 44 7 9 74 25 9 11 93 99 78 97 0 37 33 78 19 24 56 34 13 79 61 65 52 90 49 81 45 80 80 71 15 73 1 30 67 89 81 9 84 
83 70 29 76 33 86 57 74 5 59 74 46 3 38 38 94 55 95 1 10 17 43 98 10 15 80 30 30 63 56 43 66 50 1 15 71 45 20 15 79 90 33 49 72 84 33 75 7 46 73 39 34 70 50 52 38 90 45 30 19 39 77 73 56 48 47 50 35 24 66 74 16 52 55 47 53 60 94 93 3 17 58 1 55 82 89 96 99 85 20 49 6 65 97 4 64 65 45 18 95 
79 33 40 3 30 95 17 68 22 47 50 30 86 11 57 92 22 21 38 93 93 20 0 75 40 40 82 72 21 87 72 95 2 68 25 22 2 49 70 77 77 49 85 64 46 87 70 81 6 50 66 52 42 17 58 62 85 5 70 55 75 20 18 95 37 60 23 23 14 1 43 25 22 7 11 17 21 31 65 38 10 15 45 40 32 8 23 19 4 0 37 24 56 53 67 71 16 5 36 85 
83 90 3 34 41 95 26 66 42 79 93 99 21 1 82 22 62 13 95 10 25 39 69 89 28 81 48 47 90 74 79 20 30 16 46 13 1 65 33 17 43 54 38 44 21 31 33 92 74 11 31 20 91 7 57 57 59 93 59 63 33 75 49 76 76 4 92 86 60 10 16 79 26 8 72 5 40 2 31 12 6 35 86 43 72 71 78 0 89 1 55 75 35 62 13 61 48 98 62 58 
92 94 72 25 96 15 68 62 95 54 51 8 3 13 8 60 82 28 47 26 89 40 21 87 73 24 55 19 8 5 99 15 58 56 72 93 65 37 25 11 26 98 49 74 45 23 74 36 94 93 60 39 5 70 67 87 78 64 3 26 90 18 11 63 42 45 0 21 9 30 68 64 20 19 26 0 84 44 19 45 68 80 89 43 51 8 71 44 68 52 30 22 28 56 35 52 44 12 89 12 
11 75 19 14 91 12 93 12 7 38 79 17 47 14 23 75 8 94 69 8 13 68 19 47 59 28 66 52 51 22 10 1 57 39 28 71 1 9 6 97 35 26 15 27 29 58 89 1 32 95 87 80 2 1 67 73 94 69 28 46 73 6 51 58 1 83 7 25 35 88 34 10 64 19 14 30 32 88 64 22 46 64 87 13 15 47 12 41 43 68 78 98 36 77 40 14 0 91 26 18 
61 95 88 41 22 22 60 36 93 82 98 38 7 49 21 33 80 73 9 17 88 41 26 91 21 51 54 1 18 38 55 40 3 86 92 41 77 26 66 68 36 25 57 82 16 53 71 58 45 56 83 39 46 59 51 55 28 83 80 19 50 57 90 61 36 58 82 62 97 16 70 62 5 80 85 84 67 68 47 51 81 79 12 73 5 50 22 37 76 6 83 32 66 35 85 3 25 83 39 88 
53 67 11 74 63 49 0 74 32 15 85 88 77 67 46 89 89 4 73 97 7 23 38 0 0 21 94 37 50 36 86 3 22 76 14 72 60 72 68 47 49 2 19 64 9 83 52 17 58 94 63 15 47 83 33 19 29 18 28 79 15 69 96 56 16 67 73 8 98 66 69 30 60 60 43 57 73 68 3 23 75 91 81 48 41 37 36 17 61 87 32 65 40 44 48 93 51 19 39 50 
2 55 53 85 43 46 44 26 49 34 89 6 41 85 9 38 57 46 56 87 43 80 5 11 37 91 2 95 11 69 92 15 12 2 90 3 48 75 75 43 40 32 6 26 92 24 93 78 47 9 48 19 25 72 47 49 97 50 62 74 83 12 77 33 91 80 23 8 56 16 10 0 68 58 32 78 68 17 73 72 14 71 80 38 93 32 82 95 69 38 77 43 92 65 29 85 89 64 77 24 
58 1 28 69 39 81 21 92 45 60 15 77 87 12 97 1 4 47 99 77 89 74 42 44 66 3 13 4 8 43 83 75 44 45 58 71 14 41 72 59 2 72 49 63 42 87 22 62 82 34 45 43 77 55 93 87 69 95 55 32 1 77 21 13 40 60 66 44 76 54 98 40 20 34 67 84 11 29 23 11 91 96 65 54 41 17 83 78 69 29 45 99 12 97 15 94 79 79 75 5 
59 43 85 89 87 45 51 42 14 73 81 31 94 30 61 52 40 35 39 27 1 52 31 47 0 79 2 2 93 94 5 91 81 72 3 99 23 66 83 23 87 32 51 9 29 56 3 98 23 94 33 73 74 36 23 70 83 4 25 57 18 84 1 84 83 46 64 58 20 48 7 26 21 57 37 31 66 49 51 33 22 53 49 52 97 10 95 75 91 96 12 44 61 90 6 86 61 9 23 86 
73 64 21 99 61 41 20 80 46 77 91 47 57 77 52 4 16 94 46 86 13 82 64 77 68 75 24 75 59 80 16 72 80 46 27 41 3 52 23 36 49 66 45 82 36 38 49 96 79 64 73 75 25 35 64 37 13 24 20 53 77 51 55 34 75 13 48 34 67 93 18 83 86 97 57 57 83 15 25 66 76 86 31 29 51 99 37 9 49 49 85 62 66 24 1 90 63 81 41 73 
53 17 53 33 11 77 33 43 45 28 75 82 25 19 72 22 38 89 85 36 28 17 7 0 35 73 53 22 84 52 53 2 52 7 21 66 42 67 75 62 87 74 43 74 87 45 76 6 87 65 58 29 69 21 3 10 8 10 27 16 13 19 28 49 41 64 93 94 4 90 46 81 97 21 81 75 58 68 84 47 51 28 51 70 2 76 83 52 65 60 47 19 68 69 38 58 16 87 86 25 
57 56 39 84 11 76 54 17 2 22 31 98 36 18 1 66 53 23 54 2 70 19 86 11 95 40 16 86 61 89 58 40 64 1 5 39 20 24 73 96 87 88 50 91 66 46 59 92 19 25 13 84 74 22 24 3 83 32 57 75 76 54 83 9 27 51 60 94 6 52 23 9 84 49 63 74 23 37 17 58 4 3 90 38 83 13 55 45 20 70 17 46 84 37 45 41 44 87 76 13 
31 29 70 82 2 2 60 80 37 50 84 3 44 36 76 20 55 77 17 76 65 66 81 8 95 74 38 77 92 19 62 44 80 91 60 77 85 10 21 87 29 22 74 67 78 25 19 34 35 6 25 76 84 91 60 79 3 70 4 55 79 75 45 83 57 81 81 52 81 87 56 25 67 96 54 54 87 66 36 69 50 0 8 85 71 74 62 97 57 37 59 13 49 47 90 7 53 55 63 33 
6 73 3 72 47 57 61 0 84 6 98 59 90 98 4 11 31 98 24 80 24 98 33 86 53 10 47 10 46 7 88 42 47 33 62 54 77 61 81 78 19 54 42 21 21 12 99 63 36 76 73 98 26 14 0 77 41 36 2 1 98 66 11 37 62 87 59 46 88 7 77 86 76 41 30 92 68 31 53 43 94 71 69 66 5 85 80 88 35 18 67 73 94 79 1 73 9 82 52 7 
34 0 25 93 49 24 56 18 7 51 41 56 48 76 65 83 86 22 3 18 28 40 44 32 70 92 1 2 85 87 24 79 17 87 10 32 28 46 72 1 70 39 79 75 15 39 8 99 85 41 43 99 11 9 3 68 50 61 71 12 57 61 52 81 26 21 63 33 10 48 92 19 37 39 99 66 12 31 42 9 2 99 23 31 86 26 8 20 41 15 12 87 27 21 11 21 40 29 28 61 
95 22 62 70 79 69 42 99 92 81 4 61 57 28 72 42 83 78 45 7 8 94 70 79 1 10 69 19 89 48 58 81 51 51 49 97 85 83 59 72 14 76 24 15 89 99 0 96 44 14 36 35 99 73 39 4 20 25 55 43 55 86 84 20 18 12 90 64 31 49 82 55 37 61 0 15 92 57 30 21 71 69 92 19 50 36 55 78 32 22 59 45 75 90 18 73 35 4 8 11 
45 4 88 43 92 67 84 89 80 57 59 9 76 40 22 63 17 13 65 81 49 80 3 93 73 84 49 66 51 84 27 66 43 95 27 67 12 55 27 78 49 92 33 57 41 43 29 83 40 33 29 94 59 72 67 71 89 2 40 58 79 99 32 69 92 8 34 57 33 40 5 72 89 62 7 19 13 89 9 11 14 39 83 95 13 89 58 44 55 45 39 41 68 86 97 44 82 36 18 8 
63 63 94 44 3 42 13 88 79 43 90 27 56 77 12 97 4 84 80 58 50 60 66 39 77 40 32 95 19 49 33 48 10 52 27 51 50 48 64 21 96 96 57 63 98 35 75 9 28 32 65 11 79 33 58 72 61 14 5 78 32 55 46 69 85 62 99 63 75 70 51 72 88 97 61 64 96 10 76 73 13 34 74 81 94 88 58 64 47 52 11 97 68 2 2 31 74 6 34 2 
10 69 74 95 19 49 42 24 90 70 68 99 27 46 94 98 7 94 59 67 32 53 74 5 29 12 55 90 27 83 53 66 75 20 46 77 20 81 9 88 7 58 78 26 41 15 73 68 42 27 28 1 84 42 46 0 33 52 8 70 65 22 67 77 37 64 58 37 92 80 93 49 60 27 78 25 29 13 91 21 82 98 45 18 7 98 8 3 21 24 70 96 79 38 84 34 58 88 46 25 
76 23 55 13 86 32 53 6 65 2 53 96 28 0 34 35 72 30 35 47 89 73 67 50 35 72 9 84 12 18 90 60 78 78 49 74 66 74 65 68 98 99 59 16 69 92 0 2 57 65 63 10 13 86 34 57 59 56 5 29 32 18 15 90 42 68 97 34 11 25 57 51 76 51 3 23 74 15 22 33 40 92 25 26 29 87 47 2 88 77 32 80 34 66 60 95 18 10 6 19 
80 64 78 55 18 56 11 36 42 76 60 10 38 19 80 74 20 46 3 67 26 16 10 33 21 7 38 91 20 43 21 64 16 11 26 48 13 6 66 27 16 96 19 79 3 49 48 14 95 1 33 38 81 8 88 68 51 63 8 22 6 96 41 88 20 95 44 62 90 50 49 48 31 98 14 86 58 74 45 25 10 0 53 98 28 82 45 45 66 98 10 0 30 57 30 29 44 84 84 97 
39 92 98 35 72 84 37 41 93 44 16 69 13 0 24 94 49 53 50 40 63 80 24 69 52 5 45 2 28 21 11 18 28 31 20 73 47 59 61 87 38 28 0 17 36 96 12 40 26 98 5 46 58 19 47 74 38 72 41 43 27 55 68 87 59 51 76 92 48 37 69 67 58 29 62 97 94 26 36 51 12 16 36 1 18 2 50 85 18 87 30 0 91 9 76 1 34 66 92 41 
18 6 21 91 53 65 33 81 29 31 21 35 99 28 35 98 69 51 81 47 98 98 88 69 46 48 33 53 99 42 87 21 27 62 25 62 94 48 33 25 63 65 5 72 10 18 85 74 17 67 5 33 80 80 20 67 13 44 17 5 60 71 45 42 57 39 98 88 23 79 14 2 41 52 71 38 43 53 98 83 91 53 61 45 77 30 57 52 96 8 16 15 65 38 43 1 81 84 35 41 
50 54 57 94 94 92 80 9 96 30 82 31 39 26 33 57 32 35 59 5 18 92 64 41 68 14 16 43 91 43 77 89 56 88 1 42 8 23 39 57 38 0 38 32 65 5 18 4 95 76 15 86 25 26 39 41 20 32 32 27 62 8 74 5 25 90 50 95 17 60 96 58 41 72 64 60 52 51 23 21 84 89 8 72 11 7 97 38 44 12 84 60 96 13 61 87 9 23 33 87 
79 57 15 49 13 81 51 93 46 67 0 78 88 1 15 85 29 14 72 52 1 33 63 72 75 27 39 4 32 76 77 36 71 43 69 36 97 84 52 1 5 62 14 74 63 60 42 3 47 57 46 38 87 32 17 66 36 33 34 89 53 96 66 36 56 53 77 20 79 29 49 31 10 52 40 41 73 44 91 44 89 28 38 82 2 0 26 98 71 16 73 72 1 88 17 73 17 95 67 74 
5 19 49 79 29 28 98 11 14 50 89 18 30 24 89 71 81 22 31 76 56 3 0 55 44 76 37 73 89 55 16 28 32 87 93 25 13 54 84 80 53 69 29 76 99 81 41 53 98 74 31 16 86 64 36 28 50 47 34 50 97 23 7 20 84 16 44 97 72 36 79 44 95 46 26 22 49 10 57 80 27 19 91 58 15 39 12 93 91 41 37 31 82 95 40 80 20 51 62 7 
64 51 66 99 80 52 28 7 77 63 70 1 13 13 2 86 9 45 72 72 42 59 9 92 37 80 56 74 37 27 71 79 2 22 82 5 84 49 44 1 42 34 62 62 71 37 48 32 25 38 4 95 80 57 38 25 81 53 42 33 36 1 52 57 18 75 1 55 23 21 8 19 51 20 60 44 55 27 77 16 7 17 9 21 89 83 40 38 80 40 30 85 87 25 84 98 0 74 13 39 
76 78 87 61 99 96 68 92 83 78 66 67 82 19 99 74 53 7 28 87 92 62 64 26 26 34 8 8 51 32 86 50 33 85 70 40 67 76 35 52 17 7 18 35 68 55 60 10 60 24 73 80 87 89 97 84 35 28 22 8 64 29 30 77 80 68 47 54 23 48 88 65 47 58 29 13 31 78 62 85 65 20 80 37 62 65 64 51 89 28 24 71 52 88 3 42 46 7 33 48 
23 41 99 44 6 61 96 18 28 16 16 87 66 72 8 95 64 38 42 19 71 78 38 83 44 6 73 99 90 74 36 50 39 91 85 28 93 43 38 40 99 0 14 4 57 79 49 72 27 62 86 80 34 13 46 14 95 86 18 67 46 64 97 5 98 9 73 56 14 50 3 93 39 6 57 56 39 65 23 37 5 36 64 90 66 94 66 47 40 41 96 65 16 29 47 71 49 44 3 38 
7 19 72 0 30 83 24 59 83 48 75 75 72 98 20 37 58 37 37 81 70 54 79 47 37 14 14 57 57 87 28 77 49 13 16 37 6 51 76 66 95 29 16 84 53 93 47 78 40 81 96 2 98 54 9 60 85 19 23 88 43 39 75 9 20 17 67 59 20 9 79 91 17 75 46 14 63 72 44 31 74 58 74 73 20 73 16 88 4 3 21 35 46 71 52 6 4 42 22 8 
48 58 83 52 63 36 34 59 69 95 91 81 29 57 31 74 20 50 67 11 42 47 88 85 93 96 11 36 84 89 3 71 14 77 80 27 15 24 2 37 86 64 81 49 9 26 20 69 34 2 47 9 82 58 33 80 95 2 17 31 18 13 65 52 33 51 40 30 25 8 41 39 91 17 81 18 22 64 23 34 85 48 78 30 45 65 55 3 85 16 9 27 32 99 17 3 38 72 13 7 
83 80 32 77 9 2 7 67 12 68 87 33 18 53 34 18 55 55 86 58 83 7 44 88 19 19 1 28 18 39 59 68 47 87 85 79 49 44 84 50 90 21 45 6 61 84 63 49 40 41 83 61 61 50 16 78 79 68 20 75 7 25 48 92 79 70 7 53 14 70 15 10 9 32 35 13 98 54 28 68 28 91 64 12 42 62 3 29 79 35 38 13 1 77 98 51 9 60 31 55 
18 18 16 27 53 33 16 95 97 46 65 49 86 96 48 95 8 66 93 2 93 27 48 88 46 84 4 88 6 78 52 61 3 29 79 80 14 79 44 74 13 85 26 98 84 73 72 6 53 27 85 91 59 17 69 65 72 73 71 45 41 36 58 91 91 57 45 47 84 86 72 55 24 3 72 57 28 97 42 93 30 49 55 58 90 60 50 93 0 81 50 25 56 69 69 85 27 94 93 71 
90 23 11 95 56 39 10 96 27 65 57 52 11 11 91 93 66 9 33 98 67 51 69 68 93 37 30 63 42 72 88 28 65 86 1 28 58 42 24 53 24 64 77 59 83 65 61 58 70 68 24 26 98 68 4 11 33 90 16 94 54 29 65 91 82 26 11 76 97 63 11 66 5 75 23 11 96 73 78 40 24 36 22 35 72 88 72 88 28 69 95 28 33 48 44 66 6 20 72 38 
31 99 46 69 20 65 78 14 8 0 30 62 50 65 88 71 51 42 4 36 30 73 64 34 69 47 53 94 84 68 8 29 30 86 45 64 58 63 54 62 4 57 83 14 9 4 77 89 89 71 41 55 94 55 50 61 71 90 33 43 59 93 40 19 92 63 8 50 75 21 56 61 56 90 87 83 97 89 73 65 88 54 69 78 50 66 37 7 70 79 67 54 78 43 15 55 94 82 44 95 
35 10 19 69 52 55 29 21 46 44 89 19 5 76 18 3 56 4 42 86 17 55 19 93 26 91 41 65 7 0 4 27 34 99 3 88 67 49 46 80 59 19 64 91 51 0 0 28 49 65 8 29 79 5 98 30 59 33 58 97 14 49 89 46 7 7 1 8 66 43 85 12 10 25 66 1 24 27 33 83 29 2 3 80 45 82 23 63 65 88 63 47 90 0 6 12 23 51 64 32 
98 15 38 33 5 92 91 53 38 33 51 62 35 23 96 66 60 21 90 94 71 33 83 23 97 66 11 89 90 67 4 44 28 82 73 91 25 76 64 63 98 33 29 96 77 91 46 97 17 60 8 86 43 3 75 53 77 66 36 70 52 14 30 12 51 39 7 34 50 91 4 67 92 15 56 40 65 67 9 0 99 43 32 70 79 55 53 45 30 93 94 81 89 80 44 88 70 15 31 11 
99 38 60 13 64 81 67 24 48 94 1 83 40 91 94 76 16 41 64 24 78 83 36 79 48 6 45 68 16 53 17 64 62 80 38 69 42 32 70 71 10 13 35 66 30 0 2 31 94 64 13 96 92 43 66 57 86 60 58 0 70 67 14 7 93 2 76 48 41 15 90 37 39 52 50 25 75 69 13 99 88 88 2 82 31 21 29 69 23 97 69 84 32 45 49 82 89 79 74 12 
30 16 94 46 26 94 15 81 4 39 58 36 12 3 58 55 4 42 80 73 19 66 29 96 58 48 26 99 46 77 22 75 33 59 94 18 64 51 56 68 96 61 50 70 80 18 73 65 47 2 87 55 70 38 78 33 88 80 98 32 32 20 10 63 22 13 14 41 54 56 35 7 21 24 76 57 45 36 32 86 8 5 31 1 40 10 25 69 81 84 56 55 50 21 22 54 93 86 23 67 
57 33 68 67 65 60 4 22 63 82 50 32 26 61 35 98 64 66 33 33 86 45 76 43 41 20 32 75 25 25 0 17 48 65 70 98 2 4 14 51 90 43 99 5 27 25 35 29 83 85 98 66 4 18 75 31 81 44 82 97 55 86 37 37 98 89 49 66 89 68 27 1 89 89 83 20 53 19 12 12 1 99 77 90 84 72 48 25 50 14 71 14 4 67 3 80 82 69 73 85 
9 6 14 25 58 52 3 9 69 79 57 62 66 2 85 15 5 10 3 28 96 37 28 97 9 2 81 27 49 24 10 21 29 75 19 9 31 21 14 52 91 78 42 95 57 39 34 92 22 81 92 40 75 50 76 34 1 71 27 24 47 66 85 84 32 46 35 3 13 76 73 45 22 32 79 55 60 53 1 60 82 37 12 97 38 8 67 97 91 91 14 21 28 28 54 40 91 88 97 25 
75 20 27 0 88 60 97 58 61 6 85 41 50 5 38 99 14 96 13 70 78 53 25 92 48 70 95 96 35 52 53 25 99 46 20 45 31 59 99 80 49 18 82 34 14 90 91 79 31 50 91 57 51 58 16 19 98 7 90 48 73 60 96 18 27 5 24 88 12 32 2 66 20 34 84 91 78 31 34 31 53 69 0 6 14 46 64 77 7 80 42 4 4 40 61 15 13 6 40 21 
83 24 32 58 70 90 12 12 33 13 11 88 15 38 73 54 95 64 48 74 39 52 52 88 47 97 64 66 7 49 95 20 43 51 95 97 30 45 13 45 25 91 74 78 91 36 69 79 69 33 64 85 30 44 15 40 73 7 98 14 65 21 46 74 86 72 11 60 5 79 96 90 84 98 92 30 19 96 40 14 74 48 53 84 52 35 19 16 39 89 69 3 17 70 43 53 82 52 70 49 
67 70 96 59 63 38 72 70 44 45 34 72 24 46 29 10 76 26 84 88 25 0 60 77 89 2 64 15 64 30 14 74 92 47 81 48 66 22 38 24 14 0 96 47 92 3 90 36 48 13 55 9 95 7 96 44 47 74 53 94 44 86 63 69 92 65 43 70 48 70 91 83 13 1 97 21 70 34 44 64 82 43 7 13 96 15 19 12 61 77 76 44 58 10 11 72 83 70 71 15 
91 12 74 38 60 43 1 48 69 99 74 95 27 93 8 21 69 40 44 53 0 16 63 31 93 60 32 86 48 98 80 28 53 9 43 79 80 82 4 10 87 95 44 33 39 58 23 66 71 1 35 76 75 94 42 73 59 40 13 10 12 42 82 2 55 76 66 61 66 64 63 94 74 30 62 46 37 63 43 30 76 26 97 15 64 1 95 37 14 91 19 46 63 54 18 75 65 22 92 4 
79 58 26 76 3 47 49 99 50 19 20 79 80 53 17 43 13 49 72 3 7 33 89 25 65 41 19 73 39 74 40 59 22 91 39 43 62 35 68 90 75 63 71 27 37 55 23 61 75 48 16 67 70 85 11 79 13 36 49 31 88 26 83 48 62 13 8 1 95 22 95 17 42 91 71 36 13 19 24 35 38 55 64 45 58 15 50 72 77 94 65 4 73 82 0 55 70 64 36 5 
33 7 51 10 55 86 92 85 98 98 39 3 90 60 83 29 45 61 16 0 59 96 50 30 79 88 15 94 91 45 20 91 26 34 35 31 52 89 99 70 2 95 32 96 27 7 97 63 21 0 63 23 68 77 20 60 71 61 64 82 69 76 14 44 76 52 55 75 76 67 18 31 17 12 12 77 44 96 62 43 35 87 91 38 12 2 47 62 8 28 32 67 20 72 41 62 40 17 4 33 
38 45 8 96 29 29 66 12 42 85 63 41 87 16 11 67 38 87 4 52 65 86 74 61 28 1 46 98 94 60 77 67 19 66 82 5 37 67 58 96 57 57 11 49 93 19 43 71 64 75 18 62 33 46 31 45 80 61 39 16 65 54 54 0 71 39 54 14 64 18 1 93 97 18 10 8 60 73 55 7 8 99 18 8 97 18 81 29 69 34 23 65 71 74 23 88 13 55 63 31 
51 85 13 27 70 65 97 4 81 26 60 97 59 82 23 86 57 26 90 23 55 96 30 71 78 9 21 55 7 3 10 8 58 77 29 94 87 85 99 11 1 1 81 99 77 73 81 9 1 31 94 37 2 12 53 52 11 50 91 89 43 91 25 17 1 41 58 50 33 90 8 47 17 27 18 63 26 43 68 3 69 37 7 45 78 41 47 30 10 98 26 42 54 86 98 11 11 34 26 55 
92 50 9 50 48 43 52 47 33 21 93 81 88 19 95 21 86 64 60 19 34 29 93 70 72 45 49 24 45 88 96 65 20 55 49 34 33 94 6 66 72 26 51 68 7 30 29 39 0 17 5 77 69 90 4 22 1 51 24 5 76 6 16 68 41 57 36 69 27 63 16 39 45 4 6 38 91 25 94 70 62 31 53 78 45 2 19 48 81 9 33 23 62 64 43 21 51 29 39 70 
75 79 62 84 61 52 79 17 93 73 85 50 53 23 72 81 51 64 7 33 19 82 12 24 51 20 44 74 45 71 57 69 77 6 5 48 64 64 89 75 88 9 10 83 88 36 54 90 95 77 15 26 32 55 23 74 9 27 99 49 28 2 14 46 13 19 80 15 33 88 12 38 67 82 54 5 21 7 28 93 69 20 3 5 0 76 96 84 22 24 33 28 68 2 66 29 55 99 36 29 
90 63 25 73 9 80 47 16 6 92 41 62 20 10 76 52 43 8 19 18 64 48 49 97 41 76 62 98 26 1 32 38 85 86 95 67 15 62 31 48 36 38 74 49 81 75 81 77 16 80 70 51 57 82 59 70 54 16 45 81 35 54 72 86 11 13 18 90 69 65 94 69 7 53 2 22 41 78 46 94 45 39 31 45 49 48 92 65 25 74 88 18 14 93 72 18 60 51 18 93 
11 96 99 75 83 98 93 33 70 60 8 10 56 25 37 75 6 42 15 93 68 57 22 37 43 31 61 8 95 4 84 8 64 72 90 31 68 29 79 14 60 36 17 37 50 4 25 65 79 33 12 2 4 65 75 78 26 51 10 65 50 65 27 51 42 16 19 63 29 89 17 82 25 59 4 47 27 62 21 55 71 33 76 68 21 87 39 98 50 78 35 98 27 50 92 54 7 61 87 68 
43 47 30 99 31 24 70 48 59 11 16 1 75 25 78 71 78 39 31 35 61 44 1 45 99 66 82 97 80 11 37 7 54 27 30 78 96 36 37 12 85 20 27 76 35 70 34 87 41 88 62 42 49 88 11 80 42 78 61 9 29 77 57 70 78 79 62 84 90 2 32 11 51 17 0 30 83 31 72 56 72 31 72 92 99 59 85 37 36 5 57 68 13 11 16 51 95 78 97 60 
73 7 28 81 3 49 10 68 34 49 97 54 76 87 66 36 78 8 52 90 60 96 91 67 10 42 57 5 28 54 67 65 23 43 11 26 58 93 57 75 93 4 28 21 89 97 39 41 76 64 87 38 36 87 14 83 82 70 36 55 67 28 1 77 70 73 11 46 35 12 42 49 85 51 25 29 87 96 15 25 63 30 74 16 50 69 34 6 46 71 22 91 38 11 86 19 0 38 4 77 
60 63 20 76 84 50 97 51 13 9 82 87 5 15 78 94 27 26 28 46 6 23 93 32 70 40 74 98 83 49 41 52 23 25 79 86 86 7 27 53 52 48 21 75 12 35 42 67 94 36 59 57 18 85 76 98 62 42 10 4 8 27 54 33 89 67 68 61 45 59 12 40 53 52 8 52 52 81 50 67 85 96 59 45 25 87 68 9 20 34 0 8 86 67 19 54 22 85 62 27 
59 29 94 13 70 85 13 32 79 50 2 26 98 61 17 65 56 97 87 81 46 23 47 98 83 2 89 77 94 62 33 34 22 2 91 7 59 33 2 42 99 81 75 40 39 13 52 85 60 29 56 30 17 42 44 42 45 76 31 32 41 74 78 41 4 81 34 85 50 73 34 95 74 87 56 1 46 88 76 56 6 32 79 40 45 47 53 60 77 4 53 78 38 87 59 24 37 36 68 81 
5 72 33 81 14 19 78 74 64 47 97 16 49 0 37 24 46 49 57 21 35 42 11 74 99 90 67 75 71 11 76 26 57 56 48 77 20 74 51 81 72 42 20 80 0 33 89 96 36 21 4 3 95 56 6 50 70 66 15 70 5 63 58 79 10 73 90 7 75 16 97 15 88 16 40 80 50 39 40 1 38 54 3 75 85 15 81 93 35 49 49 97 94 84 59 74 36 96 0 44 
89 56 52 1 30 1 18 96 48 61 4 52 10 69 25 17 88 66 61 63 52 3 44 96 47 41 98 34 79 57 76 10 52 74 90 61 87 23 41 61 98 91 11 23 78 41 67 94 73 26 77 80 44 81 32 55 24 11 75 55 82 75 16 42 41 27 5 85 87 27 89 85 52 90 65 92 6 35 55 48 28 58 77 0 2 91 78 11 41 9 2 93 31 63 12 29 56 47 65 91 
90 20 74 29 50 94 48 33 64 43 79 9 61 92 49 43 27 0 5 50 97 24 68 9 76 88 78 70 49 1 12 69 95 64 33 74 87 14 90 88 55 12 54 88 0 73 98 61 83 0 34 73 45 88 72 89 6 11 32 52 23 38 8 70 39 43 33 74 45 99 63 28 82 10 57 8 92 80 35 75 42 73 7 65 62 4 63 58 44 79 82 41 4 6 20 9 59 70 2 74 
54 76 85 25 58 70 95 47 6 1 53 99 75 57 70 56 6 16 59 36 56 37 94 20 34 0 97 8 29 45 29 31 2 74 86 50 63 44 0 60 63 2 54 18 28 80 27 32 21 14 66 12 68 81 2 52 78 52 62 46 93 91 65 52 63 0 5 5 13 8 37 19 68 84 52 81 79 31 72 87 77 51 64 68 85 66 97 87 88 3 19 71 1 93 22 88 96 3 95 61 
91 60 25 48 84 94 75 66 9 53 35 35 92 66 7 58 43 36 36 20 31 69 17 31 3 54 73 81 12 67 86 50 22 95 52 15 22 14 57 55 6 48 35 71 72 96 1 64 82 65 66 95 33 69 14 38 53 7 53 50 80 87 89 73 67 59 30 40 49 36 48 27 57 73 89 7 75 92 26 4 14 10 63 40 68 0 84 36 73 3 94 95 16 32 53 28 84 92 0 59 
86 29 44 25 56 46 40 35 13 8 72 93 18 58 67 32 1 65 75 38 91 23 84 68 60 45 44 12 5 24 65 56 5 97 47 59 61 39 60 31 88 72 13 42 43 15 11 61 48 41 14 18 37 99 44 69 3 7 73 57 0 8 22 63 98 55 7 40 41 84 18 19 15 57 96 33 45 81 22 36 76 80 73 85 78 26 57 14 91 77 60 24 7 23 29 97 44 56 87 40 
96 31 72 39 65 39 14 77 44 45 24 13 43 5 68 48 49 53 96 67 22 84 70 75 0 34 8 88 77 31 60 67 30 31 48 47 31 1 38 18 36 23 34 65 55 48 64 77 23 19 31 8 13 68 82 3 57 4 39 81 47 81 41 61 82 50 30 47 25 36 52 0 12 82 99 78 77 51 32 46 44 89 65 1 68 40 48 1 91 47 32 9 59 18 26 58 65 80 97 27 
75 43 16 31 9 87 91 90 89 59 56 25 88 86 19 22 78 52 5 60 85 3 93 78 73 21 91 30 27 7 89 24 0 95 3 51 27 21 15 19 59 27 1 84 6 55 19 0 21 33 96 71 29 69 22 86 33 18 53 13 16 36 42 20 37 40 96 69 38 61 98 67 43 81 6 26 15 32 12 9 27 15 77 56 45 69 9 40 2 74 75 7 20 2 21 84 11 65 60 55 
50 6 32 17 12 25 91 19 72 76 42 75 13 41 17 38 58 78 80 63 65 61 65 49 95 90 17 65 28 30 97 14 74 49 38 37 63 0 52 94 98 39 86 72 47 24 27 37 0 1 18 65 26 90 44 69 68 83 50 61 88 73 29 51 60 70 63 70 44 57 34 85 92 62 39 90 89 56 99 5 3 65 68 1 77 50 43 0 0 15 1 86 73 35 52 32 58 8 83 86 
19 22 88 91 49 45 1 99 78 32 33 62 2 19 37 43 26 69 71 7 59 14 81 71 85 3 72 95 21 24 2 60 43 88 79 8 4 43 93 89 79 88 46 24 71 70 93 43 4 46 46 84 13 65 26 60 82 62 43 38 41 73 21 56 90 29 50 32 26 69 33 95 41 37 61 75 84 19 32 73 29 25 70 97 34 44 68 80 70 15 97 63 77 64 63 50 86 93 57 92 
91 95 4 1 66 63 15 31 54 22 11 49 67 87 86 37 29 50 36 9 45 32 40 64 95 32 21 3 76 64 64 46 75 80 11 11 74 25 22 40 29 22 85 39 11 92 15 32 47 72 85 6 25 25 62 43 93 2 42 89 28 69 16 55 90 44 92 73 43 24 76 15 60 60 99 28 37 99 56 73 0 57 0 11 9 15 26 27 8 89 70 65 94 8 68 11 87 96 10 87 
99 32 13 66 37 27 64 46 4 17 21 86 40 78 56 80 52 30 9 44 12 34 13 71 77 58 88 39 52 36 58 65 59 64 84 74 82 76 80 74 30 89 67 94 55 95 61 53 63 69 34 22 48 33 72 32 6 35 53 93 75 19 22 7 55 40 81 48 24 82 15 77 49 68 60 53 68 27 83 87 70 9 65 21 98 41 10 82 58 58 22 31 13 30 21 25 43 25 76 98 
27 46 62 65 18 13 15 83 41 18 51 48 53 65 46 33 40 35 47 43 31 28 59 71 97 36 60 12 31 87 85 98 58 24 8 68 77 93 85 8 4 33 24 57 11 94 70 50 95 18 40 49 9 80 49 3 25 70 13 46 10 1 73 55 87 95 69 60 21 48 8 77 58 0 18 83 33 60 0 92 19 15 0 86 66 27 11 42 31 16 47 20 98 20 44 8 88 99 89 35 
64 93 63 44 70 30 50 8 28 66 17 20 68 77 35 21 24 52 17 76 88 85 22 75 57 35 48 31 70 66 41 36 8 49 74 58 18 64 27 34 86 24 43 16 5 45 82 1 60 16 80 84 72 10 95 1 43 43 83 59 13 45 93 51 6 47 14 35 8 98 85 7 87 19 48 69 27 83 39 28 74 19 58 20 91 50 49 40 62 51 88 96 1 15 39 52 98 92 94 60 
22 51 89 93 65 47 12 0 71 46 65 13 14 0 90 63 29 53 96 79 41 40 84 10 85 10 69 62 80 91 6 43 6 67 66 70 6 71 57 91 70 47 13 20 84 75 89 93 1 61 77 21 23 62 66 69 55 18 34 19 63 65 91 66 80 15 4 68 84 0 53 28 35 21 1 25 7 66 81 22 28 68 26 20 77 12 42 5 37 92 83 42 49 6 28 8 2 87 84 30 
21 82 84 26 9 97 72 92 60 66 5 99 2 94 42 79 87 59 0 86 24 36 86 32 88 13 45 12 62 98 85 84 65 40 4 32 71 26 63 61 39 82 77 62 15 52 14 14 93 78 37 41 84 45 50 39 89 58 15 24 22 89 43 70 14 34 87 28 38 81 8 93 28 88 90 24 31 10 28 93 50 18 96 0 16 7 36 32 75 23 85 83 12 55 94 48 55 69 80 61 
30 97 1 94 95 36 51 25 49 27 67 64 8 38 65 60 26 68 38 23 28 29 83 65 69 53 67 22 55 57 44 7 71 95 34 53 27 83 9 42 39 51 72 59 61 99 77 82 56 94 7 13 46 71 17 10 96 95 49 84 75 81 50 46 53 23 90 11 70 65 26 77 7 60 13 58 62 77 7 24 15 77 27 80 47 19 4 58 35 80 93 70 59 66 46 86 3 52 13 54 
50 17 76 40 62 15 56 89 47 79 11 16 51 34 75 86 69 81 7 45 28 4 46 69 39 43 28 35 91 75 79 20 48 88 43 65 83 39 29 33 75 61 58 12 15 72 54 9 4 42 99 11 24 16 12 15 62 89 1 37 15 79 88 59 99 97 89 90 52 78 19 12 24 16 23 38 61 88 96 43 98 94 63 56 39 24 63 93 69 48 16 96 47 41 73 9 61 41 24 50 
87 32 74 7 88 12 98 17 79 38 98 30 13 0 99 16 61 59 28 4 49 75 70 84 33 93 90 85 4 55 99 81 77 30 74 7 20 88 16 36 94 33 79 96 35 33 47 60 77 78 66 30 44 98 65 42 80 57 93 18 58 80 11 46 14 24 92 86 88 61 56 49 70 42 59 12 34 40 60 18 17 93 97 5 18 86 91 36 71 52 96 58 69 0 35 15 90 53 59 2 
84 87 10 11 75 24 14 70 35 74 69 23 75 39 70 39 21 51 76 72 23 80 42 36 37 6 91 51 73 18 7 26 15 61 46 6 9 32 53 6 45 62 50 8 16 12 59 66 23 72 95 48 92 38 68 64 84 63 79 50 26 6 24 77 10 55 77 50 11 6 11 76 98 73 24 0 44 97 71 29 46 10 31 34 66 45 41 70 16 74 40 76 90 66 31 93 22 46 30 63 
58 77 49 48 76 14 90 94 30 34 35 56 64 61 19 28 40 46 53 98 59 20 97 58 37 33 40 93 49 86 74 58 94 1 26 74 80 71 56 20 52 90 49 23 73 32 64 28 12 40 92 40 91 52 15 54 11 36 57 77 47 34 56 49 3 91 26 54 2 97 47 37 84 90 32 22 91 67 24 33 80 56 43 41 81 99 5 57 92 95 88 29 94 23 68 49 0 19 65 40 
50 58 26 68 11 77 37 29 17 55 94 3 49 6 17 55 12 28 55 27 63 49 28 81 48 61 50 6 43 12 52 29 20 26 73 43 49 92 39 32 6 88 19 2 23 97 87 91 26 81 65 89 9 35 38 49 26 58 51 97 54 87 90 35 27 44 44 81 86 30 14 39 67 69 54 89 13 93 19 70 13 39 16 29 55 40 4 93 96 41 30 32 94 20 43 56 72 33 40 74 
81 8 94 2 60 71 63 59 65 15 43 62 18 92 95 5 90 13 8 62 10 36 91 21 63 77 72 2 47 53 72 74 59 38 76 93 1 77 27 37 93 7 51 89 73 4 38 71 13 93 94 50 12 12 55 71 25 49 32 71 24 35 65 37 53 19 19 65 21 12 64 12 50 72 93 85 98 78 58 13 55 41 1 66 25 48 13 21 19 50 3 69 31 55 53 16 29 76 7 52 
9 4 12 76 92 71 83 36 60 59 45 18 83 45 93 71 67 25 5 81 50 85 34 58 83 63 51 61 55 56 21 3 6 92 15 17 11 84 64 9 21 67 70 34 70 48 98 39 36 70 83 54 30 81 92 45 82 12 16 89 41 32 68 55 70 20 64 24 66 54 37 83 23 93 78 80 24 14 41 28 84 80 44 44 71 91 81 85 46 1 18 85 93 67 20 18 81 73 91 83 
23 9 1 28 63 37 63 38 57 40 5 76 53 62 27 19 89 26 30 88 51 63 72 95 60 46 42 26 41 47 12 11 84 42 48 55 25 40 60 23 48 38 34 41 2 61 53 51 4 87 25 73 23 13 34 68 90 49 93 58 0 73 84 97 18 97 67 60 12 18 18 15 15 47 36 58 42 1 49 4 3 97 89 12 77 33 13 17 3 43 25 42 0 92 42 55 0 77 4 55 
50 90 64 94 80 0 48 46 74 5 59 14 47 5 31 89 44 83 20 21 19 53 91 89 63 52 2 35 40 75 6 68 13 53 34 37 32 81 30 11 50 46 35 45 64 83 61 8 45 28 51 23 65 94 98 93 37 76 88 52 52 10 42 7 30 42 12 54 31 37 8 0 74 95 10 29 86 62 14 86 52 76 10 69 2 7 54 61 20 92 37 54 86 23 14 32 53 70 91 90 
9 0 36 81 73 73 91 94 81 95 54 21 25 74 14 66 62 55 91 53 31 37 1 52 28 14 49 84 81 53 78 17 29 99 93 38 57 99 35 5 52 93 74 62 43 75 91 54 13 95 6 41 73 23 34 92 34 38 3 17 40 50 57 80 96 50 55 99 24 74 4 88 76 57 61 42 4 42 79 9 59 34 86 49 39 33 46 85 98 7 61 40 68 25 21 81 82 24 27 80 
27 69 12 5 97 78 95 39 94 12 32 3 8 13 84 46 73 92 16 75 15 30 2 38 98 52 45 62 31 90 40 10 2 62 47 14 27 9 21 50 18 61 41 40 3 88 46 54 39 99 41 2 16 31 98 49 74 44 45 57 87 32 55 31 72 38 7 73 86 22 42 84 0 4 51 56 25 78 78 74 20 63 59 43 38 97 54 91 68 56 86 40 66 64 58 40 51 59 6 72 
