13 48 83 96 76 82 26 62 31 70 79 50 49 47 32 30 24 90 76 10 23 48 57 48 88 13 20 66 26 80 73 29 71 8 24 39 80 41 77 32 96 16 48 44 1 22 40 20 76 60 68 97 48 95 26 37 70 42 24 5 87 60 73 95 45 10 41 65 31 62 83 1 95 81 98 42 53 27 77 35 66 36 56 35 62 0 44 80 58 30 70 32 76 14 47 49 44 45 46 52 
43 14 98 5 70 34 49 16 49 51 62 87 56 21 83 74 94 37 50 51 65 74 89 11 97 20 83 53 52 98 49 98 25 41 17 52 63 35 46 86 53 29 20 16 80 11 26 20 92 51 28 84 66 61 10 51 74 99 50 29 85 41 56 77 33 58 81 10 55 99 96 89 48 67 25 98 4 92 83 91 24 97 7 53 47 40 51 14 18 42 91 3 62 37 67 19 46 25 72 83 
30 2 4 75 8 77 60 5 1 38 20 57 45 36 30 25 90 79 66 41 58 86 30 30 40 11 72 30 62 7 24 71 8 10 96 78 19 48 21 77 78 17 28 33 29 39 81 0 52 37 63 93 46 2 67 65 16 70 65 72 63 8 9 11 13 9 34 48 94 76 81 51 17 86 28 18 2 12 25 13 57 98 48 40 50 75 15 30 47 54 61 16 90 75 82 33 36 79 38 83 
29 28 59 97 28 92 67 62 13 39 68 62 33 40 23 76 62 60 66 44 36 89 5 18 63 29 39 70 74 93 86 29 71 81 52 85 64 77 53 60 30 45 1 14 12 24 84 36 89 54 54 59 86 57 4 18 62 97 56 87 27 74 24 52 26 18 98 49 81 66 59 92 4 94 53 29 25 77 53 75 29 93 93 91 68 66 26 0 82 80 22 78 63 44 55 95 48 96 87 23 
67 81 15 54 77 57 34 39 45 8 16 31 96 88 74 24 91 17 68 4 40 54 67 41 54 8 80 54 14 82 14 5 50 66 84 22 7 47 31 73 12 92 52 55 27 92 1 74 67 30 52 78 41 34 2 35 43 68 58 36 84 45 56 29 25 89 51 56 75 84 12 21 2 87 70 47 77 96 55 90 12 20 0 26 3 45 16 56 7 80 77 35 9 1 32 58 29 40 2 65 
13 94 86 12 63 45 73 59 88 1 63 50 78 88 92 96 6 50 75 59 62 24 22 94 23 1 74 20 62 2 80 39 72 80 76 70 10 12 57 55 86 46 62 99 84 97 71 21 44 86 90 38 92 38 71 34 80 5 27 78 32 81 93 19 62 48 83 20 65 49 82 15 57 12 66 18 55 32 37 47 67 0 50 16 53 17 30 93 21 83 10 26 15 42 74 94 37 47 49 84 
14 50 69 39 31 22 5 13 87 0 58 71 9 9 58 49 0 79 67 28 10 8 91 91 22 4 86 98 78 68 68 52 18 95 33 71 96 69 83 98 76 70 95 74 60 8 90 25 95 68 13 75 59 31 46 66 70 79 53 57 49 39 72 10 72 24 51 40 62 25 82 43 90 29 99 15 92 98 70 64 68 86 56 86 67 42 32 73 11 5 60 1 70 34 75 12 42 96 93 88 
55 65 0 26 32 95 54 37 35 19 3 87 20 54 16 30 92 1 84 1 33 4 86 52 8 95 67 45 62 99 93 77 89 74 40 18 76 1 73 34 71 18 0 76 86 23 74 57 4 17 78 42 28 28 75 40 93 6 51 57 37 10 47 45 30 43 55 91 64 13 26 13 66 52 86 84 76 62 5 1 64 66 7 48 24 18 28 51 31 64 8 99 43 97 41 86 31 37 8 81 
77 83 48 65 74 84 63 59 96 70 45 76 52 67 70 76 52 38 44 48 55 65 97 21 92 51 29 38 99 96 71 59 30 86 0 96 4 51 81 18 60 33 27 12 67 13 16 40 13 11 15 79 81 52 86 38 96 53 54 23 28 31 65 59 77 23 72 93 79 96 64 7 18 27 42 24 31 3 99 30 11 13 29 72 80 37 23 30 6 42 25 12 96 98 84 84 40 54 83 96 
17 72 50 40 54 89 78 71 46 14 93 92 54 18 35 7 42 46 5 9 43 51 9 56 68 90 7 67 76 58 46 21 16 3 21 96 26 43 19 67 41 57 10 44 53 83 8 76 9 36 99 88 31 31 2 61 64 11 83 70 49 75 36 72 61 56 5 50 56 4 74 3 92 25 40 69 86 95 57 23 78 14 58 41 30 27 65 42 56 0 14 94 91 2 53 66 60 71 4 16 
10 81 82 55 98 10 57 11 39 28 44 40 65 22 73 13 4 43 81 99 36 10 7 35 70 59 29 69 5 62 4 33 82 1 12 15 81 51 8 17 29 14 67 68 6 76 16 12 52 2 98 48 47 28 82 22 89 89 57 30 8 82 32 77 41 89 55 23 7 24 86 1 48 42 82 97 56 5 7 47 44 89 92 21 22 55 8 49 57 97 56 45 68 62 93 56 26 21 71 99 
37 15 30 38 87 28 72 64 24 5 71 56 18 43 68 98 13 27 92 10 18 39 74 31 70 36 74 6 11 0 76 52 83 81 88 40 76 7 17 26 39 83 51 77 51 97 57 40 56 55 58 31 20 98 56 46 86 48 67 35 38 18 83 64 41 89 56 47 81 8 89 17 82 52 95 16 54 70 19 93 43 28 7 70 47 14 73 4 8 15 48 11 24 60 99 8 94 77 39 67 
3 50 93 91 88 67 36 75 45 43 11 50 49 5 14 17 18 52 89 64 80 61 2 38 17 66 29 0 48 93 20 9 14 42 24 83 12 21 12 57 6 51 12 88 7 19 71 62 91 0 1 1 33 85 92 84 37 35 99 9 57 26 64 75 90 51 6 8 93 17 78 62 26 55 3 65 65 45 79 28 92 37 96 9 52 91 58 18 75 56 71 49 34 36 41 38 42 34 27 68 
60 64 63 57 65 39 54 55 95 0 49 67 50 32 58 59 42 61 57 70 57 41 65 86 75 58 37 35 83 7 36 42 61 46 9 8 83 10 35 12 53 3 73 99 32 76 99 75 56 13 16 5 45 93 59 35 95 37 84 0 34 73 72 94 96 86 35 14 44 69 41 78 46 87 19 76 8 90 60 61 9 43 80 24 40 40 99 91 64 88 52 71 13 96 44 4 85 17 10 71 
15 3 61 4 40 56 36 82 48 13 8 5 96 84 67 22 42 67 88 0 4 36 99 78 12 62 79 68 99 74 73 75 1 61 14 30 81 85 79 1 97 10 8 75 32 79 79 58 90 82 27 89 24 12 85 23 57 48 41 94 35 38 12 55 42 11 80 3 74 95 21 81 31 5 15 59 22 77 23 30 62 52 75 2 88 21 88 69 46 89 82 78 37 96 95 37 82 16 0 29 
38 9 8 70 2 9 49 21 54 70 24 97 0 66 20 63 75 11 26 15 44 43 23 92 37 41 31 14 33 60 77 55 51 96 34 49 58 27 90 13 72 53 13 50 53 3 14 48 23 33 34 23 23 58 71 97 23 72 43 10 46 20 75 81 7 95 3 96 54 86 83 0 3 31 34 83 73 4 34 13 50 47 53 88 55 43 35 63 66 34 99 86 6 28 54 55 20 87 29 88 
83 71 95 96 33 15 12 83 48 29 87 30 33 91 38 38 16 26 81 47 92 75 76 28 70 75 67 74 92 27 74 70 6 25 26 30 60 94 45 74 1 29 74 55 0 70 89 65 17 94 39 22 11 82 97 26 95 10 97 16 75 76 78 84 52 13 37 83 73 92 16 12 93 16 26 56 99 35 50 29 44 60 1 70 24 88 30 34 80 68 52 10 47 6 87 40 56 59 79 13 
16 76 78 49 89 55 31 22 93 8 10 86 79 59 81 97 46 96 24 6 56 14 5 32 66 24 67 9 21 78 4 34 81 86 1 38 54 6 9 19 8 21 4 28 11 84 97 86 51 51 66 61 22 68 55 43 46 51 22 30 54 6 57 69 83 7 32 97 59 16 41 65 14 43 9 76 31 50 56 4 29 36 60 15 87 37 98 17 21 74 2 77 64 41 9 93 91 59 95 11 
11 90 2 58 40 54 83 84 5 66 27 1 58 80 55 19 23 57 55 44 76 62 73 21 67 32 92 64 25 5 95 29 53 24 28 48 30 37 28 73 91 64 9 8 0 83 73 23 42 54 77 98 86 19 38 30 75 26 39 21 57 50 43 33 62 72 84 97 51 89 56 96 62 31 26 5 7 16 53 74 23 41 76 33 77 24 54 40 43 88 68 52 51 70 35 36 58 45 97 55 
25 73 25 3 86 80 35 56 49 96 76 20 88 61 61 88 27 65 80 51 60 77 2 93 50 84 40 87 57 77 55 81 54 98 5 12 39 14 82 37 16 42 68 5 87 39 31 15 69 71 28 63 19 7 18 32 56 48 73 29 15 93 38 87 99 11 44 6 28 94 46 44 18 87 0 10 45 66 50 50 55 10 14 76 14 51 58 37 87 99 94 73 23 76 59 64 72 69 64 64 
71 71 64 53 17 98 56 9 90 84 43 76 25 89 7 55 9 40 89 24 52 9 76 65 78 67 89 58 4 36 7 4 14 86 70 88 29 52 29 79 50 97 96 27 3 93 14 26 74 90 11 30 7 89 2 12 12 61 29 24 49 11 52 69 46 70 59 26 24 1 58 97 92 31 24 54 0 45 55 22 47 51 17 65 99 64 32 54 57 47 74 71 9 74 92 71 55 16 19 53 
25 36 60 69 85 67 68 86 81 42 31 4 2 88 90 30 62 61 6 67 53 4 12 17 77 43 34 22 69 36 71 10 71 89 29 0 69 79 66 69 66 24 85 62 17 60 83 70 78 49 9 23 39 33 63 71 29 7 58 66 15 33 90 86 27 33 7 99 20 67 49 0 23 34 5 94 5 17 34 15 20 71 36 58 61 62 72 85 65 37 60 75 26 4 20 47 73 48 46 1 
18 19 45 91 44 93 60 86 49 99 85 43 48 12 60 44 97 6 46 95 68 35 13 93 70 0 94 83 45 89 72 41 43 78 43 35 72 60 93 32 7 71 68 80 37 28 68 17 0 74 89 86 8 49 32 92 55 30 43 92 62 49 27 25 46 80 90 74 72 3 92 55 97 53 41 68 21 86 88 13 54 97 30 24 75 0 50 45 21 93 59 92 34 32 66 84 84 22 66 2 
60 64 62 7 16 24 30 66 14 23 28 65 18 64 28 27 46 84 1 22 11 82 95 50 55 13 50 54 49 20 76 57 40 25 46 11 60 21 18 14 57 86 77 71 50 86 35 25 17 36 75 60 75 45 30 46 70 40 22 66 33 13 87 29 68 6 36 53 93 35 82 68 6 28 30 33 80 4 68 68 39 33 0 96 31 85 76 12 15 6 70 18 35 70 95 24 19 72 32 52 
86 19 97 99 37 44 31 77 41 42 2 15 14 22 50 96 32 67 69 92 41 75 22 41 57 78 25 64 59 95 51 24 45 13 63 61 81 3 33 5 0 51 41 81 96 64 11 30 2 42 10 82 58 18 59 32 1 86 60 16 66 50 16 53 76 16 44 25 88 45 3 7 31 8 18 92 30 22 83 60 68 55 90 58 24 16 32 49 40 61 80 0 45 89 64 56 28 16 97 8 
60 21 49 49 77 12 28 27 12 69 4 88 28 73 66 16 84 52 10 89 54 0 94 84 16 74 41 11 81 26 9 44 86 20 28 54 81 52 91 42 53 17 64 77 80 21 53 28 74 55 0 76 86 55 4 84 90 35 78 99 86 86 93 50 77 5 71 49 24 43 91 45 59 53 94 55 29 82 63 54 9 61 94 71 90 1 9 32 60 12 40 1 33 19 91 58 95 17 58 92 
26 22 41 60 16 37 39 86 15 29 36 99 31 9 56 96 48 39 66 76 75 54 81 27 44 14 41 81 54 31 77 6 6 16 80 27 33 71 50 94 45 26 73 85 98 47 35 40 17 24 97 48 69 16 24 86 16 10 75 17 92 36 29 15 90 14 9 67 70 28 63 43 33 92 69 18 87 1 50 28 25 5 17 24 62 59 77 23 77 76 83 12 27 23 61 71 72 56 90 82 
75 27 54 21 61 40 48 16 66 32 5 79 32 53 34 68 64 87 57 77 62 68 23 92 3 93 30 31 81 45 49 93 15 22 80 88 14 5 63 17 83 79 13 12 37 97 57 57 2 43 23 23 9 65 43 35 82 54 34 45 85 70 70 0 12 45 8 68 16 12 93 35 46 52 64 13 10 24 49 49 19 44 51 35 56 40 21 0 10 21 92 66 20 78 68 56 4 65 83 81 
23 80 14 8 42 3 61 69 53 43 6 86 20 81 89 16 80 88 95 94 57 83 25 78 94 78 51 23 52 30 27 16 62 82 94 83 52 93 49 60 43 90 17 58 21 87 34 70 29 61 0 75 73 35 71 30 14 29 87 87 4 55 79 59 34 82 66 24 4 85 90 69 92 88 65 39 97 34 29 69 19 37 65 82 35 82 9 4 29 88 44 11 55 69 48 31 39 35 22 47 
18 25 19 46 11 54 30 83 42 1 23 45 33 82 45 71 2 67 67 14 19 31 79 38 31 71 28 49 81 22 16 80 61 22 85 70 22 59 53 96 66 76 15 2 65 20 92 78 88 43 82 6 72 57 16 34 98 70 86 96 0 78 30 67 59 34 47 54 7 0 1 29 70 52 45 4 69 68 19 55 59 2 69 94 7 94 1 74 53 45 70 55 8 96 7 4 86 57 9 8 
27 65 70 86 38 1 1 83 42 98 0 38 36 75 88 20 54 92 80 54 72 53 40 8 16 95 87 99 7 27 87 45 42 65 53 83 78 62 80 39 84 5 73 79 23 2 43 30 3 88 56 46 22 90 33 2 9 84 3 12 70 19 10 5 11 0 68 88 46 52 25 68 94 78 34 42 48 32 19 63 55 81 66 10 21 59 97 49 7 94 50 15 11 53 49 33 40 99 98 81 
53 62 25 99 46 92 74 12 23 53 12 63 78 25 37 18 39 36 58 96 66 83 17 1 53 86 88 67 27 10 16 30 32 89 10 58 78 84 81 51 11 93 56 2 76 64 57 94 69 74 22 85 78 28 86 40 37 18 88 48 13 40 28 11 35 5 58 75 71 77 3 73 33 86 41 20 56 3 78 42 55 97 4 95 6 35 7 54 92 20 56 81 42 54 97 24 30 21 93 72 
37 24 17 72 93 11 58 21 96 66 13 82 61 73 33 98 16 0 84 77 99 73 44 37 90 39 19 78 45 57 77 11 59 64 94 94 51 50 51 9 42 4 37 83 70 5 79 39 42 74 87 99 61 32 81 51 40 8 15 99 19 75 60 15 27 27 66 65 83 96 69 20 79 26 18 31 88 9 96 88 24 34 46 50 33 90 42 61 46 33 0 32 53 72 61 71 27 34 62 63 
88 12 11 90 58 27 21 92 37 38 44 18 4 12 21 84 86 50 11 34 26 37 86 2 63 59 17 37 56 31 36 11 15 70 18 52 73 32 69 48 94 88 30 1 25 99 94 32 49 21 21 70 41 72 78 15 85 50 7 32 10 22 7 80 5 52 8 4 14 52 50 33 55 94 6 6 70 75 83 42 38 87 10 1 51 48 79 61 75 1 87 8 53 98 52 64 11 75 47 48 
10 92 45 93 3 32 68 3 88 81 63 78 17 71 69 58 19 26 49 11 76 41 25 53 88 44 45 66 12 38 11 46 29 12 65 58 76 20 57 94 3 13 39 20 42 37 27 40 14 1 45 20 18 10 38 83 89 68 21 6 39 71 86 28 71 63 78 39 60 48 60 77 35 22 42 28 52 59 62 40 9 83 54 58 83 15 49 14 30 33 77 20 7 18 38 88 44 53 21 32 
32 80 73 54 47 53 32 14 72 47 61 87 6 76 20 76 40 44 95 62 56 31 67 28 85 28 11 24 55 16 17 44 56 89 72 88 37 73 65 70 50 21 56 77 18 9 19 10 77 55 23 75 51 7 82 63 65 25 59 59 50 41 22 5 43 55 78 10 35 7 58 72 86 42 92 66 24 66 88 8 69 81 93 34 30 65 67 75 55 72 48 21 75 43 88 18 67 29 91 50 
46 39 54 44 64 77 92 83 42 90 22 70 45 29 9 81 51 32 96 61 82 42 25 33 82 92 92 44 78 39 17 3 10 8 61 59 55 35 21 50 90 13 50 44 22 81 20 66 4 61 8 38 32 78 79 53 61 16 41 85 53 54 14 97 34 42 80 39 89 32 25 57 25 29 91 26 30 89 21 27 82 60 67 0 3 1 9 36 35 68 4 30 52 50 81 24 0 98 6 89 
8 55 94 90 71 47 93 64 25 18 16 78 17 28 34 28 20 3 27 38 31 92 7 51 23 7 95 76 22 20 95 62 77 37 96 75 92 10 32 83 49 4 90 57 9 89 96 15 23 51 25 12 78 19 44 32 33 15 10 45 53 75 68 61 47 81 77 94 19 12 49 29 61 54 2 6 61 56 69 40 40 53 72 76 12 9 35 42 36 41 65 20 49 92 4 69 24 64 27 69 
22 37 75 60 76 89 92 32 14 37 98 58 18 90 47 51 37 76 22 31 6 51 33 91 66 19 79 20 98 5 17 83 71 66 70 18 59 64 80 70 12 23 54 15 26 54 75 85 56 26 51 33 36 94 8 43 99 31 94 65 15 65 28 52 7 63 27 61 66 80 27 94 99 3 37 98 52 4 58 63 15 87 58 62 6 53 89 1 14 24 48 32 37 76 15 60 9 55 93 27 
0 9 41 7 27 52 11 15 68 45 78 31 92 48 73 16 47 88 92 79 45 23 33 4 80 45 18 87 59 23 16 6 23 62 40 9 48 71 33 86 2 89 95 7 36 84 90 74 49 1 6 99 29 72 5 11 50 53 17 49 71 38 69 69 13 95 22 68 17 19 18 83 65 19 11 33 67 33 97 63 14 98 34 75 73 74 77 96 69 55 41 22 3 1 19 99 71 69 94 52 
59 9 83 90 95 95 76 91 40 48 8 97 3 59 24 25 55 90 28 88 15 48 57 86 77 95 30 70 13 52 76 58 70 49 99 11 74 82 17 24 81 51 69 35 60 9 1 64 89 3 63 61 82 67 18 17 85 33 94 29 47 19 1 84 82 34 70 62 11 88 39 75 16 78 51 85 52 75 35 3 57 58 13 76 55 89 14 59 25 51 96 44 29 87 76 27 63 17 92 43 
62 92 25 22 46 60 23 71 97 63 77 60 13 51 42 5 33 33 56 89 64 40 19 31 6 47 58 83 84 77 26 71 42 83 35 4 71 54 75 69 65 46 16 42 45 73 38 41 42 89 89 77 37 17 4 54 7 28 77 81 54 83 91 8 17 56 10 61 63 36 2 31 49 78 94 29 15 36 86 18 88 90 79 65 17 89 54 93 20 38 11 11 49 58 35 35 69 80 33 33 
61 41 53 98 93 51 26 29 50 45 65 61 0 42 29 91 80 21 69 45 13 52 84 3 17 19 3 81 7 98 68 24 10 97 74 56 61 97 73 86 17 96 15 7 62 25 59 93 38 0 41 20 78 90 58 79 10 42 98 56 19 95 87 6 58 22 72 6 36 22 73 40 49 40 73 38 6 26 65 73 6 39 27 11 58 82 15 97 11 54 52 22 52 27 75 79 21 53 83 68 
56 73 45 63 22 54 34 24 87 74 88 1 37 73 74 31 18 25 10 80 81 11 94 86 36 93 31 48 19 93 72 43 79 72 82 64 39 70 90 84 15 5 48 12 52 0 62 66 74 30 44 84 13 95 47 7 89 66 27 79 76 59 30 45 46 80 94 77 50 47 94 14 80 26 39 6 8 65 96 62 62 11 64 61 0 3 59 59 16 25 52 69 83 70 9 8 21 32 96 7 
33 97 60 61 67 53 39 47 68 78 43 5 6 88 26 30 77 66 43 65 5 23 1 87 5 24 26 79 55 4 20 91 41 93 67 27 40 47 67 67 63 7 99 69 49 62 67 13 47 98 73 29 36 87 86 95 6 17 56 85 50 14 7 95 26 99 48 87 86 36 56 98 24 71 89 41 53 1 97 26 81 75 84 71 36 54 92 91 90 66 35 40 60 20 8 89 80 34 5 73 
47 59 81 0 92 19 96 89 0 48 79 51 56 30 37 95 91 32 18 1 29 83 0 39 30 50 55 68 31 75 65 25 81 29 98 69 71 55 0 0 27 91 14 37 16 51 26 85 35 36 8 55 30 63 73 90 20 81 25 67 74 89 81 40 69 33 3 33 41 6 9 8 54 88 16 32 77 17 2 77 93 22 19 80 6 99 81 53 13 20 37 48 42 69 71 56 75 96 77 84 
46 56 28 64 24 4 80 84 91 32 77 52 4 56 14 0 5 2 69 36 11 93 87 42 7 63 45 66 86 54 7 15 37 50 52 64 98 82 74 38 77 26 64 76 2 75 5 7 11 13 87 95 68 89 55 77 41 10 79 10 8 82 93 48 0 20 42 92 93 0 15 4 28 12 30 30 65 58 17 56 80 92 38 2 93 78 30 13 52 42 71 77 99 60 48 41 57 89 17 45 
7 14 98 28 72 5 8 11 31 91 48 73 67 90 58 45 46 68 7 78 87 13 51 69 4 14 95 80 1 38 25 1 28 53 27 16 5 67 56 97 86 98 12 78 2 19 44 96 7 43 35 28 95 32 11 8 55 37 2 23 27 6 78 53 66 53 19 78 95 22 32 18 6 16 1 25 47 44 51 40 79 57 1 23 28 38 33 96 4 36 82 20 69 90 81 81 80 25 1 88 
45 19 15 80 53 85 46 31 3 25 68 43 48 41 5 19 42 20 99 51 55 88 58 93 93 74 65 10 49 18 81 52 97 62 86 13 74 52 31 16 73 9 37 27 20 1 59 4 61 33 53 40 99 12 66 57 4 69 58 14 74 23 44 9 25 78 16 56 4 42 44 32 31 1 4 86 56 14 88 35 13 79 61 79 13 34 55 64 46 76 85 19 43 41 17 95 10 56 37 33 
96 14 58 60 19 65 5 6 36 31 59 62 29 58 89 31 61 86 47 94 27 86 61 95 27 75 76 46 35 71 14 84 90 9 84 82 51 52 70 81 59 12 52 7 78 27 28 78 95 9 17 31 31 47 66 0 88 74 37 66 86 56 34 29 81 34 50 80 41 74 93 93 79 27 60 52 96 30 3 83 82 19 42 87 73 33 41 37 36 90 33 87 17 71 17 40 83 10 61 32 
41 0 29 69 66 14 50 51 91 70 93 58 16 3 84 42 74 74 85 26 4 86 39 9 21 63 75 37 94 28 96 20 77 22 59 89 81 53 70 50 6 8 74 95 71 58 14 40 26 90 30 35 12 95 8 32 62 4 17 20 35 22 51 51 3 87 94 76 36 37 45 99 91 95 86 39 76 52 80 25 21 58 0 47 32 60 2 20 36 91 78 41 10 29 63 4 85 4 74 8 
94 57 14 45 24 40 98 48 15 95 11 41 23 50 48 32 88 66 99 38 47 12 23 32 15 99 83 21 17 68 64 76 77 87 57 0 30 75 33 27 56 74 78 97 63 21 89 37 91 0 23 44 30 42 42 9 94 20 71 9 36 68 26 21 87 36 34 76 29 55 51 36 90 79 66 63 47 55 32 27 74 27 0 3 94 86 89 37 78 51 99 76 45 84 50 29 49 54 18 85 
80 61 69 80 22 75 1 17 13 94 12 48 21 87 12 8 83 67 16 94 20 65 88 94 54 15 56 73 43 1 24 35 13 32 98 45 53 1 25 61 2 35 97 97 4 91 47 49 13 2 61 78 24 2 97 67 5 89 87 5 97 77 81 70 62 92 46 1 25 6 89 1 61 33 11 18 79 91 3 88 0 31 98 31 18 81 67 67 79 23 51 97 62 20 60 62 60 99 50 2 
42 9 90 71 40 66 11 72 89 49 26 80 95 85 27 15 10 58 85 62 60 25 84 34 12 77 77 19 79 59 37 82 94 71 67 77 21 38 80 33 99 30 40 48 60 85 6 5 99 67 79 89 0 26 51 46 65 70 96 13 63 4 67 24 19 95 40 18 61 42 94 62 93 77 11 14 17 10 61 92 3 45 57 78 90 15 43 87 2 28 58 17 19 95 61 59 46 90 74 26 
52 30 62 32 39 72 85 65 31 97 39 50 92 39 8 66 24 71 12 19 51 50 46 97 1 43 98 73 55 40 76 37 54 41 15 98 29 35 21 53 33 69 89 2 22 34 59 50 28 31 75 56 27 48 56 58 55 90 54 25 46 68 66 79 31 76 49 99 38 99 20 66 29 15 14 20 39 29 22 60 71 91 7 97 36 72 33 69 70 29 34 31 7 70 8 16 18 90 89 25 
96 0 29 52 89 38 18 56 6 54 18 94 89 98 44 17 64 80 92 29 37 14 36 51 77 56 83 80 84 96 85 43 17 49 40 95 23 39 61 14 6 85 10 78 17 65 22 14 56 68 65 37 50 89 22 29 49 99 74 63 5 65 20 5 38 30 89 11 9 42 72 46 40 7 10 10 1 55 66 95 72 77 29 59 71 90 80 25 71 90 82 93 57 26 31 47 47 5 25 49 
27 22 66 52 0 76 7 49 51 25 99 52 95 18 3 58 70 72 93 16 7 55 17 30 20 95 92 17 19 3 39 19 99 88 60 17 94 55 31 19 48 90 70 29 27 13 19 97 13 19 5 88 77 26 37 99 41 83 30 15 83 35 3 2 75 63 61 3 17 49 97 12 12 87 26 46 54 19 53 38 8 72 88 86 52 48 6 90 77 91 6 89 88 79 66 11 85 68 73 27 
55 37 58 84 95 11 71 11 53 6 62 8 97 59 79 63 94 1 71 61 49 6 6 3 0 23 55 52 19 78 60 18 38 4 84 59 88 47 41 13 52 50 77 35 94 35 73 89 77 40 88 98 82 77 81 1 39 64 10 39 41 26 83 54 23 10 86 25 20 7 33 18 63 66 11 75 81 13 58 86 70 98 57 91 39 43 72 79 15 38 12 42 89 67 97 65 54 22 21 2 
88 90 2 15 21 11 83 89 8 92 23 56 89 78 26 58 19 33 85 14 55 88 24 39 30 19 50 25 23 48 23 42 58 53 69 4 80 81 29 31 32 1 79 17 37 57 52 53 57 67 19 32 38 31 18 1 3 83 54 96 77 37 42 97 66 11 80 6 46 47 61 90 76 87 2 68 75 54 39 59 90 20 2 75 97 58 79 32 21 21 82 17 53 77 34 51 86 37 77 15 
48 21 36 54 38 27 61 92 80 62 97 28 94 60 91 33 20 2 70 3 28 89 34 80 3 31 2 89 96 26 64 49 30 89 89 12 80 85 54 87 14 49 88 40 13 80 69 12 46 2 31 52 8 94 36 56 35 36 94 57 5 31 71 39 91 76 32 14 71 48 8 68 61 86 47 43 63 28 48 34 1 3 14 14 80 37 14 67 9 3 2 69 33 32 92 96 21 17 90 46 
15 96 76 31 59 90 91 53 59 75 69 37 99 29 84 21 34 78 19 52 72 17 63 39 96 96 14 18 22 17 34 22 20 67 40 52 30 80 10 14 22 86 98 40 37 71 48 41 60 28 32 95 58 70 27 13 18 80 54 48 55 95 8 96 94 18 11 95 20 21 11 38 76 49 70 79 3 98 27 75 87 63 23 33 85 93 21 2 90 67 55 78 64 69 41 47 52 4 62 0 
55 48 75 69 49 7 38 38 33 53 83 49 82 44 67 48 26 63 82 13 73 98 89 84 48 3 36 22 11 31 23 60 20 6 64 83 37 28 24 17 87 53 63 64 79 27 57 73 41 23 60 92 68 68 24 58 61 34 73 35 91 31 92 49 82 10 17 57 39 73 7 32 76 53 16 81 48 19 87 92 9 98 50 46 72 2 53 40 37 38 12 97 80 61 57 24 99 21 82 61 
24 58 32 47 33 86 80 26 67 93 76 2 28 47 93 47 92 7 67 18 37 2 94 20 6 69 69 58 77 3 24 5 0 22 1 74 6 88 94 28 10 5 40 81 84 7 4 3 3 56 19 64 5 15 66 12 96 58 40 69 81 63 14 59 75 98 81 45 3 74 82 48 58 38 56 95 82 21 79 50 80 41 52 98 37 12 57 49 51 89 78 63 23 14 36 61 61 5 29 5 
12 92 45 41 30 0 95 18 14 74 26 60 72 45 74 57 52 30 38 71 39 49 52 58 7 43 23 81 74 24 3 44 44 8 94 30 12 20 21 12 23 22 30 1 95 41 21 91 20 53 61 55 64 79 24 88 52 11 46 21 65 59 50 75 96 19 17 41 94 54 31 19 43 64 54 10 37 96 58 2 31 32 54 35 70 14 21 72 68 22 25 84 23 1 50 55 52 0 82 29 
69 81 80 97 88 5 7 85 85 31 8 4 94 95 90 84 0 43 28 73 13 51 24 66 72 35 8 90 16 0 70 78 1 2 84 53 31 92 7 27 69 93 59 31 41 48 88 75 36 82 59 41 4 46 52 3 40 36 59 38 44 42 72 44 90 12 55 43 96 46 20 69 83 51 60 61 19 64 44 6 96 2 57 7 5 32 29 59 58 68 63 70 43 88 21 11 3 60 34 39 
91 26 54 73 92 33 18 60 34 94 35 15 33 99 95 15 71 9 53 30 28 57 12 73 47 42 0 63 14 21 88 61 15 1 63 37 0 58 73 39 72 95 76 32 39 27 36 29 76 12 66 12 20 13 91 85 34 18 65 16 97 28 82 45 18 47 13 56 78 98 89 90 10 66 67 95 5 95 40 57 46 22 91 33 39 40 80 57 41 97 52 54 33 69 39 11 2 79 16 89 
36 23 95 92 44 45 17 30 65 6 63 27 26 26 60 21 65 35 85 89 24 6 46 89 2 23 11 23 56 21 22 66 52 86 78 3 21 12 45 39 17 50 90 15 84 49 50 37 10 82 12 33 90 78 70 37 55 63 46 1 23 3 69 10 39 38 91 98 79 52 51 81 30 43 96 10 3 27 16 3 21 24 56 21 69 56 29 43 82 80 53 42 65 30 0 81 17 13 9 33 
36 29 12 88 12 58 90 86 25 67 26 44 55 25 10 65 75 50 5 17 73 95 35 60 32 81 4 35 5 7 40 49 1 6 46 84 70 59 70 64 40 85 93 17 0 79 28 65 9 16 60 37 89 47 24 52 26 74 48 60 97 41 52 64 70 96 24 65 54 33 2 17 61 70 4 76 80 63 60 65 59 51 98 77 62 73 81 31 1 37 12 12 51 23 74 83 55 46 87 87 
42 25 74 63 52 54 95 11 27 20 14 94 32 23 69 15 23 93 25 24 65 35 52 11 32 20 97 58 91 45 25 10 55 70 4 40 65 72 79 41 36 8 97 62 22 43 35 90 78 22 72 74 80 12 5 9 8 57 73 26 32 93 5 22 81 29 74 31 72 69 47 49 13 15 73 95 43 28 35 73 33 32 3 7 29 47 82 26 79 49 83 69 52 57 39 48 12 17 59 35 
96 33 35 89 92 18 70 67 28 69 54 38 97 53 53 66 75 28 43 79 89 33 2 21 76 17 52 38 7 75 28 38 14 87 56 44 18 85 13 36 97 31 87 88 86 34 58 38 75 89 57 50 77 40 98 28 52 27 11 49 67 35 12 35 58 31 69 62 67 7 17 8 89 21 10 59 80 22 47 65 37 64 39 88 24 23 40 24 11 44 28 34 61 52 3 42 12 6 10 59 
86 65 94 73 98 84 39 55 98 15 74 34 84 97 14 6 14 26 83 20 75 3 64 75 54 71 58 19 12 28 63 47 61 66 20 34 70 76 7 40 98 37 94 17 2 73 52 86 31 84 51 43 82 77 18 58 93 63 55 14 81 84 85 6 78 39 28 10 70 56 21 50 70 73 16 98 85 51 3 38 99 89 93 75 57 49 74 98 17 21 41 51 28 71 15 48 94 39 82 71 
18 61 34 49 11 27 18 81 90 64 94 41 73 90 52 39 80 73 89 42 9 28 53 10 85 56 70 49 37 11 40 68 18 30 45 69 85 94 67 83 21 52 62 39 18 59 0 11 82 45 66 72 50 29 25 47 0 52 8 54 2 23 88 33 62 16 30 75 27 62 95 2 6 62 58 71 30 96 69 83 81 2 89 35 96 87 84 71 9 75 3 37 23 66 41 82 61 74 41 25 
75 77 27 87 89 15 10 15 13 19 92 95 83 88 51 75 35 27 54 36 67 84 7 3 70 25 40 47 48 69 47 17 71 4 50 70 1 6 23 10 35 43 20 35 45 54 54 68 27 61 52 83 84 12 78 29 80 7 55 40 7 41 55 9 92 6 45 64 63 72 15 28 39 34 42 75 79 93 17 94 99 60 57 1 86 62 58 85 65 41 20 26 42 65 57 63 18 29 22 31 
79 89 49 73 35 21 68 36 49 68 1 25 53 85 77 56 90 50 99 41 37 18 95 47 45 29 18 33 1 81 87 17 41 8 30 85 37 51 72 52 70 88 44 69 55 23 13 38 31 98 95 36 75 15 67 32 23 26 49 81 60 59 71 13 93 17 80 65 94 0 26 76 16 33 29 2 46 83 96 78 63 64 56 69 1 36 52 90 77 92 6 94 52 19 35 94 66 17 26 47 
61 34 57 41 9 90 20 60 65 64 50 27 92 52 34 10 1 40 62 11 87 99 25 59 37 4 70 22 46 48 76 32 28 75 25 97 58 19 90 16 26 91 28 19 15 71 91 26 0 79 70 5 93 29 19 66 79 87 56 68 35 53 19 88 53 99 50 10 95 26 90 72 75 12 13 1 12 5 37 49 94 94 43 58 83 41 12 34 10 91 10 88 58 89 50 12 66 47 12 27 
99 84 85 66 65 98 45 5 15 9 91 75 78 17 9 12 32 61 70 47 66 1 67 54 90 48 13 34 1 78 56 75 12 12 13 96 48 78 64 75 80 83 54 4 90 3 24 86 38 61 75 89 86 93 99 54 97 65 29 20 58 9 86 36 84 99 28 0 84 7 67 39 10 65 32 96 64 1 77 83 83 87 86 12 11 30 66 56 61 16 29 97 11 84 0 69 28 44 29 72 
96 26 49 77 34 32 84 15 41 47 11 89 68 88 71 97 21 68 61 12 51 82 57 24 34 34 92 50 4 85 57 82 18 6 31 13 32 7 71 53 33 68 3 39 17 58 15 90 32 20 35 90 59 23 34 31 73 84 85 7 27 2 31 57 16 36 95 23 36 80 7 71 83 16 88 81 69 97 73 40 27 26 5 6 57 66 27 9 42 45 96 12 35 16 19 29 91 99 56 64 
98 55 79 59 77 36 62 15 54 77 86 59 28 9 9 92 45 52 48 82 94 90 36 89 46 19 62 58 51 68 83 10 57 73 55 74 1 24 53 89 54 13 0 24 93 58 53 97 34 24 17 74 80 15 77 78 69 46 83 39 72 75 46 82 39 82 80 9 76 7 82 68 2 93 45 13 83 12 69 83 29 35 39 41 62 3 23 99 0 6 46 98 33 39 40 53 22 37 45 82 
30 98 28 94 54 14 25 68 62 40 15 28 18 12 57 71 30 98 67 24 51 14 31 95 15 5 89 41 3 71 82 51 23 69 4 64 81 76 90 64 98 30 81 94 41 88 28 84 49 70 36 70 57 27 27 52 38 8 78 16 70 87 40 67 22 46 80 22 81 58 34 40 58 97 83 59 62 39 55 0 55 4 46 7 72 9 33 94 58 41 54 29 58 62 74 81 61 20 22 61 
32 77 64 38 19 46 63 14 60 12 18 71 48 55 46 85 2 63 61 41 99 55 25 79 92 47 56 47 46 65 94 55 67 56 33 61 58 4 95 66 36 96 73 46 3 88 79 70 8 69 36 18 88 23 95 84 85 71 30 80 18 50 14 62 6 28 68 81 16 92 46 9 78 54 25 43 30 6 45 76 2 13 93 43 59 77 61 7 31 34 57 96 20 98 36 52 24 0 77 34 
16 53 77 78 26 23 21 75 7 91 45 69 51 84 45 33 10 72 82 64 14 39 72 43 2 58 72 51 79 17 45 87 73 20 47 97 8 46 21 59 51 55 70 27 9 53 14 77 14 21 47 15 8 39 92 1 14 37 60 62 49 67 2 43 10 52 4 70 4 44 62 6 46 67 8 13 46 25 38 89 11 59 71 40 31 17 76 50 10 32 38 37 3 9 91 67 88 30 64 81 
45 73 91 95 83 51 76 71 55 51 33 19 76 47 62 67 65 74 28 2 80 94 1 12 57 48 65 60 99 94 0 34 52 68 4 72 52 90 17 92 16 49 53 50 26 36 28 36 68 9 96 65 17 72 74 2 51 91 54 50 11 39 47 13 65 66 38 12 83 25 3 22 60 51 40 94 10 3 2 75 25 35 77 52 52 98 76 45 45 55 69 1 24 86 6 83 44 50 76 90 
41 51 2 84 73 26 73 30 14 43 43 24 71 67 74 69 51 99 55 20 46 63 62 78 41 46 32 94 32 41 14 48 58 57 7 50 25 86 81 72 26 18 44 40 96 66 71 89 16 23 19 28 23 80 2 7 7 88 45 75 31 66 56 61 42 55 9 45 41 46 99 63 8 69 19 93 74 96 65 89 20 48 41 79 92 10 64 82 98 35 29 43 23 62 87 33 64 48 93 3 
65 67 11 79 55 70 82 41 34 64 95 71 7 0 84 70 57 32 36 61 26 40 61 88 49 72 70 4 69 92 37 81 97 80 45 96 98 81 9 50 92 15 77 41 21 3 9 45 10 66 87 70 79 74 76 60 33 81 46 42 6 8 83 47 84 26 42 23 6 89 98 42 48 72 76 34 77 70 70 1 94 37 92 99 40 3 42 49 86 45 65 84 56 4 67 54 0 53 49 30 
87 3 83 83 57 28 67 85 28 68 85 76 6 49 11 38 35 12 19 65 6 63 58 32 74 7 51 32 99 12 31 58 12 91 20 91 29 18 66 32 63 94 98 31 30 74 9 42 22 83 96 67 43 40 66 19 83 10 61 35 26 99 58 11 95 40 95 65 54 87 6 38 4 96 79 7 2 94 32 31 98 84 93 95 70 23 43 14 74 25 85 25 9 52 52 26 50 66 58 53 
81 83 62 71 47 17 66 27 46 32 39 25 30 74 84 36 75 65 52 11 80 87 1 84 67 44 9 5 62 10 16 19 78 97 54 27 58 22 19 26 37 86 31 76 20 38 79 64 38 93 69 12 97 24 55 75 34 94 67 18 83 32 42 75 64 94 46 6 35 98 28 62 5 56 22 0 6 84 45 98 18 44 15 43 29 89 19 9 0 91 48 95 73 19 99 49 13 77 15 0 
84 30 79 70 32 23 71 17 65 43 79 10 69 58 89 70 48 22 55 48 74 2 84 6 24 16 83 21 51 95 16 41 11 17 51 70 87 39 47 39 9 3 3 17 25 86 35 83 61 90 25 67 84 97 13 46 67 22 14 47 91 31 14 53 24 56 53 94 26 95 96 82 86 13 72 85 43 48 73 12 49 50 52 94 45 56 93 14 67 30 77 71 33 14 19 65 41 99 20 26 
88 24 48 27 48 9 99 31 98 45 4 48 92 13 21 1 95 0 87 72 96 56 15 17 61 12 89 67 9 21 84 66 39 66 39 84 82 18 94 55 20 13 8 15 74 20 6 12 52 89 72 83 94 39 68 26 82 32 24 16 47 23 37 94 57 4 83 98 45 25 92 38 91 0 3 5 51 98 18 67 25 90 3 7 1 75 5 84 21 22 66 37 12 92 0 42 11 22 10 14 
1 74 93 42 13 20 27 38 46 1 54 86 42 12 12 36 64 53 53 97 58 7 9 16 96 13 20 86 89 53 24 74 78 96 22 13 40 4 23 38 21 2 80 42 51 70 43 98 32 17 4 51 89 83 85 43 62 89 10 90 30 97 7 20 12 47 2 45 48 50 84 57 38 3 51 17 19 21 21 81 26 2 43 16 34 53 40 37 8 17 4 31 64 33 89 59 70 76 13 48 
99 66 76 15 98 96 55 48 32 97 77 77 63 37 17 74 29 30 0 49 68 81 72 67 69 10 10 94 30 87 36 16 72 70 13 96 5 28 37 52 32 1 60 75 6 2 66 63 33 66 1 65 83 60 74 8 14 19 52 35 98 43 42 55 70 79 23 53 98 72 8 95 44 9 88 61 14 72 63 62 23 52 53 68 93 86 32 8 83 93 13 49 23 29 63 24 78 60 4 0 
54 23 68 91 16 11 35 56 18 11 3 71 63 88 86 74 42 52 96 45 83 71 32 8 84 88 63 95 72 14 6 87 86 2 18 7 79 96 77 13 87 76 46 2 37 83 67 63 78 74 82 69 8 66 30 12 39 89 31 88 12 88 57 60 8 53 49 86 55 67 40 50 25 79 12 19 81 17 81 83 52 56 92 54 4 66 70 29 6 87 86 75 77 64 23 33 40 43 17 58 
14 29 26 17 72 55 86 34 18 45 82 14 17 96 64 51 68 30 92 59 78 99 41 76 0 2 90 84 72 65 3 34 49 65 83 97 39 65 75 39 93 96 81 32 65 81 93 32 88 63 84 2 19 65 3 91 69 35 50 59 95 34 17 74 40 97 37 37 72 28 88 46 2 73 23 17 56 89 40 77 36 4 43 55 93 12 8 72 56 3 41 33 4 91 34 86 18 53 90 19 
89 17 20 11 25 53 70 10 18 20 20 22 68 70 80 80 68 97 52 51 53 53 81 81 64 99 19 62 1 38 25 22 75 68 3 10 2 88 93 53 86 3 17 83 31 20 15 74 15 27 64 13 8 6 29 81 43 47 66 42 95 96 3 58 54 32 57 68 84 1 44 87 62 86 7 56 22 83 13 98 75 7 95 84 16 57 26 36 44 10 34 14 89 42 95 71 17 93 3 19 
17 92 52 85 52 44 91 89 25 31 53 46 61 28 25 82 30 43 55 22 77 61 71 50 31 5 81 37 62 88 84 21 27 35 88 85 65 6 4 10 80 43 87 76 50 39 35 33 58 72 80 7 84 92 26 70 49 48 25 32 87 77 8 76 63 7 4 25 80 28 39 0 43 3 20 14 97 80 60 83 88 63 73 64 46 86 38 79 26 12 32 96 61 48 44 70 92 99 65 76 
47 89 14 49 57 8 59 50 85 50 0 90 68 72 87 27 15 84 44 91 4 77 53 37 56 7 55 37 72 36 42 37 48 25 83 2 19 90 28 75 73 69 48 32 25 64 85 65 75 17 6 76 1 30 49 60 12 57 33 95 73 89 23 14 8 29 90 16 81 24 96 41 54 83 63 0 81 47 76 46 17 74 50 48 30 67 94 35 76 88 30 43 92 32 4 2 83 53 37 33 
79 59 42 3 56 93 25 65 70 32 10 71 35 2 64 9 87 89 6 67 62 12 95 29 9 81 62 37 69 4 62 75 1 83 90 15 15 62 15 21 17 72 21 34 23 70 26 69 87 8 17 25 20 38 72 49 24 30 48 15 30 83 61 13 58 27 40 96 30 72 71 3 65 63 85 37 82 74 82 26 36 71 65 75 39 94 95 82 25 40 95 68 65 9 20 2 80 27 9 62 
42 63 96 31 12 71 20 74 80 29 3 59 20 39 4 55 74 31 98 59 83 85 46 24 79 31 61 80 81 28 20 30 28 68 87 77 40 75 28 7 56 80 54 96 48 40 98 59 55 30 8 89 59 77 89 11 80 52 63 30 30 50 10 50 30 11 66 25 54 53 17 98 20 90 94 44 52 81 89 89 76 54 81 65 34 68 56 89 76 1 67 20 51 16 93 67 64 3 88 8 
74 98 41 41 14 84 47 33 43 74 31 8 7 32 66 95 5 85 24 87 83 30 76 2 83 27 64 29 84 80 65 44 44 73 70 27 55 9 98 66 59 40 23 12 14 12 74 71 59 96 84 95 16 46 54 72 56 23 56 17 8 40 74 30 28 83 11 80 27 2 21 71 86 39 42 97 5 33 78 66 35 10 0 2 61 18 61 46 52 19 23 73 30 64 18 83 37 7 25 92 
86 26 58 17 1 38 7 55 58 91 80 34 24 75 53 1 40 1 50 88 36 35 24 75 76 31 29 29 44 62 75 51 87 66 13 26 64 14 86 46 15 76 74 80 39 14 98 11 14 44 68 42 32 0 95 65 11 71 32 17 69 43 9 45 92 98 77 3 55 14 23 98 62 29 20 93 44 24 3 87 10 18 96 73 79 86 89 53 66 8 50 40 20 51 83 94 31 57 78 32 
9 63 75 99 81 57 0 40 59 8 49 51 94 52 68 87 39 0 1 9 83 91 99 41 25 26 66 86 5 32 32 82 80 57 41 41 97 49 96 4 19 79 59 85 68 65 86 45 90 27 67 11 64 24 56 79 99 83 5 37 17 38 56 3 6 67 34 12 65 56 84 55 49 20 69 11 5 2 78 24 1 58 75 26 54 2 92 64 75 11 92 0 73 16 89 97 84 5 8 33 
