95 68 98 66 31 41 32 39 27 15 18 37 86 50 47 64 46 47 0 40 28 79 43 27 34 53 16 69 86 4 94 79 64 8 6 55 76 54 89 47 5 39 3 2 89 46 72 74 87 33 62 88 89 91 31 78 1 72 41 31 22 33 3 80 90 99 57 9 7 32 51 66 75 35 98 83 80 65 95 97 64 54 60 87 64 10 80 3 75 43 23 94 6 94 70 83 1 71 12 74 
12 2 65 48 63 83 98 52 39 94 61 26 94 19 54 19 53 0 26 24 52 69 38 52 81 55 44 26 65 48 90 44 99 98 56 13 98 14 59 62 66 87 93 15 61 99 90 90 40 64 79 60 31 79 27 14 9 29 52 87 53 79 75 97 64 92 22 17 16 53 1 79 48 40 91 57 89 83 54 50 28 47 65 62 50 60 21 9 0 0 2 69 71 0 80 92 18 70 13 76 
53 15 5 89 26 94 99 40 34 58 17 65 43 1 20 84 75 89 81 43 23 91 11 44 61 74 40 68 99 17 53 7 49 5 46 22 60 57 10 84 60 30 52 86 95 85 90 73 19 34 29 74 98 67 10 16 4 54 91 51 25 32 45 28 11 86 92 28 62 84 91 46 94 63 54 77 49 99 33 81 90 18 51 40 97 36 3 88 83 15 94 80 36 16 69 52 88 79 44 5 
99 0 54 8 41 15 83 18 21 16 88 20 71 58 58 99 47 9 10 30 84 26 7 75 62 16 85 28 96 28 61 99 25 4 92 24 37 27 28 5 14 20 36 38 12 25 91 54 93 74 96 9 29 79 81 76 82 14 30 2 19 32 95 5 78 5 72 8 90 73 35 50 54 30 67 15 67 84 17 25 36 92 36 58 43 53 61 99 95 70 86 20 12 51 30 67 83 50 10 46 
75 45 51 81 15 43 24 27 25 55 0 11 26 31 15 7 22 20 57 16 54 17 48 25 37 3 11 44 20 96 99 85 42 95 45 6 26 62 52 54 82 81 33 34 3 34 99 57 98 13 36 75 67 95 85 29 52 57 9 14 21 39 74 5 5 97 19 85 39 96 81 5 33 66 98 25 25 18 63 68 39 52 62 45 90 51 83 71 58 48 25 32 69 46 51 85 85 50 0 58 
53 65 14 86 12 35 14 0 70 39 28 73 16 12 64 72 38 6 1 29 87 62 86 74 37 97 22 39 38 12 44 82 94 24 71 74 53 72 54 23 3 28 28 30 70 62 25 21 9 55 80 74 79 75 16 61 17 10 28 10 55 28 36 63 68 41 45 74 65 16 56 43 76 21 38 69 13 29 62 73 21 35 3 14 73 92 99 63 85 74 84 6 70 69 55 87 4 22 43 24 
56 32 83 54 25 67 14 12 57 62 49 22 79 90 66 53 83 73 48 69 41 92 83 71 77 95 41 92 86 12 17 62 38 7 99 33 42 18 57 53 22 1 60 14 43 67 9 27 51 33 70 15 33 34 32 13 13 64 63 96 78 2 96 59 58 22 89 77 70 33 9 14 59 9 95 75 57 58 85 41 98 81 1 18 32 48 15 37 18 46 84 1 72 81 87 82 38 13 72 24 
7 45 97 21 94 75 44 47 16 96 57 61 75 48 6 12 95 23 92 17 32 9 96 57 39 24 10 33 96 39 56 3 3 65 86 93 17 78 1 89 41 21 66 88 40 23 8 47 66 51 40 22 66 46 20 31 8 69 61 47 93 84 50 87 58 6 22 18 93 87 13 41 68 76 98 55 19 85 95 53 9 71 74 57 70 69 35 35 59 0 17 88 89 26 53 99 34 23 64 16 
21 29 61 58 21 18 51 28 73 71 48 80 71 56 58 24 94 85 85 69 28 11 97 20 47 58 93 74 38 49 13 39 39 53 16 46 44 39 69 4 38 9 10 23 58 25 69 25 91 22 6 45 98 27 66 7 37 75 63 38 97 20 16 3 49 34 14 60 0 73 70 80 14 50 85 93 88 35 90 26 52 34 99 23 11 58 35 13 61 86 46 26 96 79 65 92 97 5 51 0 
39 31 88 51 41 2 74 20 42 49 53 93 39 30 55 15 61 16 24 98 60 30 22 54 3 79 96 90 25 22 52 87 63 95 99 76 26 98 68 11 44 76 67 93 14 13 99 13 93 53 97 58 78 37 0 26 74 11 58 41 49 64 36 19 29 54 25 85 15 62 23 94 46 92 51 53 78 41 46 61 7 27 35 50 26 87 82 90 84 76 42 30 23 0 84 81 81 7 32 69 
90 6 91 41 47 52 5 39 67 62 40 15 55 77 25 0 58 62 99 46 27 81 20 31 65 25 2 5 78 23 31 52 99 36 49 12 4 48 6 78 21 49 21 48 8 41 67 65 56 91 44 42 85 39 9 57 1 92 64 72 38 49 47 58 68 47 4 75 25 18 40 98 16 66 90 82 27 36 74 70 45 64 3 74 27 5 0 21 25 76 34 44 63 70 79 43 20 57 57 22 
2 99 42 91 63 68 10 23 57 17 69 1 17 65 59 54 5 77 33 61 1 42 70 35 6 13 71 95 46 11 70 22 51 46 89 17 12 32 37 89 28 49 52 80 0 98 20 78 26 88 93 23 63 14 62 3 11 11 83 66 79 40 2 93 40 77 3 0 49 93 92 50 24 35 4 94 93 58 95 91 88 16 39 10 50 7 26 62 37 40 16 12 19 68 70 4 88 24 51 96 
95 12 86 56 87 20 48 94 66 29 47 83 1 45 11 97 97 57 4 2 2 47 17 49 2 81 24 40 68 92 45 62 41 4 95 9 71 55 88 66 21 92 4 64 66 98 62 22 85 29 38 33 36 21 42 62 35 13 35 31 8 93 10 16 85 78 55 24 21 1 37 25 3 79 91 56 3 44 19 56 26 39 27 10 96 57 64 65 28 96 43 95 88 78 13 15 21 30 31 33 
69 58 86 55 19 81 55 1 20 19 90 35 36 66 32 73 54 28 94 43 59 15 45 95 39 40 34 76 18 51 15 16 63 65 39 4 55 15 12 85 40 70 27 27 66 11 44 10 38 9 61 9 45 49 67 42 51 46 66 85 16 17 29 69 75 2 12 84 57 52 99 14 76 85 95 68 41 30 15 25 27 21 99 10 6 99 64 34 58 37 8 92 19 2 87 36 28 95 98 75 
83 89 87 7 65 57 1 22 86 38 58 70 23 20 26 89 61 57 85 82 57 60 76 12 71 63 0 13 31 69 0 89 87 81 4 0 21 90 66 89 27 75 11 49 44 73 1 92 72 38 40 10 24 40 63 28 87 19 40 8 48 63 35 70 29 5 43 77 16 91 53 34 32 71 80 78 63 52 29 30 65 15 68 62 91 37 72 86 16 12 40 81 27 19 29 27 75 97 54 70 
12 45 6 19 35 11 29 89 71 75 61 10 73 87 70 62 77 54 51 33 46 6 95 4 72 21 56 2 56 48 88 63 51 40 45 41 6 9 49 67 50 91 57 74 64 7 73 50 87 3 61 81 65 26 62 70 70 62 0 68 75 43 18 20 98 74 71 61 23 65 60 6 98 67 90 97 74 55 1 14 45 2 72 6 33 84 55 81 99 42 87 66 73 53 50 21 5 54 91 5 
60 71 10 55 33 69 10 83 78 98 38 94 63 40 3 20 45 19 24 26 85 96 59 34 90 79 15 62 44 22 97 67 66 10 44 43 93 41 16 4 21 96 97 10 5 88 11 95 66 92 9 10 77 9 0 78 6 40 5 55 71 67 54 69 24 22 97 13 70 68 77 96 83 67 53 31 55 48 38 43 68 54 76 84 11 32 40 65 36 49 77 93 61 48 41 5 88 72 5 92 
42 38 15 64 80 84 6 39 48 68 67 0 87 82 91 15 6 94 85 98 33 9 14 18 16 66 46 30 16 48 61 90 8 86 25 74 68 14 21 40 77 69 26 6 99 75 78 21 71 30 23 79 18 81 92 56 50 60 5 32 33 93 51 98 83 48 15 95 67 10 25 44 50 15 24 2 47 26 23 69 35 49 16 75 81 49 52 13 31 83 63 30 35 80 98 55 72 6 6 60 
4 19 34 21 99 37 76 86 81 15 8 71 76 3 6 18 18 20 93 15 85 86 80 46 90 32 75 87 67 46 29 31 76 79 1 49 71 16 82 32 51 13 8 58 62 79 48 72 27 27 79 97 55 70 54 31 33 2 60 29 43 28 92 10 15 82 65 58 72 99 15 38 46 16 28 44 47 78 39 1 74 25 99 46 68 3 67 69 70 29 84 69 98 89 16 23 57 13 98 95 
88 11 26 74 54 46 67 24 37 71 89 33 64 95 40 36 41 96 46 44 75 14 12 43 14 68 0 36 42 16 33 52 96 83 15 2 70 76 17 43 58 35 53 32 6 73 78 82 10 34 91 5 29 45 35 71 96 83 20 39 9 22 97 40 24 88 23 92 92 45 2 91 24 25 96 58 37 22 25 20 63 44 19 98 12 1 5 86 32 91 33 94 71 20 46 17 56 38 37 3 
18 43 71 77 68 2 64 36 44 26 82 34 7 91 21 4 75 87 2 70 98 54 70 28 44 25 28 58 91 20 89 35 85 50 35 61 73 97 76 92 73 94 12 20 8 50 70 4 76 62 3 56 90 12 43 97 12 42 24 87 18 94 24 80 1 75 66 48 81 55 0 15 78 94 44 94 76 34 12 72 69 47 43 92 55 76 8 93 95 99 73 77 13 62 93 34 5 82 1 92 
50 24 17 98 81 81 97 88 48 30 77 53 83 81 22 75 98 99 66 36 84 47 76 46 36 97 32 57 15 22 67 66 57 27 14 59 43 36 51 78 44 4 37 92 50 33 1 15 39 41 96 82 9 30 95 67 35 18 17 73 41 44 88 91 70 25 27 88 55 66 18 29 71 21 6 28 69 59 31 42 86 33 23 51 64 49 88 92 10 47 5 74 72 79 85 33 37 25 69 72 
55 32 3 15 59 27 14 0 10 6 64 31 35 19 14 63 18 28 75 90 48 12 95 48 28 56 1 78 97 4 31 94 73 54 5 29 18 74 0 18 15 10 77 9 33 81 49 70 39 14 2 43 22 54 67 87 69 58 80 61 76 14 13 8 18 75 52 48 17 49 17 53 25 5 9 18 14 72 52 89 2 80 43 85 60 17 78 44 54 58 59 62 16 46 99 97 62 63 33 94 
8 21 92 73 88 4 92 13 32 90 28 2 48 90 38 30 42 84 63 5 84 88 33 80 82 36 78 41 17 76 67 73 99 94 33 82 20 90 58 2 28 71 56 59 26 95 81 44 67 52 35 91 92 71 30 29 58 89 89 24 31 27 30 76 81 83 25 84 72 25 28 5 93 95 64 6 50 7 2 38 21 84 16 19 47 84 38 72 79 21 81 90 87 27 31 70 35 72 66 43 
2 1 21 94 45 77 21 57 4 27 53 7 10 57 12 72 92 30 38 21 71 87 77 55 74 2 37 45 26 58 31 95 0 35 50 53 14 9 10 90 14 47 16 97 59 50 2 65 70 6 41 36 8 48 17 95 48 40 80 68 72 9 5 72 63 67 22 86 21 60 91 83 2 50 37 35 80 88 79 84 60 59 52 94 55 7 49 54 69 86 16 91 45 0 54 70 55 56 73 9 
38 34 1 47 66 9 87 61 73 31 14 72 15 34 70 17 60 77 2 77 1 76 98 46 39 48 21 53 11 58 67 22 25 14 58 90 68 87 67 67 89 50 19 77 51 94 91 50 58 74 15 70 43 1 41 49 64 76 26 18 37 19 97 73 93 85 57 19 45 73 3 93 65 21 59 42 28 32 3 81 7 21 36 6 65 77 22 64 17 81 2 91 7 4 82 95 44 10 3 76 
32 78 22 95 61 98 1 49 70 92 59 83 81 86 30 62 5 14 76 39 18 3 92 34 30 8 38 66 92 94 46 0 39 72 37 77 53 70 97 69 72 45 70 42 41 74 0 40 8 73 35 3 71 53 52 37 22 45 42 84 78 77 17 27 8 80 98 28 41 72 7 82 68 20 44 96 3 33 66 46 17 45 59 66 32 52 15 62 98 23 97 23 94 10 89 98 88 20 12 14 
73 74 36 93 60 36 82 63 3 83 25 15 82 8 5 57 12 23 60 64 16 39 3 13 84 17 80 11 95 32 79 88 52 92 3 76 85 34 15 13 93 50 84 50 21 62 88 85 9 3 75 30 62 49 21 61 79 31 21 3 49 15 64 51 71 47 37 36 18 17 35 61 48 73 27 53 23 72 84 72 37 99 97 86 97 96 74 26 96 24 85 42 73 58 26 85 38 99 76 77 
73 6 27 39 97 58 19 23 12 86 2 96 36 60 68 51 85 17 78 82 39 43 94 29 61 72 85 56 85 51 6 72 96 85 5 62 20 57 3 92 16 47 41 11 28 41 83 77 90 39 46 52 68 73 43 58 75 30 22 11 59 80 91 19 4 57 16 96 49 27 99 92 67 52 29 23 88 7 75 16 52 79 16 72 23 41 76 31 80 24 80 45 98 69 69 24 53 19 25 20 
40 32 3 87 64 56 59 87 47 94 58 88 38 45 59 98 35 52 82 74 48 5 95 40 24 75 30 17 99 90 2 26 64 43 60 73 44 76 14 2 18 13 23 73 61 36 36 98 22 78 24 85 46 82 36 19 78 29 38 0 69 15 70 94 82 73 57 10 83 47 74 58 41 49 75 87 97 72 5 92 86 70 78 58 88 22 61 62 92 72 31 4 29 61 22 17 74 9 95 94 
57 30 15 54 0 61 60 46 30 34 85 80 16 85 68 19 16 14 29 93 78 48 67 24 9 53 4 1 4 12 48 50 46 45 38 74 6 82 72 31 43 94 24 79 88 18 27 27 79 5 85 20 71 44 9 26 14 6 62 39 28 14 74 36 65 67 74 82 21 19 15 84 26 11 31 19 65 10 99 74 61 0 11 99 28 52 34 69 16 93 4 71 81 58 41 10 67 61 52 62 
91 53 71 19 69 38 9 49 29 36 6 16 18 94 78 70 89 78 97 17 90 14 28 86 25 25 91 94 77 86 55 74 85 39 2 78 65 50 91 34 82 85 50 77 5 72 22 21 82 59 98 26 18 52 32 18 70 6 50 46 52 23 67 67 91 6 44 39 14 12 67 16 45 16 42 9 51 78 72 56 55 14 13 24 14 88 40 93 81 97 18 16 55 75 96 67 16 22 15 40 
48 16 95 25 94 62 74 68 21 79 19 60 8 97 67 67 31 57 2 41 9 36 41 94 17 39 51 19 54 66 45 59 70 41 23 3 88 31 47 38 13 32 16 35 28 40 91 48 89 84 0 84 60 33 45 98 41 2 95 48 51 87 38 99 89 60 61 12 45 38 8 8 31 84 41 30 56 80 66 85 48 21 74 53 24 8 29 46 32 74 56 96 76 76 44 99 13 68 15 23 
63 40 82 24 49 76 4 14 84 29 14 35 35 38 62 31 78 86 10 53 30 20 91 21 13 66 29 97 90 50 20 96 31 64 3 3 41 35 77 34 60 38 5 51 84 38 94 52 22 35 79 71 15 34 83 61 38 29 64 96 36 49 5 2 89 15 21 30 56 18 54 85 15 36 51 19 25 7 29 59 4 26 40 12 67 64 12 6 6 12 70 64 35 34 25 63 97 36 96 83 
42 33 97 17 71 86 42 57 31 90 56 52 60 43 6 92 69 49 19 59 35 35 42 69 78 60 64 82 2 48 30 44 51 15 93 57 98 65 16 47 10 26 90 39 49 40 71 87 42 86 3 40 87 59 24 11 22 12 70 47 38 7 5 55 39 89 59 48 89 20 21 7 5 40 7 84 12 46 41 45 78 63 96 84 15 20 0 55 31 62 52 59 55 80 17 98 97 6 70 20 
24 8 79 19 61 83 79 27 13 32 64 43 69 23 54 77 58 25 3 31 69 37 9 68 30 39 68 12 54 70 34 12 35 89 64 29 99 32 7 29 68 72 67 55 11 2 66 18 42 27 8 4 72 94 42 7 18 2 76 9 11 47 16 16 5 34 23 16 69 51 86 96 81 86 22 90 39 25 11 55 77 45 3 2 75 8 41 92 69 18 68 28 29 91 78 72 39 87 49 60 
27 63 36 17 3 99 81 57 54 44 66 88 28 48 89 22 55 16 92 88 45 54 53 79 19 46 11 69 97 34 81 5 35 48 78 1 48 43 37 94 96 30 34 62 47 4 73 54 56 41 47 73 0 76 78 65 20 49 64 45 23 96 67 59 20 79 23 98 42 89 65 7 9 16 79 7 6 28 79 60 26 68 44 45 4 60 7 58 7 92 19 21 13 44 3 98 81 48 12 14 
66 18 49 66 37 89 29 32 93 69 8 62 81 37 25 46 49 59 12 63 97 26 15 65 19 48 94 98 87 42 79 67 56 85 18 77 28 62 73 2 19 90 35 54 8 11 22 70 49 29 82 14 38 24 20 30 76 88 91 31 10 38 22 59 31 19 15 39 1 39 26 55 50 91 52 23 65 46 61 27 99 1 44 48 18 53 67 82 77 53 23 2 57 0 32 73 68 51 88 87 
45 11 0 52 0 14 60 25 10 19 0 75 82 83 75 97 60 66 47 71 30 39 96 49 10 55 30 8 28 62 5 23 52 63 0 34 74 73 38 80 8 34 54 21 39 53 25 62 90 78 12 27 99 45 28 77 79 47 63 46 57 32 7 78 14 38 61 56 95 56 42 7 22 50 36 53 58 64 60 41 70 58 79 0 67 84 83 87 85 85 39 18 87 20 13 16 98 32 11 89 
5 96 76 60 26 52 85 11 50 79 56 0 1 34 55 85 4 3 67 13 80 97 31 36 8 55 24 69 70 3 75 23 66 29 53 23 22 48 37 47 45 64 67 65 51 89 12 93 64 95 2 25 56 2 69 28 26 44 79 65 0 65 4 25 63 98 64 10 19 69 89 33 93 95 91 34 91 67 50 54 24 23 52 86 73 45 15 70 99 32 2 32 97 86 10 15 96 55 14 38 
65 35 95 17 63 89 39 34 31 34 62 43 12 28 23 95 94 93 25 58 9 6 25 67 69 95 69 61 21 62 81 55 72 64 45 3 47 2 0 92 49 43 72 52 12 54 5 50 20 71 46 33 53 59 57 24 32 12 50 78 13 49 96 73 28 89 19 7 17 97 5 34 94 13 94 89 55 88 29 14 19 95 58 85 50 58 57 32 65 12 52 69 34 56 92 41 84 40 24 94 
5 79 66 83 50 78 74 78 66 58 4 15 99 4 1 19 42 12 89 48 57 59 32 43 98 0 87 33 33 1 64 10 58 95 8 31 36 34 19 91 85 66 53 13 4 62 8 28 51 37 66 26 32 47 45 1 6 32 40 95 71 48 71 21 45 62 62 66 14 34 29 48 8 17 40 68 9 90 74 78 58 88 11 92 46 89 39 19 14 17 91 69 26 80 6 37 22 8 8 76 
74 54 69 22 47 30 77 72 99 0 59 27 59 30 92 96 63 56 90 61 93 91 57 29 34 85 56 20 97 32 70 49 49 93 62 63 70 27 21 17 27 59 12 41 74 98 22 28 46 78 71 4 41 29 64 49 62 48 69 80 98 42 85 37 71 12 93 40 96 72 71 59 78 28 16 38 74 73 92 71 1 39 49 6 68 84 87 71 88 5 58 43 4 87 96 25 44 22 8 70 
34 2 8 86 47 91 43 21 49 38 70 44 30 52 16 9 43 11 43 30 18 51 61 16 53 55 63 31 8 64 85 87 44 29 18 55 61 19 66 1 77 86 5 97 42 49 97 3 18 11 62 98 1 39 45 90 63 77 91 4 6 1 60 5 38 72 7 84 51 12 80 48 23 85 88 45 81 57 7 30 33 24 51 11 84 12 39 39 75 90 91 25 83 18 95 55 83 92 19 59 
86 59 45 73 35 74 55 4 94 89 94 8 15 93 95 5 89 71 33 82 48 70 23 76 23 26 52 48 65 52 12 98 34 72 49 72 84 2 22 86 67 52 63 11 10 74 57 12 2 7 78 59 32 68 92 71 10 63 86 50 90 29 56 19 39 54 41 57 28 88 82 39 86 11 16 90 48 28 13 68 84 1 55 86 57 44 13 20 36 50 78 36 15 38 99 36 8 98 64 56 
9 65 6 39 8 49 52 49 50 91 83 37 31 61 71 35 12 31 46 1 88 5 39 98 56 32 31 67 91 23 91 77 24 0 11 99 93 15 92 4 87 2 64 51 39 14 94 23 1 69 64 93 99 0 41 48 9 11 58 91 70 70 20 80 21 70 55 93 72 9 90 23 53 82 67 39 12 49 88 80 84 5 14 68 65 35 84 74 57 74 27 52 98 39 81 74 4 95 12 62 
11 90 29 86 90 50 12 31 53 9 14 23 41 60 92 70 54 60 97 52 9 33 99 66 31 85 62 45 28 30 66 83 12 75 50 93 31 7 64 52 3 63 91 85 35 61 39 38 70 90 35 70 21 74 45 73 28 88 82 66 34 43 11 94 48 3 55 24 60 57 2 67 75 70 67 8 87 13 69 78 88 27 19 64 37 86 81 53 87 22 53 94 18 39 21 1 95 7 79 7 
81 11 78 98 46 11 19 25 1 59 48 62 54 63 92 58 89 72 36 78 70 76 47 31 28 98 80 6 33 74 79 54 54 22 97 39 71 30 18 13 69 48 48 60 78 16 62 85 61 2 12 92 50 41 69 95 0 75 18 15 41 49 13 94 18 17 66 13 0 54 96 99 3 72 88 41 45 59 65 31 88 56 31 99 95 90 13 89 22 31 77 63 41 4 96 33 75 64 9 7 
91 71 82 22 98 62 64 73 42 59 98 29 95 91 53 39 17 58 6 60 65 34 40 49 19 30 4 65 71 37 95 47 38 63 31 44 7 91 84 24 59 1 20 64 26 67 17 85 91 35 1 78 94 27 8 75 68 79 46 28 79 86 3 84 70 63 27 72 2 70 1 95 22 36 83 99 9 19 43 71 67 1 44 22 53 26 20 40 80 92 21 48 86 63 57 6 87 34 14 26 
71 56 14 48 29 30 4 81 95 91 27 34 27 29 46 56 78 56 96 76 22 69 25 28 38 69 57 29 24 22 1 78 58 40 31 17 42 79 58 8 22 33 10 75 60 83 12 60 21 81 69 11 60 97 15 23 61 72 20 41 54 39 87 84 95 59 73 28 65 0 81 59 8 3 43 29 57 14 5 62 57 40 81 9 32 25 41 3 40 51 69 54 86 14 37 12 29 21 71 47 
72 37 41 57 98 97 26 59 12 67 53 38 43 10 54 66 11 89 86 19 43 22 41 88 98 71 42 46 65 41 37 1 37 21 99 84 88 56 67 67 87 41 44 84 95 46 88 7 41 16 55 7 58 15 51 88 38 89 86 22 59 44 92 13 38 41 42 63 58 24 87 48 84 97 63 72 77 41 58 26 33 26 86 15 60 91 91 0 60 72 17 56 19 25 3 13 89 12 55 70 
11 56 18 65 37 51 21 95 9 63 88 48 41 28 10 43 47 61 65 5 82 82 12 81 76 24 46 56 43 39 81 25 0 44 34 80 86 6 23 59 62 87 78 30 15 22 52 39 29 71 90 48 98 68 6 75 44 19 45 2 19 50 28 5 69 57 25 20 77 94 35 85 30 93 73 62 12 31 98 99 43 9 25 71 34 41 31 3 57 96 1 3 11 96 64 60 78 71 58 13 
52 37 23 46 23 7 96 66 24 36 66 3 77 72 10 84 54 67 48 78 40 47 93 83 77 21 18 63 75 2 10 83 29 44 11 60 74 90 15 96 47 76 64 12 70 28 94 93 92 34 12 26 33 41 46 62 82 26 81 66 92 5 35 55 58 54 81 97 66 49 43 38 44 12 99 36 52 20 40 76 87 59 3 93 63 18 59 92 26 35 37 38 84 76 3 51 28 57 15 76 
73 25 71 79 21 32 67 36 1 65 52 68 10 46 34 2 12 93 80 26 13 95 35 61 92 88 58 60 66 69 88 28 17 5 35 2 12 79 32 85 18 90 82 45 38 22 44 28 14 55 33 46 14 79 50 37 8 85 91 38 98 67 69 71 43 83 15 25 62 86 83 41 55 92 27 6 51 8 65 97 58 99 23 1 75 51 18 44 80 86 2 38 22 78 57 68 15 55 36 63 
46 44 71 78 88 11 27 25 65 47 62 12 48 30 97 44 6 62 72 16 71 51 39 78 7 96 44 35 17 67 69 32 14 37 72 83 72 58 0 69 99 72 21 97 80 59 79 85 92 24 35 32 39 14 59 12 57 62 51 0 85 96 63 76 16 71 30 59 25 89 44 6 43 75 65 88 33 71 42 38 17 38 31 19 18 49 97 54 12 82 60 7 10 64 9 43 38 8 78 96 
41 65 66 68 55 71 35 5 9 90 33 49 36 96 41 23 37 68 69 54 16 16 82 52 33 35 79 45 6 68 80 93 9 54 54 88 64 64 77 16 58 83 80 96 43 81 76 3 8 96 67 95 48 48 86 43 86 13 89 91 77 64 94 2 32 63 73 64 1 87 90 5 21 22 20 22 64 66 8 35 27 28 28 56 93 84 42 40 17 5 0 91 50 32 38 23 4 45 98 57 
68 92 38 73 89 24 71 35 32 14 37 43 81 2 0 51 3 95 77 84 30 31 51 54 91 95 95 72 35 55 18 0 72 90 50 66 44 41 28 43 83 82 92 67 7 59 9 91 2 99 79 29 45 48 58 21 70 69 6 45 58 58 95 51 84 82 9 17 48 69 28 54 85 46 96 63 66 85 61 88 50 13 69 16 5 56 50 30 24 32 41 58 21 26 43 39 49 27 0 39 
23 42 57 8 13 41 34 35 31 40 71 50 6 72 90 66 39 26 34 55 65 45 34 40 32 70 18 89 15 42 97 94 39 7 10 73 12 95 16 72 69 88 68 53 71 4 82 81 27 7 94 98 37 31 45 33 47 42 82 92 33 35 38 60 20 78 96 89 63 25 53 40 31 35 90 5 49 31 50 15 73 18 27 65 55 68 61 66 9 4 85 71 57 33 90 63 12 47 29 24 
15 71 78 92 20 96 56 47 76 27 21 67 96 88 40 55 72 92 30 16 16 21 46 52 41 61 14 13 46 80 43 14 55 32 89 97 25 25 91 49 28 24 55 56 5 52 17 71 77 64 0 73 50 4 70 54 82 62 33 1 73 46 46 60 6 97 45 1 58 51 73 16 17 15 5 80 61 87 59 47 92 68 8 11 16 99 0 65 40 73 95 67 30 96 57 92 95 46 98 6 
15 41 17 53 22 80 86 54 10 41 73 14 13 79 21 20 69 30 60 5 83 53 81 35 73 79 72 11 83 46 65 91 12 71 55 94 96 58 38 10 20 5 43 4 38 62 3 6 87 26 87 58 46 87 62 40 82 26 67 82 38 93 20 83 84 95 60 41 27 77 1 92 77 11 5 81 1 72 10 88 64 59 59 76 35 50 42 40 16 3 99 99 28 40 2 32 56 99 51 28 
3 59 40 28 55 97 32 73 72 58 27 69 17 4 39 43 92 39 49 3 96 86 62 92 93 27 76 97 68 51 60 21 87 13 82 30 48 8 47 76 25 55 2 3 14 49 24 39 62 10 8 79 23 24 39 56 72 53 4 86 16 88 64 18 9 74 16 58 66 99 83 51 36 60 73 57 79 84 0 12 61 10 38 37 18 9 47 82 46 75 73 27 16 57 45 49 67 0 56 52 
78 28 82 56 87 89 46 47 83 10 58 10 40 76 20 93 60 68 20 32 63 40 68 60 35 44 74 45 98 39 17 72 67 63 34 16 61 53 16 73 92 34 2 46 21 35 96 79 44 42 37 29 7 53 32 41 30 10 56 34 78 32 36 23 75 13 7 24 41 17 12 47 52 70 49 30 94 72 68 44 17 42 87 29 66 9 73 78 74 89 17 76 78 43 15 59 92 62 11 66 
52 72 84 69 64 38 58 72 20 30 72 82 16 21 37 56 95 61 59 23 28 57 20 63 48 59 49 22 31 29 4 68 86 99 50 84 16 35 1 14 31 74 62 7 29 71 99 30 60 17 19 48 7 62 10 23 2 57 62 26 56 47 86 48 38 69 54 18 47 65 95 66 58 96 64 45 32 59 65 7 87 12 44 6 78 94 10 12 25 40 75 13 19 51 71 60 42 79 98 16 
55 35 3 35 43 75 58 42 17 93 68 3 45 3 18 63 60 84 20 54 73 1 31 29 91 22 49 91 32 49 85 39 50 98 29 24 88 15 90 57 67 22 91 7 70 37 90 36 62 70 52 38 38 23 74 44 30 75 23 57 45 54 72 93 1 45 26 75 38 81 30 61 16 2 23 33 1 55 35 62 76 29 31 18 79 47 40 73 46 39 74 73 57 94 85 36 60 73 88 91 
73 89 81 48 18 60 66 98 15 52 89 52 50 48 56 47 97 37 94 80 36 14 93 93 80 62 6 74 67 89 58 8 77 18 4 57 46 69 38 19 93 49 17 37 48 51 75 46 25 16 28 13 52 71 84 28 94 42 50 29 13 74 85 94 65 1 90 8 27 73 63 74 49 22 46 99 25 40 81 29 1 60 28 68 29 27 27 26 82 69 54 40 48 80 3 17 31 30 87 5 
75 22 43 45 35 74 28 65 18 89 73 18 97 11 12 57 93 69 51 67 33 44 88 91 2 2 51 77 97 52 11 36 24 75 96 11 9 62 48 78 55 78 67 60 59 58 23 40 18 94 59 28 3 51 15 17 60 9 50 6 28 39 3 33 59 66 50 47 94 1 49 0 80 32 88 2 33 88 65 93 33 37 68 19 20 37 60 72 61 76 30 68 52 57 98 84 20 0 39 99 
85 68 3 6 25 10 75 94 36 75 39 8 90 43 37 85 12 34 42 87 31 52 1 60 40 23 61 86 67 92 49 74 47 22 10 20 41 18 40 47 20 83 72 93 57 27 6 66 14 71 9 46 48 96 87 12 30 15 83 21 44 63 7 48 16 56 99 50 1 65 11 73 77 5 89 5 21 19 91 3 28 96 69 45 9 69 82 18 28 5 84 54 18 8 22 61 95 77 25 17 
30 69 61 16 31 53 72 82 27 12 89 2 60 84 27 65 66 47 32 36 47 81 12 98 6 96 73 17 26 90 9 91 69 90 37 20 45 30 35 46 35 16 39 37 19 64 14 68 91 5 61 96 99 62 80 15 48 70 60 24 19 55 93 61 53 92 36 93 85 33 18 31 61 43 57 10 84 28 59 99 40 63 99 52 4 52 55 51 68 15 87 50 87 87 87 95 97 49 61 75 
85 13 55 91 5 80 76 91 37 50 80 86 24 83 92 98 45 84 73 64 78 55 75 31 14 95 59 14 72 8 64 74 18 79 12 28 91 24 34 51 64 69 95 38 73 62 32 21 15 78 26 32 41 21 19 3 56 42 7 48 67 23 73 62 59 98 13 92 22 75 18 22 18 79 84 45 37 47 49 44 74 81 71 78 10 86 95 67 33 21 21 83 94 23 97 44 86 95 76 82 
63 8 93 71 59 97 49 49 53 48 93 53 50 94 60 42 21 61 56 21 4 7 25 81 49 75 51 22 81 50 51 78 94 7 65 32 47 30 60 73 44 89 51 3 11 44 67 47 98 35 65 98 2 5 61 92 48 23 67 34 93 2 45 80 47 65 89 36 14 11 13 88 20 35 96 78 25 48 70 31 17 35 99 63 23 43 11 11 26 85 86 78 78 79 99 64 10 10 98 11 
59 63 62 16 75 54 39 62 31 81 0 17 78 62 44 10 71 72 43 49 40 51 27 24 60 71 76 94 22 81 99 89 55 31 61 92 94 93 4 71 38 8 90 5 60 92 66 69 17 0 55 36 66 85 54 70 99 52 36 14 44 59 48 99 6 54 89 36 77 0 63 90 26 53 62 47 68 40 76 35 39 61 45 47 32 60 76 82 90 22 35 48 56 95 77 31 92 93 55 47 
48 5 97 97 75 27 71 80 26 30 63 68 11 76 32 74 54 87 80 23 2 10 90 8 22 50 31 46 25 0 94 43 14 5 97 5 36 67 94 50 42 28 58 91 18 28 33 93 31 88 98 89 71 27 12 82 62 92 97 36 20 50 38 92 37 75 3 62 99 0 9 90 43 67 73 66 76 87 26 92 88 56 38 76 37 50 41 11 15 28 11 94 67 75 11 4 99 61 96 13 
54 47 87 49 15 98 65 80 41 13 54 11 66 25 25 43 8 75 10 17 75 74 50 6 84 69 2 12 33 51 3 32 30 15 56 21 24 3 0 57 36 95 82 38 22 39 90 84 63 21 82 38 84 88 37 30 32 10 58 28 95 42 64 97 55 37 81 56 59 42 25 85 23 73 72 10 43 78 78 27 19 69 81 92 75 63 40 52 74 70 92 12 24 70 60 14 33 69 13 76 
96 16 29 16 64 82 83 45 92 32 44 26 28 18 60 85 31 74 40 26 8 78 38 77 82 10 22 61 31 94 68 63 94 1 50 39 60 47 67 80 56 32 88 38 78 29 98 31 94 62 60 71 36 21 66 13 83 15 54 73 90 80 59 39 3 76 31 4 14 15 73 64 44 16 22 87 61 85 35 68 18 82 36 3 95 8 68 98 92 8 41 58 23 61 89 14 89 97 32 28 
0 59 72 31 48 29 71 94 4 27 12 7 48 92 49 41 29 43 34 18 29 22 14 52 71 50 94 79 41 30 22 28 28 74 36 95 48 22 70 77 41 19 56 16 16 24 89 99 14 13 82 51 70 28 77 90 21 62 2 38 31 9 84 18 75 81 98 19 12 55 31 57 2 84 27 75 38 19 63 60 66 3 92 15 70 7 18 10 24 27 70 47 87 78 74 79 61 24 17 18 
23 30 79 19 96 35 13 11 18 61 16 4 32 84 34 16 47 47 34 12 35 5 81 42 56 22 33 60 34 70 45 54 22 84 49 45 27 39 31 6 11 1 10 43 37 53 46 41 95 7 64 94 47 45 84 11 4 68 72 4 86 11 67 70 1 36 57 53 38 25 56 52 62 4 80 22 69 65 23 90 35 24 33 57 56 51 18 54 17 82 55 54 40 65 57 26 72 72 60 90 
79 44 61 91 0 6 78 51 88 97 58 15 38 5 99 65 94 54 87 91 68 1 19 24 94 37 26 30 35 88 97 36 32 5 45 84 6 49 97 39 26 85 2 84 66 35 45 46 61 74 87 18 16 75 47 53 42 58 35 42 73 89 48 38 50 71 36 3 19 20 76 62 46 88 71 77 93 69 52 33 28 89 43 88 75 92 67 17 88 14 50 34 91 51 73 74 89 35 90 73 
26 9 32 29 21 55 5 26 53 40 58 16 72 32 78 27 75 79 51 56 2 53 58 62 82 25 45 23 8 9 60 64 2 81 59 78 88 25 77 11 96 52 70 93 1 98 4 52 70 73 84 10 27 8 12 98 87 36 79 93 37 64 57 65 76 43 99 47 24 99 50 28 58 16 76 86 99 1 66 24 30 50 61 15 38 7 22 94 41 51 4 60 74 61 53 13 96 7 36 74 
40 96 21 89 33 84 13 89 14 81 35 21 48 61 91 75 16 33 66 87 59 43 91 32 56 19 21 27 98 63 32 29 87 97 40 87 63 54 23 24 65 71 43 69 99 62 25 94 45 94 44 95 12 24 24 82 55 15 20 6 69 5 61 83 80 70 93 32 14 55 97 49 14 91 51 79 85 87 91 40 45 88 86 51 89 17 31 80 43 48 78 36 83 65 10 0 44 42 92 82 
32 98 68 51 15 20 82 7 20 5 65 82 71 37 18 40 2 82 21 67 67 75 48 16 2 24 76 15 35 65 7 43 90 96 50 18 69 27 20 60 77 66 68 82 53 53 28 25 79 89 45 80 76 12 8 94 71 62 66 94 49 13 40 73 43 8 66 70 71 71 42 96 12 22 95 9 17 9 94 53 72 47 31 85 18 30 5 65 25 70 36 36 81 83 87 11 1 60 85 91 
95 5 22 18 69 1 58 92 96 28 62 22 80 7 56 20 17 58 72 11 86 12 82 37 69 34 70 8 94 92 22 65 43 1 31 14 11 70 10 94 94 32 35 11 96 90 71 83 61 15 11 59 25 62 49 25 47 43 43 70 3 82 33 44 92 26 94 20 55 5 82 78 14 94 46 11 60 99 40 8 46 14 49 21 69 29 56 97 56 85 17 48 32 79 90 8 54 0 5 20 
38 55 18 38 34 80 54 68 68 36 40 26 67 54 7 22 31 36 4 79 8 50 69 10 1 78 6 5 77 72 15 50 13 44 7 1 64 14 51 73 36 81 90 0 57 60 67 4 43 9 4 64 47 58 66 72 85 76 8 84 81 78 72 59 27 35 16 58 85 43 18 2 31 87 90 28 88 83 75 24 92 48 76 76 24 19 40 66 82 16 0 87 85 45 85 45 7 1 21 35 
17 4 33 43 42 82 81 5 32 60 71 90 16 94 88 76 92 66 51 8 70 44 99 95 14 26 25 57 68 85 46 55 80 61 71 5 78 33 85 23 65 23 89 23 41 99 21 82 7 21 84 94 86 48 96 17 96 28 89 24 11 8 92 6 97 97 65 38 96 17 5 78 98 59 23 61 12 82 94 20 61 0 90 36 82 57 31 95 95 52 3 24 60 62 70 12 97 56 45 47 
15 81 14 26 49 13 1 58 93 76 11 77 18 75 78 63 33 43 89 39 79 22 89 19 23 82 73 25 44 72 34 20 34 82 70 27 36 20 37 48 4 16 17 36 74 41 18 85 1 45 29 88 83 17 98 20 60 40 99 98 70 2 20 58 72 52 40 1 11 73 13 17 48 15 70 87 32 50 12 27 64 16 59 13 17 10 39 18 86 53 99 49 47 61 48 43 38 26 68 9 
4 56 73 32 51 24 73 45 97 79 88 66 91 15 96 56 87 60 51 55 3 9 94 95 47 22 61 77 56 16 47 33 42 8 83 41 87 4 39 62 77 64 32 24 66 39 35 20 42 24 2 54 29 39 90 21 45 80 95 38 42 44 76 62 20 61 9 43 57 87 94 17 16 28 66 75 65 59 52 73 29 41 21 23 73 12 66 73 22 89 15 60 28 31 3 17 75 4 10 84 
77 80 41 96 29 20 66 74 11 92 31 19 38 48 63 14 62 39 82 33 94 25 48 90 33 16 53 80 43 49 75 95 82 32 29 42 34 79 38 24 86 90 69 90 87 68 80 67 10 5 75 47 13 25 46 19 62 68 93 69 0 67 51 88 98 62 17 72 17 70 52 47 88 80 9 54 38 50 52 98 47 2 60 61 35 81 61 61 43 74 39 35 53 51 82 87 99 35 9 60 
35 44 71 10 2 99 4 75 84 34 20 79 30 29 65 85 51 72 2 43 52 84 16 89 20 84 72 73 50 86 21 51 16 82 88 97 99 86 17 54 92 15 87 26 63 27 94 97 90 75 9 5 57 30 95 49 47 43 58 0 99 60 82 21 55 52 86 76 9 94 92 17 97 46 18 39 6 75 64 40 16 85 12 7 41 49 24 26 55 28 99 45 50 40 63 47 54 77 81 95 
38 78 49 61 34 6 67 98 71 62 71 86 97 91 77 53 9 17 96 32 36 58 83 64 22 51 80 67 47 10 81 86 20 3 21 83 81 96 60 4 57 83 17 43 73 5 59 35 54 85 81 11 45 49 31 62 60 61 30 22 75 90 91 61 73 41 19 73 48 75 9 35 49 7 24 83 15 62 74 89 17 14 98 39 48 6 86 93 92 5 52 17 46 14 10 85 33 3 31 93 
79 60 24 53 51 77 51 78 37 86 71 4 33 99 40 92 43 89 56 95 66 0 30 91 72 5 31 68 26 41 90 33 64 91 43 36 91 78 7 32 49 98 89 46 17 17 13 10 31 17 10 18 50 65 29 79 36 8 40 35 94 85 75 51 86 31 34 78 77 34 42 81 4 70 97 68 72 80 68 1 52 67 79 0 0 29 88 83 56 26 55 99 3 32 42 2 68 0 55 22 
8 76 22 93 21 1 25 39 23 75 65 70 46 39 19 88 87 59 59 38 54 20 56 82 35 93 91 42 71 47 64 23 69 9 55 69 58 80 67 73 46 30 81 55 60 56 19 50 40 0 75 12 87 6 45 94 27 13 3 58 59 72 76 59 96 80 23 75 5 19 75 36 5 51 31 25 40 98 58 65 75 68 74 68 51 59 92 21 66 19 2 36 64 70 4 49 81 10 28 9 
28 89 95 75 16 75 47 85 72 74 12 67 56 18 15 72 41 44 92 5 66 37 22 95 53 90 23 33 0 58 46 69 57 82 73 85 14 25 2 33 41 76 53 99 39 51 91 55 95 52 2 65 21 39 45 51 35 8 65 31 17 93 95 85 28 51 12 80 88 86 83 39 6 27 14 57 63 2 48 14 47 96 73 4 12 39 94 25 19 87 26 47 15 59 41 51 15 72 13 87 
82 93 86 33 29 68 86 53 53 20 5 7 6 12 85 8 11 82 5 27 15 51 67 97 95 35 96 97 92 76 67 82 92 84 56 49 4 2 94 11 57 56 30 31 48 63 47 44 70 66 63 74 71 14 71 17 17 81 46 82 5 20 30 25 98 71 44 50 33 54 85 8 75 71 0 42 52 97 94 96 32 55 59 46 41 77 55 24 53 59 93 98 0 51 54 56 35 7 82 32 
18 72 39 66 91 65 70 37 4 95 58 96 27 25 30 88 11 2 58 80 34 74 80 68 30 42 16 31 24 88 83 23 63 95 60 94 76 81 41 2 86 53 63 92 1 87 90 78 39 9 84 2 10 5 64 86 82 85 55 90 10 81 98 51 50 55 85 13 60 67 23 94 91 30 98 48 55 29 69 61 87 6 33 87 47 38 12 71 14 35 8 21 82 59 95 76 86 5 41 93 
85 12 74 38 43 7 10 9 45 16 39 78 52 24 30 13 2 65 36 79 20 32 2 28 59 73 50 22 22 57 20 56 48 48 30 53 38 87 11 69 42 16 82 72 33 87 30 74 83 87 60 99 97 13 29 64 72 80 56 49 11 14 7 36 36 78 1 90 7 67 38 73 12 72 92 14 36 44 17 80 49 12 53 13 45 34 41 95 76 76 76 45 73 33 81 19 55 79 13 39 
20 35 90 14 29 69 44 14 67 99 99 25 18 55 62 42 68 42 19 6 44 32 90 66 67 34 18 4 59 71 1 47 15 98 64 98 98 30 55 7 67 15 85 48 88 36 44 70 5 46 70 98 36 92 91 1 23 88 55 74 61 13 46 34 33 24 46 19 3 56 88 65 20 9 7 9 48 57 69 46 34 38 98 18 32 78 10 68 35 59 54 27 57 37 7 80 18 7 54 79 
84 50 83 24 38 92 27 43 38 15 51 84 65 40 68 61 0 79 28 89 8 72 10 78 99 52 20 0 85 92 3 4 0 61 25 20 76 65 35 76 18 25 18 2 83 31 7 45 55 66 3 78 10 39 44 55 91 38 33 77 52 22 98 29 33 9 44 85 56 19 50 43 35 37 36 74 72 9 67 61 74 8 73 57 17 95 70 2 52 50 7 20 5 90 6 42 13 21 19 55 
36 35 17 64 23 75 59 18 55 35 0 88 13 24 81 4 5 1 31 15 64 85 45 42 69 55 59 42 93 66 31 94 45 21 10 8 0 8 11 40 58 24 15 20 20 68 24 69 21 8 36 70 53 78 64 19 36 23 82 51 44 51 14 34 15 4 68 57 7 8 98 86 75 49 51 32 91 36 37 67 14 57 47 92 35 6 90 63 37 98 26 32 92 29 11 4 81 5 52 12 
36 22 2 99 3 41 9 48 13 97 0 78 72 16 94 87 48 89 98 15 38 6 39 37 15 87 42 66 81 3 88 89 98 39 18 19 46 21 16 8 23 63 10 9 51 72 69 80 47 82 69 81 9 96 97 94 79 58 8 49 89 31 63 85 26 18 87 18 40 0 28 69 46 85 2 10 11 73 19 76 39 85 33 34 55 10 37 52 34 14 16 14 50 16 93 46 41 32 24 72 
60 83 65 33 59 88 60 88 79 57 24 29 53 72 29 15 52 44 26 73 16 66 90 51 44 7 87 70 13 89 93 49 15 94 4 89 61 3 44 20 88 17 92 9 5 20 41 27 80 54 88 34 19 98 31 54 54 12 16 63 99 72 34 21 22 16 88 73 3 71 63 44 74 8 91 2 63 88 33 5 86 51 12 63 17 7 50 46 70 26 12 91 10 5 32 92 27 58 85 70 
52 40 64 1 77 3 86 10 14 66 46 19 24 39 49 5 76 93 67 14 46 5 72 92 80 89 50 95 86 51 92 78 1 97 44 31 69 5 69 48 68 58 32 72 48 79 43 46 46 96 55 16 43 95 83 28 91 60 96 64 57 84 68 51 94 34 9 38 30 36 90 15 15 73 89 60 15 19 99 32 96 98 88 7 57 97 29 2 48 33 59 32 30 36 65 15 59 25 77 59 
