7 44 99 29 72 94 91 19 52 70 52 50 81 22 61 3 88 74 54 6 7 61 66 0 2 12 32 56 80 43 48 96 85 34 71 85 38 47 25 45 61 29 30 71 15 66 39 92 3 72 67 44 80 72 61 62 73 4 12 33 92 39 24 51 52 70 11 95 35 25 24 70 72 19 90 85 56 30 72 90 12 35 3 36 62 33 33 16 11 31 9 93 52 70 63 90 64 71 50 55 
2 38 95 54 91 21 51 27 21 96 83 13 53 28 23 18 38 52 13 24 56 2 24 98 68 35 93 79 48 14 16 9 98 30 62 61 24 70 93 49 14 45 45 45 7 7 18 10 77 14 77 80 47 16 48 23 36 4 56 85 70 34 65 49 36 21 89 51 47 63 57 18 55 7 68 34 22 51 76 12 1 75 14 79 33 62 37 60 72 25 74 4 60 88 78 52 16 2 21 16 
42 52 45 52 87 78 14 25 49 96 41 40 18 98 91 77 94 87 43 85 75 51 10 63 23 60 2 8 57 77 13 49 92 44 24 82 4 34 55 64 78 40 26 27 94 88 84 1 14 64 43 86 2 42 77 28 99 21 42 22 65 87 33 72 48 40 15 25 88 22 37 29 63 96 98 51 75 24 86 73 81 20 76 3 30 65 94 90 95 3 64 51 30 48 26 43 67 95 76 75 
40 62 90 98 1 11 89 14 30 91 27 84 19 40 79 24 80 65 61 77 93 60 66 33 33 47 47 16 41 94 54 45 48 83 18 45 56 15 28 22 15 16 22 86 55 36 78 86 39 21 22 81 7 69 40 54 38 17 64 81 34 72 93 31 51 57 71 80 27 64 66 41 38 32 60 4 54 7 68 75 6 58 34 26 90 33 0 16 97 93 26 88 41 26 30 42 79 59 11 9 
20 75 55 77 27 15 11 52 16 10 98 92 0 72 64 69 62 78 64 37 45 88 88 59 67 75 0 72 10 6 78 39 73 52 40 60 29 12 54 51 45 60 82 22 62 2 57 96 51 20 71 51 12 53 86 77 85 96 95 95 13 89 54 73 63 22 24 29 46 80 13 17 44 30 63 63 52 24 35 32 48 68 26 40 36 81 69 58 65 57 40 1 72 41 37 17 70 6 7 7 
64 46 93 3 27 15 77 97 18 60 68 30 55 17 24 3 18 40 59 86 87 49 50 32 95 1 2 74 78 47 22 68 92 83 73 87 72 36 57 23 24 99 4 40 70 93 61 20 42 1 31 41 1 21 73 6 73 14 66 12 71 78 87 67 21 34 81 51 60 37 25 84 57 12 97 16 98 37 22 87 75 80 94 3 21 12 14 65 56 4 92 31 72 91 57 8 33 16 86 9 
11 53 8 46 22 36 53 72 46 23 89 16 43 67 46 20 36 19 76 92 6 62 24 99 6 33 77 75 62 57 3 39 48 40 83 84 79 22 84 94 60 43 41 67 88 56 22 68 3 62 87 91 76 25 46 81 37 44 89 72 25 20 60 52 29 52 64 58 40 24 16 29 50 81 15 16 7 15 38 91 15 20 8 78 37 0 59 7 61 89 28 16 30 82 30 23 48 58 22 44 
5 38 87 56 2 79 45 23 16 57 91 33 35 93 21 21 51 40 2 42 13 52 90 73 69 86 60 98 38 57 90 66 89 1 12 57 2 4 58 61 83 65 16 3 97 74 45 68 60 64 99 46 67 12 4 24 22 56 46 16 99 3 31 64 65 57 84 43 38 78 78 20 31 64 66 7 3 15 53 83 30 73 15 84 61 70 21 69 20 54 92 85 70 8 1 94 26 89 74 90 
4 14 90 5 1 54 67 51 27 87 15 82 11 39 93 46 8 53 90 53 48 14 87 9 25 73 16 28 13 58 98 10 62 15 37 5 57 74 29 41 42 55 98 25 7 5 89 26 56 42 53 38 78 80 22 60 74 94 57 18 61 95 16 43 46 45 95 22 79 69 68 15 63 74 94 24 44 23 36 83 53 13 16 70 70 37 6 42 30 18 99 69 17 73 37 97 22 90 33 10 
3 62 78 75 4 25 92 40 64 90 45 72 86 93 46 8 0 9 58 59 13 22 10 63 20 72 44 80 63 56 46 36 49 46 37 59 51 8 75 15 33 38 40 19 80 7 68 59 99 59 6 44 7 69 87 69 59 15 30 97 44 79 26 15 24 24 96 98 25 18 87 75 65 42 22 43 63 98 73 85 52 28 26 99 36 16 21 4 46 94 37 18 11 16 62 81 25 73 52 28 
50 39 1 26 65 83 70 64 95 35 77 57 63 95 39 89 59 6 0 63 9 46 83 80 10 47 65 17 96 41 48 81 90 13 84 26 88 53 8 38 76 13 93 99 56 13 40 47 73 80 5 29 32 15 32 88 94 79 47 19 73 51 68 53 73 69 32 78 12 11 36 81 78 49 60 83 7 77 73 35 10 62 79 32 82 16 22 72 15 72 76 99 76 4 80 44 66 34 2 69 
99 29 39 77 36 50 46 61 48 88 59 87 6 39 26 51 52 42 43 38 65 16 53 85 76 3 25 14 42 86 45 5 30 20 4 78 27 49 47 69 26 22 97 61 1 51 79 77 82 89 91 81 72 52 5 57 2 93 58 27 41 61 41 37 9 68 4 32 99 34 56 27 46 26 95 19 66 0 65 56 0 96 40 0 63 83 53 71 66 29 80 7 39 88 99 97 24 32 85 19 
96 84 24 3 64 60 78 56 50 71 72 47 58 75 12 61 7 99 79 71 0 4 33 50 16 86 53 5 51 77 41 87 74 4 0 77 56 85 8 64 1 83 84 90 87 15 6 59 40 48 66 82 92 18 40 13 55 65 69 25 49 79 44 49 84 21 90 18 49 9 68 99 3 38 14 41 76 8 31 22 2 39 47 74 45 14 34 86 10 22 7 37 35 49 41 47 51 88 32 4 
29 8 43 84 76 32 33 9 70 89 74 10 69 36 28 72 53 72 61 27 35 84 86 73 9 11 92 27 39 12 26 0 94 68 3 45 11 82 10 12 58 67 3 51 20 90 68 13 26 17 76 22 23 28 22 45 27 94 37 95 8 26 30 19 69 16 27 2 38 0 7 87 91 57 62 37 36 14 59 83 97 45 15 29 37 97 23 82 61 66 25 97 62 22 66 51 26 86 72 73 
51 85 50 54 36 16 72 24 37 11 54 52 49 27 58 98 43 49 30 58 6 38 18 3 36 79 50 46 28 18 4 47 51 61 23 50 12 40 36 4 79 6 32 71 56 8 62 83 7 72 74 2 75 27 91 55 4 1 92 91 89 62 73 8 41 46 72 89 60 68 31 97 86 82 1 39 40 72 63 35 70 43 83 55 68 56 25 24 8 85 66 29 43 71 3 72 31 74 75 5 
40 44 47 60 85 80 97 6 46 46 7 70 72 98 82 7 41 94 18 46 29 83 71 18 11 12 29 24 59 77 68 12 32 21 54 11 10 0 53 71 6 62 20 36 25 24 86 64 30 76 9 25 50 7 36 97 1 50 99 78 75 76 13 44 36 91 64 72 59 61 60 46 68 29 73 17 9 74 7 49 30 19 87 97 89 19 52 54 5 68 73 16 24 46 72 44 3 21 67 57 
5 43 7 95 4 27 47 25 75 51 54 65 19 75 79 94 4 82 35 25 38 80 88 16 29 56 33 7 74 52 1 52 20 84 9 30 1 11 0 72 76 20 26 98 31 71 93 52 84 10 33 98 98 78 59 92 45 66 10 47 41 0 46 39 83 9 42 43 73 78 7 38 4 68 55 19 83 44 17 67 93 39 87 41 7 31 14 19 95 23 81 55 16 52 60 68 8 5 78 46 
14 63 13 99 19 72 97 76 14 1 16 71 63 3 0 70 2 11 89 76 9 36 53 39 63 4 81 18 9 10 50 63 72 43 48 31 85 68 41 5 18 59 33 97 62 19 1 54 11 65 37 5 85 32 91 59 69 93 92 1 75 92 21 35 85 70 83 11 65 15 66 54 37 9 20 35 93 33 16 39 77 14 17 13 24 36 58 87 4 63 18 97 94 8 80 52 8 67 70 9 
33 30 81 19 5 48 78 18 33 81 0 90 2 53 2 8 97 24 42 79 26 33 30 50 25 70 77 51 16 34 2 3 91 20 57 16 4 47 18 71 58 19 66 88 36 87 11 94 46 67 27 7 48 92 12 36 66 49 58 57 38 13 54 27 83 14 26 73 6 20 92 52 16 66 92 95 52 56 4 11 13 21 30 24 97 75 56 63 47 74 99 36 22 45 42 23 55 35 48 3 
69 16 5 55 91 58 81 21 6 11 89 95 79 40 54 32 95 87 39 7 5 96 98 42 36 57 99 57 90 64 44 64 3 65 64 35 34 64 33 60 45 44 19 82 96 29 3 84 8 76 8 72 44 92 21 78 67 38 28 67 71 0 65 66 38 35 93 16 7 36 44 54 99 20 89 9 16 23 74 45 29 29 60 66 40 61 59 23 93 95 85 20 87 73 87 67 92 97 29 17 
32 53 67 30 86 11 76 6 94 39 26 33 2 74 34 94 4 96 33 47 36 34 98 48 30 32 51 77 34 36 15 96 74 52 22 92 43 96 62 10 60 28 79 46 87 48 82 90 17 9 90 97 81 39 44 87 60 19 56 82 19 8 43 72 64 24 51 64 94 96 17 50 8 24 46 31 4 59 68 91 64 39 38 69 60 35 11 97 77 66 98 56 93 8 81 61 8 22 64 49 
83 39 13 24 3 55 6 83 52 58 65 66 99 51 50 11 92 18 61 46 12 96 2 18 50 72 10 15 8 53 92 37 5 91 4 98 49 6 27 84 56 2 60 82 78 28 56 15 19 27 72 94 70 22 19 39 71 13 89 18 9 14 36 32 45 63 24 62 49 85 78 25 24 91 49 70 63 15 19 29 67 43 63 69 27 16 61 5 28 83 87 18 55 97 82 48 40 69 17 82 
49 59 49 50 52 60 76 96 84 47 24 9 49 50 70 99 23 37 4 15 9 41 51 64 94 13 21 22 44 2 1 17 23 17 67 19 56 57 94 91 74 49 57 31 29 74 2 44 74 37 17 21 54 52 9 34 46 99 62 2 33 89 46 23 88 6 77 40 35 35 3 50 69 36 29 55 62 86 14 29 95 25 31 55 26 24 97 41 30 50 83 88 37 71 95 28 96 31 61 33 
47 22 77 3 9 49 44 18 86 92 75 44 71 37 39 97 38 3 32 98 39 83 55 61 38 91 5 20 35 20 58 74 30 85 6 9 38 84 7 10 59 9 27 47 94 28 28 11 94 12 73 79 33 9 42 83 5 70 75 55 92 60 69 83 81 33 89 96 99 60 77 69 94 24 96 56 56 11 78 10 46 13 60 30 76 25 37 68 95 99 53 89 32 91 56 64 79 81 3 88 
10 58 78 13 23 70 81 29 17 93 1 88 2 43 42 89 4 91 95 42 77 79 27 42 51 82 77 70 94 54 70 78 89 13 99 80 62 82 31 52 45 3 2 22 89 9 82 66 16 18 64 83 18 54 34 66 81 25 84 67 44 80 60 52 57 50 15 20 50 73 69 43 7 93 80 73 88 32 84 64 58 78 57 50 96 35 21 13 94 99 91 40 2 98 49 3 73 52 38 67 
13 94 63 53 8 6 95 79 99 67 0 91 68 69 13 50 13 79 44 68 30 45 40 22 64 52 96 51 67 60 37 4 25 38 94 66 56 10 72 2 42 47 95 50 95 72 64 9 23 17 76 45 96 59 35 96 42 63 33 49 33 74 75 95 87 5 89 98 63 31 94 44 57 79 40 43 87 70 38 30 67 50 60 61 73 92 38 57 68 55 8 15 76 13 12 88 47 2 48 29 
8 82 73 63 35 8 88 73 31 25 28 69 4 57 93 29 77 56 79 87 29 95 14 3 64 26 36 11 8 9 55 7 45 38 82 62 58 22 70 40 84 29 17 30 48 23 77 63 28 88 77 13 30 24 18 27 5 12 28 76 96 84 71 44 92 61 24 61 56 48 26 13 3 31 86 33 33 8 26 9 14 76 81 78 31 58 0 73 10 68 67 11 17 20 31 52 74 71 95 27 
82 55 44 54 50 39 74 46 44 75 3 10 58 39 2 44 44 52 88 20 93 77 58 92 4 56 20 75 83 81 19 14 7 86 89 96 89 80 85 53 21 64 45 77 25 82 12 54 1 66 51 15 68 16 32 11 5 66 96 90 51 59 17 21 25 22 68 35 26 74 15 54 56 93 35 84 79 36 44 96 85 73 73 40 92 80 53 8 56 2 33 3 9 96 68 28 14 54 6 0 
27 35 25 98 97 79 1 74 20 22 60 46 38 17 44 6 85 30 41 8 12 89 15 23 62 44 49 3 4 15 97 53 70 29 66 15 7 53 16 87 20 52 51 92 14 81 70 89 7 10 49 81 82 27 69 91 14 9 31 91 13 40 23 88 65 48 54 19 71 17 62 27 86 61 66 39 26 90 2 65 21 91 56 49 63 87 2 41 41 20 78 54 13 11 36 95 24 41 66 4 
29 79 6 2 64 9 87 73 37 43 65 46 92 2 2 82 32 18 1 83 91 36 50 37 94 77 70 68 69 83 73 84 73 92 85 12 32 13 53 31 1 49 33 36 56 94 56 66 28 71 91 84 75 67 36 0 66 0 71 29 83 39 75 49 47 12 85 29 75 81 32 98 84 52 25 44 85 44 81 35 6 43 50 11 83 81 19 88 27 16 94 4 89 29 65 45 46 38 69 54 
13 44 57 72 11 75 66 8 87 19 69 39 69 1 98 2 33 75 43 91 27 96 8 44 16 64 34 27 91 42 77 21 33 91 51 7 94 78 66 65 73 8 72 45 82 90 93 88 18 65 49 83 35 57 24 5 92 81 62 70 87 38 66 95 32 1 2 29 61 30 40 88 93 95 39 1 25 58 17 69 66 90 68 19 42 23 34 7 85 39 98 64 87 12 31 77 39 79 91 24 
96 75 88 75 61 83 14 35 30 96 85 77 72 87 64 6 90 89 7 34 62 91 80 12 38 24 80 29 84 17 93 19 34 96 15 32 34 69 99 63 85 69 66 8 42 7 94 30 41 23 21 38 97 77 11 70 35 11 70 49 3 34 48 93 64 18 76 89 36 72 60 45 97 48 66 58 74 99 9 30 80 74 71 67 64 60 52 38 61 12 64 64 70 39 20 40 62 5 67 48 
58 69 24 25 91 46 76 55 13 34 89 54 39 58 58 73 44 64 97 4 21 13 74 69 59 63 70 71 24 28 97 71 65 95 79 63 15 14 93 27 67 73 42 73 10 34 96 0 16 70 61 69 3 67 21 58 84 31 22 42 66 67 20 92 94 75 42 67 1 49 63 67 15 68 5 69 33 35 80 65 34 14 28 47 15 8 4 90 23 90 90 65 87 43 35 38 43 24 92 61 
1 82 73 65 43 26 41 41 35 36 46 78 84 23 39 3 88 40 67 21 29 9 20 60 45 16 83 5 53 84 2 86 86 58 23 14 1 84 11 38 33 82 11 16 92 82 65 54 72 6 2 11 89 19 19 99 78 85 22 21 67 48 70 64 86 89 94 35 14 61 34 22 95 97 34 60 52 34 70 62 65 27 74 80 29 37 87 6 83 63 83 78 99 6 94 64 7 34 41 50 
6 42 58 38 73 76 55 48 61 12 47 4 92 31 98 16 7 75 89 18 71 61 79 36 95 70 66 75 18 22 64 49 41 30 27 50 11 20 23 90 18 72 19 45 93 81 95 75 56 32 80 85 48 72 28 51 76 39 68 0 2 56 12 83 14 54 14 67 32 40 33 61 97 61 66 92 63 53 36 41 76 65 81 76 96 92 69 47 30 10 82 86 97 49 8 71 99 2 50 47 
85 21 25 32 68 52 69 4 84 65 65 66 35 89 70 76 24 92 43 81 48 31 84 71 61 53 88 99 62 49 31 68 38 86 16 9 76 72 63 59 22 2 74 35 8 77 57 83 92 16 44 71 92 41 8 2 40 59 64 82 48 95 78 52 11 36 36 63 33 42 52 44 66 62 68 30 37 24 46 47 80 85 71 6 60 40 20 11 28 67 97 36 1 33 10 5 8 6 92 62 
23 37 29 99 88 81 26 32 36 51 67 30 88 23 4 39 53 49 79 45 77 86 22 77 68 79 3 49 24 81 69 42 97 58 53 80 84 39 8 58 86 70 14 14 67 65 36 52 75 48 6 66 57 96 56 17 67 4 2 90 37 45 33 71 13 96 72 23 97 51 19 18 7 12 6 26 90 84 2 99 34 40 16 21 90 52 58 36 84 73 37 11 13 93 23 49 61 0 34 48 
65 77 6 26 86 6 96 78 17 64 14 27 6 18 53 3 90 83 64 78 44 6 75 84 5 26 60 8 38 42 48 23 70 50 29 25 85 99 91 62 60 56 1 51 38 1 21 54 15 92 58 55 7 46 73 25 16 55 74 45 40 85 49 32 21 10 29 27 30 64 31 86 51 92 66 85 47 62 89 99 81 24 1 76 68 97 49 34 8 61 43 90 38 18 34 43 10 36 53 71 
86 0 16 10 73 9 89 76 53 69 16 14 62 63 32 83 29 16 18 27 23 35 87 40 2 48 29 37 80 85 29 67 21 60 7 6 0 51 30 36 12 77 26 88 77 32 67 81 92 55 25 68 95 74 72 56 6 80 20 44 1 84 65 90 7 23 63 98 22 1 62 41 84 66 4 59 1 63 35 47 30 53 36 37 6 17 8 96 95 5 23 77 55 70 10 76 83 90 33 22 
84 84 68 67 96 73 61 48 63 65 43 83 51 75 86 30 60 9 51 22 17 72 12 1 15 19 95 33 63 57 64 98 81 67 41 58 49 62 5 28 79 50 7 95 35 8 0 59 51 38 99 56 87 89 29 58 5 14 25 61 57 39 28 31 35 23 88 54 12 16 5 14 49 5 60 86 29 33 68 53 53 27 66 92 95 19 38 10 36 79 86 1 18 77 97 71 80 0 25 95 
22 80 56 9 28 91 73 91 87 86 73 50 32 81 8 85 95 50 33 64 42 47 9 83 97 2 0 51 73 17 48 53 22 18 18 63 58 12 66 44 63 26 23 12 70 3 59 54 48 27 36 12 37 90 67 76 52 3 28 56 58 2 98 1 55 89 12 43 97 75 72 80 82 70 95 77 4 46 97 89 18 22 98 61 94 87 14 81 9 27 1 49 31 92 58 73 4 73 49 28 
30 64 30 31 3 93 52 3 89 98 13 9 69 59 32 1 37 27 81 28 65 11 4 45 76 63 92 39 86 11 73 84 53 36 60 93 28 95 26 28 3 54 12 66 72 56 77 3 74 33 44 14 52 15 8 6 28 98 9 1 89 63 56 22 89 23 94 98 87 66 74 6 8 18 5 76 33 20 33 55 4 78 56 40 38 22 21 79 76 22 60 93 37 16 63 6 44 96 77 42 
54 16 78 8 21 35 16 91 26 85 32 25 8 2 16 29 63 44 7 23 96 67 77 45 21 15 53 44 76 68 28 53 67 85 89 18 42 25 17 60 64 3 31 65 59 20 36 12 34 11 27 84 84 36 69 59 43 27 51 65 34 90 48 91 3 66 44 36 27 79 89 29 95 92 49 11 43 57 68 47 33 80 4 17 88 9 55 98 65 9 4 43 50 59 79 17 41 47 49 14 
20 62 91 79 70 17 99 12 4 76 81 29 70 34 55 66 43 39 67 22 60 13 24 67 7 7 79 21 35 67 99 84 12 49 27 54 79 76 91 98 72 50 19 14 65 7 23 87 71 90 49 63 32 10 83 45 15 77 80 60 99 26 23 26 20 21 46 35 44 53 64 50 93 54 36 26 40 95 16 84 46 25 90 13 24 96 50 66 96 82 92 27 26 18 71 4 12 34 43 64 
94 24 11 69 73 77 70 53 86 19 34 82 29 89 21 0 50 60 88 68 63 81 9 72 8 20 61 30 76 47 22 83 93 20 30 61 30 10 64 51 62 87 42 15 67 29 55 80 24 14 53 37 48 2 63 21 5 7 69 1 84 65 68 67 41 33 40 92 40 22 75 40 33 34 95 36 30 70 79 13 99 25 30 75 35 51 0 25 52 5 66 91 99 31 40 23 9 76 57 36 
65 21 5 40 67 49 13 14 68 76 61 55 63 54 34 68 96 70 46 3 82 34 52 29 66 61 78 93 2 21 25 55 19 86 68 35 64 15 9 31 58 82 13 62 8 17 5 15 22 47 69 5 68 39 55 88 85 49 3 12 32 31 85 20 4 74 24 10 67 69 94 89 24 68 60 55 29 21 48 0 22 7 83 50 84 20 32 58 12 25 74 84 79 23 37 91 6 48 71 47 
18 10 68 34 14 87 1 52 24 30 25 18 96 82 46 86 6 68 98 13 51 61 67 81 91 8 7 72 66 13 95 95 95 55 64 32 28 63 52 42 59 1 31 19 92 15 29 93 20 0 33 76 29 38 98 71 88 87 21 19 43 44 52 35 15 52 9 62 17 99 2 42 7 46 51 30 81 18 81 87 72 87 9 14 92 44 68 86 57 83 30 68 87 26 80 46 98 64 55 51 
54 0 54 34 7 68 3 99 21 81 92 12 52 26 99 85 70 38 16 62 27 13 79 7 60 87 29 7 31 87 55 45 99 82 88 36 5 60 62 18 54 65 5 48 14 4 63 88 20 56 31 63 90 49 10 36 19 58 59 96 8 34 16 71 96 0 65 63 79 73 69 32 9 9 97 3 54 34 91 7 9 8 7 53 14 54 94 39 68 11 40 24 23 81 10 37 45 82 88 27 
47 84 86 63 2 87 98 90 70 16 5 10 99 76 22 96 98 81 24 84 67 96 90 30 73 24 73 67 97 33 5 75 27 57 47 52 37 51 47 47 25 9 84 13 0 16 0 89 16 41 62 19 28 98 36 92 94 49 66 1 58 65 76 53 43 15 4 59 1 26 60 83 90 98 73 12 78 93 36 58 6 35 95 9 50 48 51 49 89 71 44 63 50 25 6 72 21 38 75 53 
3 12 34 7 38 22 6 55 15 46 74 97 49 58 3 32 18 48 86 73 36 56 60 89 86 42 10 40 91 0 74 56 8 80 40 85 77 78 17 38 83 52 38 32 89 23 31 86 4 6 37 36 41 33 24 0 29 47 85 33 51 90 9 6 25 11 30 27 86 21 66 6 8 67 93 21 46 6 82 45 0 75 44 42 53 17 15 66 65 45 2 28 3 99 78 85 61 92 69 0 
83 32 40 17 32 14 17 23 39 2 88 7 50 11 92 28 56 48 30 4 96 20 77 27 20 32 15 99 35 52 28 7 50 47 23 85 21 30 69 57 57 67 14 11 85 13 44 92 70 28 3 15 79 55 6 71 41 92 44 95 54 58 95 82 77 57 59 96 21 54 14 81 97 47 11 16 22 53 77 3 51 42 57 81 58 82 98 32 48 69 83 72 47 87 98 92 53 14 89 28 
5 35 66 82 84 75 99 64 34 45 73 30 26 5 12 36 29 34 68 79 19 43 82 80 26 55 82 69 77 27 44 35 60 65 16 12 53 50 54 42 42 6 34 35 56 87 85 58 76 23 48 82 39 87 16 82 27 21 66 45 76 60 88 23 0 3 97 23 75 50 85 90 25 35 68 16 9 80 50 45 34 64 79 75 64 65 90 58 2 14 15 16 85 4 77 47 83 21 92 67 
85 51 27 60 46 62 61 3 53 37 46 8 24 82 80 92 82 60 67 68 58 73 4 46 9 72 64 42 94 64 25 92 28 54 9 56 20 99 79 26 60 34 38 43 58 9 47 99 89 53 43 56 88 43 89 95 20 0 29 94 69 52 32 82 16 47 54 30 52 27 34 11 73 2 20 90 64 48 25 27 80 7 6 50 4 79 2 91 30 83 78 38 28 40 62 49 97 41 82 82 
98 38 44 52 69 66 47 77 90 47 33 7 24 19 73 59 74 6 88 95 19 73 49 90 47 65 6 10 23 40 41 97 66 59 79 76 96 37 72 12 3 91 35 69 21 1 87 5 50 59 2 29 34 79 5 14 21 98 4 75 13 42 40 37 51 99 14 71 74 88 70 83 93 76 75 8 47 60 56 29 35 47 76 18 97 69 7 94 31 20 37 21 60 61 82 51 71 33 42 97 
55 15 49 30 2 69 42 84 10 61 81 52 59 86 91 87 30 30 73 58 13 87 32 61 92 41 31 4 60 82 94 74 98 69 41 9 55 79 36 57 21 23 89 80 96 63 2 22 26 47 53 87 19 94 61 2 73 15 16 38 39 6 82 58 97 26 47 88 67 53 99 87 97 58 41 99 47 43 77 13 12 56 91 7 25 78 9 19 3 6 56 19 84 72 66 37 82 20 86 88 
8 16 89 30 58 36 51 43 95 97 29 11 90 51 58 31 90 14 35 54 85 95 67 85 23 52 79 95 54 76 14 43 28 64 5 43 24 15 69 34 46 2 17 3 58 23 86 16 95 86 47 78 61 86 62 66 3 63 68 52 48 41 76 70 4 36 27 48 55 11 34 35 90 77 9 39 57 78 3 4 40 20 62 30 5 42 12 69 25 61 25 25 38 88 15 2 60 76 44 34 
11 33 87 29 73 15 18 38 27 85 66 53 13 14 43 48 66 16 17 50 77 41 87 96 34 80 67 22 44 69 59 54 23 12 55 82 57 84 71 80 80 35 25 1 86 40 62 67 23 83 74 80 99 8 33 47 50 3 97 25 88 43 16 58 60 70 98 41 26 87 36 13 64 77 59 6 50 79 7 23 34 44 69 85 19 6 91 60 0 1 64 25 79 29 76 67 58 52 5 70 
50 77 29 85 94 50 41 71 87 19 75 84 17 59 93 0 48 18 30 81 36 43 24 85 54 4 6 98 93 28 90 77 87 37 11 8 27 19 41 48 95 51 41 82 65 7 19 77 88 4 65 20 48 53 58 48 9 80 54 34 40 26 63 26 79 68 85 62 19 35 22 72 59 79 90 17 42 60 61 85 25 97 92 91 94 14 9 40 20 47 81 86 81 30 32 25 56 1 68 55 
62 79 73 29 51 45 21 54 44 51 50 42 64 37 80 69 4 67 17 72 19 68 54 72 98 14 28 67 99 85 18 64 88 51 17 18 98 99 42 87 75 64 18 13 65 3 48 98 40 7 50 0 93 13 89 71 44 45 11 58 79 68 77 31 96 42 98 55 9 97 9 13 70 78 58 14 7 52 88 49 39 91 1 64 12 59 15 59 43 45 73 55 86 41 61 97 88 72 60 4 
85 4 87 61 6 62 57 78 56 11 41 32 36 63 61 88 66 89 66 16 86 95 31 31 26 4 64 35 38 79 40 14 40 91 87 89 59 39 63 15 30 49 57 86 9 90 47 41 68 64 97 18 39 66 64 72 28 30 28 15 55 28 37 43 14 71 29 59 77 62 85 23 34 77 99 47 32 68 5 45 81 47 97 73 64 18 12 84 76 99 69 11 82 74 12 40 33 64 50 61 
12 35 62 44 60 44 8 56 54 78 45 69 91 47 8 21 30 5 12 49 2 98 17 26 5 63 51 97 4 93 25 85 15 89 26 8 19 42 34 11 91 64 99 30 0 43 13 70 45 1 59 5 61 56 14 91 6 63 72 23 58 63 78 22 12 13 6 53 9 70 8 49 31 89 65 30 65 25 8 93 81 74 45 35 63 41 79 80 74 35 19 44 80 13 9 92 93 86 89 9 
80 65 38 38 29 74 37 51 62 50 66 60 17 49 23 2 66 28 41 88 69 99 30 34 6 60 67 82 91 9 27 79 37 74 45 11 79 35 67 91 23 56 38 40 2 38 8 24 51 33 43 51 51 58 7 47 91 24 39 14 69 77 97 87 4 86 92 98 43 39 1 32 64 55 56 38 21 16 76 64 54 49 5 65 16 49 14 57 13 4 30 39 33 39 74 5 57 92 87 33 
54 14 85 69 52 26 25 20 92 75 31 66 26 40 92 94 67 91 37 51 66 68 19 73 85 70 58 53 27 61 87 74 48 13 23 81 44 30 0 88 39 5 38 62 41 9 46 2 73 1 98 33 35 61 98 1 71 3 13 67 64 37 55 55 96 44 45 62 16 31 77 73 92 15 24 60 93 5 57 81 42 78 8 19 20 71 35 37 0 26 64 99 2 67 67 34 8 38 81 23 
64 31 33 74 13 40 46 52 27 11 89 27 18 55 44 12 45 53 15 30 23 86 62 49 34 76 48 73 94 52 18 88 36 81 19 89 67 70 50 50 43 56 21 33 13 48 73 62 50 44 61 92 23 52 88 1 99 59 97 95 3 1 41 33 67 31 3 13 94 89 18 43 60 8 73 89 10 32 27 0 30 47 46 4 87 19 84 88 63 56 22 60 87 90 61 14 11 78 94 42 
98 70 22 37 84 6 81 21 62 8 98 43 34 11 16 8 77 40 88 88 4 13 15 24 34 78 50 35 78 85 46 36 55 9 61 54 5 34 22 83 94 99 7 53 30 92 69 50 83 54 32 34 96 80 45 11 99 87 76 20 93 65 26 55 44 61 67 32 72 50 19 33 95 54 69 7 38 85 41 4 69 30 6 3 89 17 87 73 11 58 4 38 71 97 11 91 83 3 60 92 
13 79 40 57 96 44 29 37 66 58 14 80 73 92 68 90 59 61 2 98 3 25 89 75 82 74 59 68 54 38 97 3 48 64 66 9 28 30 21 84 73 89 86 84 62 51 34 38 36 16 57 74 4 80 51 32 76 91 1 10 14 59 20 48 49 46 88 40 94 68 83 74 8 95 28 22 43 47 78 73 34 65 64 18 53 70 71 94 62 53 49 5 54 81 40 94 3 12 6 1 
63 65 7 85 3 35 93 33 93 9 42 38 19 65 15 80 57 68 56 59 0 4 96 10 36 13 26 91 59 20 68 78 47 21 15 3 14 39 8 21 92 21 93 20 13 43 15 9 91 69 10 45 2 31 9 75 58 87 76 38 45 38 35 18 54 65 25 38 77 47 81 54 56 63 60 61 89 4 43 90 68 94 66 78 36 27 33 54 21 22 49 47 45 40 74 1 99 77 85 76 
87 72 65 36 4 65 98 48 74 59 91 33 72 87 47 8 53 23 94 65 29 66 34 82 62 71 2 11 68 29 97 23 90 70 22 67 25 54 59 85 82 25 32 88 87 15 77 62 26 96 94 26 22 57 78 55 54 89 78 24 79 83 99 98 84 32 63 79 12 12 23 92 79 30 13 65 37 39 37 52 15 25 80 51 12 84 57 58 63 22 74 20 57 30 54 37 22 94 5 40 
59 75 31 5 18 69 94 42 77 38 37 38 64 67 13 90 10 70 79 35 86 74 70 76 62 12 55 56 44 34 14 78 98 45 18 73 39 86 16 30 72 89 52 60 73 18 96 90 1 53 9 78 39 20 63 66 58 65 85 23 37 65 33 94 99 35 17 62 2 26 25 37 86 19 79 10 25 81 9 63 73 33 42 28 58 12 56 35 76 14 92 86 18 14 82 46 32 96 50 89 
51 13 52 70 87 85 80 96 94 33 13 20 46 67 35 75 30 75 69 88 21 43 20 77 16 75 94 31 71 25 7 50 17 39 66 39 79 30 46 6 2 25 47 7 48 35 70 56 32 9 95 99 97 59 6 76 49 88 80 42 94 85 36 94 89 74 89 79 70 59 62 12 62 82 59 99 6 40 29 28 93 85 73 74 48 59 49 79 53 66 60 37 82 22 12 79 3 29 48 98 
3 64 6 66 37 3 77 41 21 79 84 93 27 84 23 15 86 99 74 30 22 61 3 10 18 76 6 55 51 54 16 33 27 60 52 73 13 29 74 3 61 35 37 37 2 25 42 28 27 89 35 58 99 32 20 16 24 80 53 45 77 5 79 18 90 24 4 83 24 39 1 94 98 53 18 95 40 73 1 80 54 36 86 69 79 48 99 78 22 22 78 92 80 84 67 22 48 19 24 29 
95 22 18 86 40 64 54 14 47 59 88 38 24 30 35 57 47 16 77 86 5 45 39 54 10 92 88 13 88 34 70 96 38 6 2 83 66 61 62 64 52 96 0 72 93 56 20 28 39 17 64 27 37 54 52 6 5 80 29 24 72 16 66 15 13 26 68 90 90 24 93 92 3 32 12 45 25 89 79 40 78 43 19 85 50 8 95 36 21 97 86 85 94 2 54 65 72 91 81 73 
62 92 19 94 32 90 44 89 15 94 4 63 42 21 43 80 47 24 42 16 36 6 35 30 55 84 16 44 82 52 15 70 71 94 81 50 27 2 60 0 33 94 53 87 57 23 18 64 2 77 60 66 81 77 33 85 23 49 19 63 0 66 88 79 41 49 41 56 59 42 5 10 13 2 80 11 8 26 67 85 21 64 82 22 3 14 75 16 69 38 64 17 70 32 0 2 31 70 30 20 
57 19 66 11 64 89 28 91 63 50 95 59 17 77 94 4 7 38 73 82 39 50 78 16 52 87 57 2 7 88 1 38 1 88 76 32 30 84 74 59 78 18 48 35 6 59 86 44 49 37 47 74 7 41 17 51 62 79 49 75 99 96 4 82 55 43 77 99 90 3 53 99 61 31 88 91 71 51 38 94 73 74 66 22 90 93 30 98 67 27 39 52 12 77 50 13 39 16 27 69 
62 57 29 43 39 96 51 40 70 76 25 51 70 54 41 81 72 76 27 45 25 92 72 95 86 4 79 69 24 84 26 67 28 79 62 7 61 62 51 95 57 55 83 29 94 56 93 43 40 86 87 0 74 73 35 99 96 73 92 71 72 95 84 15 49 92 5 19 63 81 18 98 29 63 44 93 11 33 25 28 88 40 71 84 43 15 60 88 88 39 52 60 25 4 59 71 81 77 41 91 
97 84 24 91 14 33 69 88 10 45 13 60 6 18 13 31 79 65 59 90 12 47 15 86 16 44 19 53 88 5 47 88 39 39 83 16 15 57 77 72 99 91 49 59 27 83 36 30 84 80 21 93 85 64 34 19 29 50 10 83 33 41 93 84 80 24 25 15 2 78 20 27 6 79 70 9 51 28 24 82 44 23 13 90 31 19 88 78 35 35 90 12 54 68 13 72 37 88 58 59 
81 36 7 76 46 90 19 99 14 68 26 37 32 67 16 35 6 59 53 62 59 82 26 91 21 31 35 29 74 58 96 19 29 29 45 26 52 16 25 75 56 8 49 61 76 56 16 81 73 93 66 53 14 52 35 70 43 66 13 9 47 64 37 1 58 6 34 3 12 84 86 54 52 43 97 68 56 41 51 85 29 85 90 18 26 13 40 0 96 60 33 54 28 78 88 40 20 46 34 78 
34 31 20 89 51 62 3 92 4 83 1 29 11 58 85 69 15 68 45 93 95 66 7 19 8 49 2 40 30 15 38 39 10 69 87 22 33 41 58 76 39 81 88 35 52 57 71 70 51 2 67 97 26 87 41 7 69 29 74 65 82 5 97 58 55 80 53 3 86 15 50 83 34 76 50 49 95 17 65 65 56 2 28 92 7 88 5 72 41 13 48 51 98 29 56 87 35 27 72 74 
30 8 27 91 49 51 67 25 19 35 42 14 76 97 2 22 63 57 94 49 45 69 8 63 75 63 90 62 36 40 68 17 24 6 2 27 28 59 65 74 67 26 43 61 37 90 73 32 22 69 1 22 85 7 55 63 77 66 67 31 63 60 79 39 97 78 47 31 71 32 14 11 92 99 66 98 24 58 32 96 11 28 9 91 52 8 28 84 39 94 19 31 12 66 55 84 13 91 60 63 
61 37 29 50 78 21 74 66 4 84 19 23 32 59 2 40 59 31 51 54 67 93 39 8 58 15 59 92 8 31 3 95 72 87 71 2 85 13 88 19 35 29 18 90 87 46 88 97 39 6 57 2 67 61 46 59 35 66 96 3 86 10 35 51 26 65 43 11 1 91 26 66 91 25 90 99 49 96 4 78 74 37 53 18 52 58 88 33 29 24 17 89 86 97 4 67 68 64 97 53 
25 90 35 60 1 75 10 92 94 6 49 79 0 37 63 32 34 69 42 24 45 64 50 90 22 20 91 32 97 15 57 72 23 7 55 3 13 28 94 71 34 63 16 77 79 26 88 35 64 97 47 78 39 71 3 10 4 94 71 12 63 59 0 40 61 25 87 49 95 71 39 74 16 16 27 98 86 63 71 14 64 43 99 85 58 1 61 49 53 27 45 28 68 75 73 97 11 21 62 32 
2 33 20 4 62 65 64 20 16 17 68 95 88 59 31 91 32 21 87 11 52 85 75 81 5 52 73 84 19 30 72 2 8 82 21 92 90 5 7 33 22 27 16 65 65 60 26 87 79 36 58 28 59 54 23 85 50 18 6 3 92 41 69 26 75 93 74 40 93 52 26 47 40 10 26 12 23 79 72 45 36 57 56 69 68 50 41 6 31 8 58 59 13 2 2 84 48 82 20 15 
67 16 23 80 57 21 54 56 30 43 13 20 27 73 15 96 40 42 43 58 0 67 25 89 99 52 46 8 95 42 14 81 7 94 93 10 87 89 4 81 54 5 22 54 64 11 79 43 75 89 39 3 24 42 13 91 38 88 6 42 3 69 53 34 15 77 93 20 56 54 89 39 66 5 35 98 6 40 30 36 77 13 68 88 28 58 44 35 54 93 13 82 46 2 80 70 29 42 10 13 
81 91 68 78 11 6 46 88 75 0 6 41 82 51 27 41 52 14 82 52 6 48 95 72 50 54 83 85 54 64 20 43 98 21 10 82 65 32 81 13 69 42 46 85 33 5 11 2 60 15 1 41 28 52 40 72 60 44 94 40 70 69 68 45 95 99 29 31 12 96 59 35 81 22 75 91 76 99 8 99 0 41 55 32 82 30 65 90 44 65 58 25 52 73 89 67 80 62 87 73 
35 70 60 39 18 38 24 21 57 45 2 40 39 11 43 88 41 65 81 50 53 53 98 1 22 22 79 41 48 81 52 21 92 45 61 25 10 59 5 34 28 81 6 13 67 86 42 5 9 63 61 93 93 15 78 57 62 13 66 83 80 5 43 49 69 42 65 74 39 0 75 50 79 70 91 58 58 33 7 43 97 21 39 5 22 99 79 51 97 72 35 57 12 22 16 71 31 69 68 80 
75 79 32 61 65 30 94 31 5 61 2 62 51 93 45 28 21 62 24 37 19 79 37 40 32 27 47 61 74 24 67 25 72 20 59 55 81 37 42 0 23 53 7 86 85 91 3 12 86 36 81 69 56 74 80 62 12 88 17 29 66 66 81 35 2 28 9 84 24 93 59 54 82 66 43 7 20 82 63 27 69 57 95 69 7 16 37 32 79 19 20 46 42 9 94 20 31 7 20 68 
94 19 65 91 32 27 45 49 8 95 7 91 74 67 25 20 42 25 7 43 82 33 67 87 43 90 15 6 6 8 71 60 95 34 41 96 14 77 58 69 45 46 43 70 60 89 39 41 63 14 19 37 53 25 71 90 13 4 51 35 58 83 86 42 66 7 94 38 24 28 4 17 54 6 5 15 36 13 18 82 47 15 59 72 80 56 30 58 32 4 2 30 76 66 70 31 85 37 96 27 
6 63 53 82 5 75 95 90 34 39 53 26 37 87 13 18 3 37 83 95 48 1 97 31 36 91 70 44 30 74 76 97 60 43 53 85 28 10 36 75 38 76 16 53 83 11 28 1 45 10 19 69 49 28 59 26 61 2 10 59 82 30 29 95 5 35 58 8 28 87 17 98 83 36 87 11 67 94 9 88 88 31 65 48 54 8 72 51 1 52 63 90 97 74 75 13 14 12 6 37 
80 45 53 7 95 10 27 12 11 33 59 34 30 62 29 32 24 26 84 94 54 32 76 84 94 98 62 98 79 89 13 18 62 9 20 94 80 91 39 68 37 47 6 41 24 36 67 85 55 86 36 55 41 43 77 48 67 49 3 8 80 23 33 37 52 98 58 3 71 50 8 24 73 81 11 60 42 64 8 39 79 51 95 86 34 57 71 64 42 36 1 54 81 42 8 37 36 21 32 58 
84 32 24 86 49 39 57 91 75 59 63 59 28 42 93 19 93 53 73 3 20 22 93 92 1 49 17 34 64 10 5 67 19 53 29 99 64 44 60 82 68 16 52 71 9 34 23 39 30 56 79 77 33 28 38 30 78 21 21 72 92 52 65 55 99 4 75 36 21 81 28 65 54 61 8 72 63 0 72 72 8 25 29 22 89 66 92 88 70 77 91 95 50 63 65 24 2 86 52 35 
93 89 66 53 15 2 74 55 66 27 53 36 16 97 72 14 91 71 7 7 54 42 11 79 65 48 16 32 86 2 70 38 56 33 73 76 55 84 38 79 2 36 44 89 58 48 71 89 52 3 96 73 93 47 73 0 68 67 58 45 68 68 81 47 90 68 73 11 68 59 69 67 51 31 15 45 58 29 35 51 20 79 66 19 41 1 18 98 96 39 28 53 15 38 11 32 6 39 91 86 
97 54 10 45 36 43 2 30 28 96 47 36 43 7 53 2 0 15 29 13 21 73 89 86 17 6 38 96 93 49 74 10 69 70 85 36 47 60 95 54 31 83 3 80 77 18 54 84 27 78 3 53 50 37 65 98 80 40 45 6 40 27 34 73 5 14 27 27 42 27 84 40 21 27 79 84 78 1 28 51 66 18 78 87 29 54 9 88 97 17 65 96 69 21 12 53 73 3 83 40 
18 16 88 95 32 42 96 78 37 36 27 65 45 38 41 85 4 72 4 68 52 53 37 97 8 74 39 68 28 92 77 26 42 51 52 9 57 16 49 63 51 26 68 44 16 47 85 84 96 96 90 70 9 39 17 9 91 51 79 60 16 10 77 73 16 82 15 21 71 41 82 4 52 63 58 14 46 28 56 17 57 22 39 73 24 71 69 28 48 7 89 16 63 29 32 29 46 52 45 51 
72 20 16 95 44 68 69 57 92 38 69 87 11 37 84 8 68 91 70 18 21 23 88 4 54 24 65 46 41 59 38 35 10 93 82 66 99 49 34 64 30 76 24 57 18 18 84 48 34 8 39 72 12 71 20 44 57 84 13 72 45 91 87 57 86 77 24 44 24 5 12 47 88 15 29 61 9 32 96 22 38 77 45 16 33 10 62 35 60 32 91 88 42 30 43 54 92 64 31 56 
64 25 27 98 50 67 37 94 85 72 35 38 76 92 31 79 66 24 48 31 7 69 91 40 16 9 87 72 36 49 2 28 3 56 95 57 47 83 16 88 14 86 13 52 36 17 17 85 57 26 45 95 89 66 85 41 54 27 93 12 82 5 49 51 89 71 29 48 5 60 40 2 36 81 2 41 21 65 39 59 64 80 10 8 23 40 22 4 81 33 67 23 41 75 92 49 46 98 0 43 
62 65 31 66 27 85 71 23 93 16 74 55 5 77 97 68 45 79 61 3 25 70 41 31 86 80 36 10 97 88 77 30 79 39 88 71 66 55 15 3 94 25 81 63 73 98 89 52 7 78 74 16 50 36 37 49 5 11 24 22 36 17 54 14 39 97 24 77 70 35 90 38 25 57 92 37 99 46 62 24 17 5 46 49 56 23 49 42 38 6 81 41 93 54 94 45 8 64 25 77 
24 92 17 59 2 15 88 31 81 54 21 61 2 6 72 44 46 44 89 17 13 34 73 52 1 55 42 60 40 3 93 89 81 55 75 53 64 12 91 64 53 6 33 53 43 62 56 8 30 71 35 65 45 81 51 37 32 3 84 76 76 19 76 6 68 40 40 54 68 99 8 20 88 77 58 9 40 0 18 77 14 99 61 32 35 67 36 17 25 35 59 91 8 56 61 48 48 86 12 9 
27 1 48 46 26 71 53 22 13 17 19 91 47 81 67 37 71 55 66 40 89 15 71 55 84 33 16 68 48 57 92 86 3 54 73 96 47 78 1 31 2 20 34 49 76 92 47 56 25 82 88 23 5 30 85 30 36 43 89 52 5 78 72 28 44 29 18 49 63 79 14 87 98 23 16 57 23 69 91 41 93 27 62 44 87 56 59 98 15 53 5 86 23 93 38 1 92 75 0 53 
93 49 1 0 83 10 60 14 42 67 86 32 86 39 25 85 87 94 52 54 30 36 99 52 10 5 40 48 33 79 42 52 90 49 61 53 87 79 42 21 58 35 9 13 6 46 92 57 63 72 73 74 5 75 51 68 41 75 89 66 13 6 84 27 10 2 26 82 63 63 14 76 35 81 2 20 3 79 23 3 5 5 72 18 52 59 53 13 66 54 90 61 26 23 74 52 17 18 53 39 
83 5 77 8 37 64 35 69 54 11 90 69 43 98 84 30 71 16 78 35 31 51 73 94 21 43 41 4 3 97 28 88 6 54 70 17 32 9 72 96 15 57 10 30 39 14 46 66 45 49 74 81 25 30 36 37 69 81 24 59 71 69 66 81 10 1 50 64 91 23 4 82 65 6 79 26 98 78 49 66 80 3 31 29 4 82 3 14 92 30 71 26 23 79 76 14 93 44 15 11 
