34 54 69 75 20 57 72 31 37 92 65 87 24 32 18 6 4 75 53 49 84 10 47 77 42 60 96 36 81 2 31 94 3 92 15 58 16 82 6 6 32 26 5 63 11 57 4 8 51 76 52 54 9 98 38 72 84 83 77 51 70 91 95 97 69 95 20 74 93 62 4 23 46 32 26 47 73 27 29 46 26 83 98 88 73 68 25 86 69 2 12 99 15 8 90 25 43 59 85 76 
12 13 47 8 0 29 17 71 43 30 20 98 22 72 23 12 42 41 73 39 84 36 33 30 8 62 47 38 71 73 5 37 50 90 58 79 87 70 93 47 41 25 49 38 71 74 88 75 41 8 97 87 94 93 35 17 33 68 47 60 35 81 36 43 4 58 69 26 38 22 31 36 10 84 1 76 73 81 12 35 42 70 86 82 28 42 10 44 90 19 77 83 52 18 67 64 61 20 29 35 
48 18 33 80 76 84 35 19 31 74 79 38 40 71 43 12 51 7 10 16 30 74 37 31 14 45 9 83 24 89 29 92 88 42 69 40 53 41 59 70 54 57 66 43 85 22 12 61 2 3 16 79 62 74 39 93 77 78 2 67 52 48 69 48 95 37 99 93 42 15 58 39 82 93 11 21 43 48 21 14 88 67 3 35 46 63 76 55 36 56 87 66 22 90 65 87 45 71 45 93 
27 68 26 61 99 99 85 66 67 76 71 85 48 30 39 66 62 60 47 38 57 11 91 11 30 83 74 89 82 38 57 14 84 75 38 4 17 86 45 17 33 79 77 91 99 45 25 2 9 58 32 95 6 0 74 50 28 34 36 38 53 15 51 11 4 82 47 40 92 23 17 62 33 32 31 13 89 24 20 22 41 56 56 76 20 67 92 11 20 56 61 46 44 13 61 55 32 9 15 33 
75 65 20 69 14 88 38 29 70 34 76 89 28 63 22 35 74 83 26 6 93 72 47 93 5 25 61 0 37 18 17 19 63 29 31 94 78 7 13 53 30 32 77 13 31 26 10 82 46 41 19 63 60 43 61 23 97 42 78 13 69 10 42 94 16 55 93 5 75 52 48 96 96 69 68 89 62 2 13 71 82 92 44 58 49 40 55 48 12 38 5 46 0 27 84 58 66 70 42 50 
78 32 84 65 61 86 21 57 85 51 34 13 32 45 67 15 76 8 22 76 14 49 93 99 56 53 89 76 80 63 74 66 14 26 36 6 25 10 34 41 19 12 89 88 82 32 83 11 45 94 33 84 34 37 58 20 47 12 77 38 32 77 82 99 97 22 64 26 88 98 37 17 37 94 70 8 88 76 81 0 75 59 9 78 77 47 40 41 6 67 14 78 28 81 85 14 89 50 76 97 
22 61 53 73 27 16 50 49 44 89 47 55 12 3 40 64 47 57 12 10 17 54 42 18 45 66 99 92 44 12 57 59 35 36 66 13 37 35 44 23 13 13 24 97 14 29 36 48 56 63 5 88 52 90 53 88 99 17 69 59 0 16 66 84 70 15 89 58 63 18 81 38 58 37 20 28 98 86 80 0 80 21 11 85 67 59 77 10 38 74 30 29 81 15 48 76 40 81 29 42 
21 38 64 34 16 84 40 70 99 93 37 59 3 42 55 30 5 52 60 42 17 32 82 60 1 33 50 3 97 75 23 86 82 42 81 51 91 27 43 22 71 47 46 56 76 62 84 0 32 74 94 7 61 47 54 30 22 33 72 34 93 96 33 23 71 51 56 29 94 37 57 67 56 15 59 97 20 42 43 17 62 96 9 60 95 65 1 62 62 56 86 3 51 33 85 67 64 93 34 73 
67 0 66 39 80 6 41 13 27 66 70 91 67 35 87 55 80 55 71 64 59 81 49 75 33 65 67 52 57 3 62 17 60 0 55 53 57 4 67 36 93 41 35 76 37 46 51 11 19 44 80 24 70 61 88 51 33 61 57 93 33 58 40 67 22 74 63 5 55 0 57 66 45 68 65 46 15 26 38 80 47 14 65 82 70 23 47 93 84 17 1 49 62 9 41 21 9 86 95 75 
60 91 43 31 89 34 85 88 28 47 27 14 35 41 29 90 25 4 47 99 21 84 2 2 66 45 52 49 45 55 18 91 46 48 34 95 91 88 78 69 93 84 10 29 92 90 69 52 17 44 87 64 18 3 61 79 54 65 1 81 22 26 24 97 7 52 53 18 28 97 92 11 46 90 23 5 98 17 8 52 83 26 43 47 82 5 69 88 54 74 1 51 71 98 1 53 53 54 97 96 
8 94 36 13 43 24 15 95 1 1 98 26 79 74 71 78 92 51 50 57 50 52 3 22 25 64 34 67 53 83 76 22 78 27 77 27 23 87 45 73 53 46 87 22 81 85 36 80 29 84 52 58 9 18 39 22 56 72 34 64 90 39 16 18 88 39 47 17 84 82 17 88 73 14 84 72 17 31 18 13 45 77 24 51 52 0 85 14 0 97 74 50 6 97 81 9 24 31 6 31 
72 94 80 17 54 54 60 93 70 56 71 65 59 25 69 4 87 0 98 60 69 99 20 46 23 37 49 88 43 58 39 33 56 43 61 70 24 77 11 11 41 46 97 60 65 13 56 9 10 23 9 51 42 4 70 25 22 52 46 73 37 37 97 68 56 92 32 25 47 49 34 40 86 96 75 18 89 85 48 34 1 56 31 48 32 85 80 5 35 70 4 54 34 71 88 98 47 41 78 20 
55 26 80 42 13 36 62 95 28 8 1 0 60 53 51 73 95 81 68 24 78 30 37 50 33 89 53 0 23 35 58 33 87 89 65 59 18 10 24 75 82 71 3 73 74 10 37 83 83 81 48 64 90 41 3 80 4 78 55 35 30 26 80 67 49 78 70 18 12 0 79 10 55 25 99 71 84 68 1 34 24 40 95 95 29 91 38 94 49 83 59 41 1 37 61 94 51 84 98 58 
33 59 15 53 87 7 32 60 50 35 0 14 10 28 14 96 5 71 88 11 45 68 83 12 92 1 64 18 6 64 49 5 67 54 71 50 85 12 38 90 84 66 1 44 72 77 0 35 15 13 11 11 4 60 81 50 7 90 29 42 29 25 88 98 86 50 91 50 98 97 82 23 53 18 20 42 47 45 81 24 11 94 46 78 37 8 96 49 5 51 8 36 42 36 33 25 52 62 3 70 
42 70 91 73 79 26 46 26 71 41 10 91 28 26 6 56 30 83 5 76 99 36 66 99 31 21 75 90 12 72 12 20 1 66 85 67 96 99 82 46 84 3 1 84 92 32 85 93 5 50 7 19 58 74 10 0 89 95 23 45 65 40 64 82 98 9 12 85 33 48 8 52 97 59 1 63 9 41 22 33 83 29 66 45 64 1 61 1 80 30 19 26 32 99 90 31 59 53 53 18 
2 98 85 59 92 25 79 36 44 88 30 20 60 31 75 40 89 92 49 3 0 55 66 49 17 57 23 11 10 99 43 44 35 77 48 15 83 43 5 95 81 18 71 31 63 24 16 71 59 96 53 66 53 26 60 83 48 25 85 97 52 14 51 86 15 56 13 63 91 80 2 16 19 15 52 72 62 1 8 86 20 37 22 23 74 86 62 74 36 92 99 99 85 52 72 16 15 43 40 85 
72 90 30 88 84 70 21 20 23 46 56 49 1 46 94 32 72 4 23 55 47 21 42 88 13 57 94 59 27 60 34 24 17 90 74 49 14 83 75 80 87 30 66 41 90 95 8 55 59 3 28 71 67 13 61 4 43 98 69 85 95 28 10 56 60 47 77 21 42 60 21 90 98 54 37 24 87 61 56 50 15 36 83 84 65 12 88 87 21 71 10 47 15 50 65 57 95 57 79 6 
12 78 7 88 32 5 61 43 20 32 3 43 24 75 62 8 37 1 27 5 93 55 92 81 39 96 2 99 59 74 53 26 96 96 66 45 72 28 95 59 96 67 27 56 73 83 97 65 23 72 67 95 76 95 15 40 70 14 73 27 24 40 58 11 46 39 37 28 4 27 86 46 49 67 87 15 52 49 14 69 90 22 35 91 89 86 80 90 33 25 6 7 66 87 54 15 37 10 40 7 
50 61 46 97 93 7 80 39 87 84 71 43 55 59 8 62 90 53 74 81 36 25 74 48 96 72 62 37 30 51 71 81 99 14 16 21 64 36 56 16 7 93 51 59 90 94 36 73 5 39 53 43 43 81 64 51 28 79 61 89 5 78 7 14 47 64 27 5 56 41 2 66 47 67 99 40 83 48 53 90 63 17 66 26 37 38 4 54 12 11 95 71 30 17 67 74 25 4 11 20 
8 87 23 73 9 59 22 92 46 81 67 42 64 47 20 25 56 11 35 23 37 64 0 27 24 29 84 21 35 29 57 56 15 78 98 89 31 40 88 70 42 27 64 94 76 12 87 51 86 57 12 92 26 60 77 53 29 56 65 87 79 48 48 16 30 25 19 98 23 11 25 74 21 97 78 9 39 56 68 34 4 43 63 95 41 72 85 25 35 42 34 0 30 68 0 84 53 45 54 80 
95 60 94 25 53 73 53 78 60 76 54 81 6 6 65 63 44 39 13 39 91 75 87 52 68 15 54 28 40 65 88 83 31 2 78 89 59 12 75 31 85 32 69 20 40 26 37 91 36 83 76 67 61 45 5 72 36 41 44 32 30 50 44 56 81 38 94 15 51 9 46 91 96 68 29 91 73 90 47 13 53 20 54 1 33 23 75 82 20 24 5 28 57 75 26 9 35 63 80 3 
88 5 9 18 9 22 47 50 62 90 36 20 35 23 19 50 10 83 97 7 38 93 58 96 63 21 87 55 83 30 42 2 56 43 21 68 14 25 94 37 47 64 58 8 90 24 40 32 85 74 84 72 79 42 93 0 53 75 50 3 51 46 80 38 21 44 49 29 2 59 39 72 24 49 48 37 65 42 44 53 39 51 59 95 71 51 25 20 47 67 55 95 71 12 84 93 72 31 5 57 
64 37 12 28 5 0 83 31 10 22 55 99 34 11 22 2 74 92 62 84 84 98 19 9 45 84 76 93 17 9 81 40 33 58 36 55 26 35 85 82 7 67 94 8 54 93 54 76 19 92 13 69 94 46 37 48 76 77 8 16 51 50 10 62 9 78 64 22 38 86 89 14 81 2 72 62 41 6 78 36 12 39 41 33 55 63 13 87 35 27 54 20 88 69 7 75 96 15 42 14 
18 58 71 48 55 10 65 63 81 37 30 68 87 10 74 54 36 4 36 64 67 31 88 15 30 55 96 32 97 39 13 61 90 95 92 38 27 0 9 26 55 79 59 55 21 5 69 18 89 2 65 50 52 41 77 56 62 3 14 79 94 46 81 81 2 84 83 5 91 36 69 83 27 64 56 45 57 15 77 3 54 65 8 13 74 68 50 83 28 54 8 33 61 57 75 37 85 50 92 2 
16 73 5 46 45 67 89 86 45 57 42 59 22 4 17 25 48 45 30 84 52 47 71 43 83 83 89 40 29 60 44 79 74 23 35 47 81 0 42 94 67 2 5 28 74 39 89 50 67 64 1 31 49 3 5 20 80 57 46 56 68 55 42 54 5 24 77 62 90 21 40 45 13 15 69 93 11 99 67 56 56 72 44 8 85 82 96 43 71 39 59 92 99 50 98 10 53 1 42 87 
17 91 22 19 69 47 94 26 83 52 4 75 77 41 33 83 46 47 67 90 86 12 6 76 98 66 41 26 29 41 98 30 58 81 37 60 31 79 9 75 94 41 63 72 58 5 2 76 5 6 59 72 15 81 26 84 97 67 38 20 86 50 50 83 61 65 11 45 97 79 96 8 38 15 20 9 73 45 19 19 21 73 87 28 59 45 88 40 15 88 5 3 44 60 89 54 62 63 86 12 
98 6 6 41 25 98 31 15 56 75 39 61 40 69 47 36 86 89 83 84 57 41 71 19 91 96 40 0 84 0 42 38 37 41 12 70 88 52 61 87 17 31 18 32 28 57 76 35 32 29 71 72 47 44 70 12 87 38 17 59 37 8 9 64 19 27 20 11 11 52 53 83 98 37 68 45 71 39 60 65 40 96 0 8 97 86 21 94 59 89 38 52 47 26 61 92 56 93 93 24 
98 8 31 97 16 76 70 97 71 23 62 62 19 86 51 12 71 38 85 5 76 78 39 84 63 67 50 96 92 62 59 89 73 73 60 51 18 88 91 31 88 94 87 98 17 49 99 89 53 2 0 21 38 56 90 6 21 18 2 43 42 47 7 67 47 74 51 39 94 70 99 74 0 44 21 10 50 90 44 21 78 58 17 14 85 68 89 17 72 76 27 36 91 15 20 64 50 12 28 16 
66 46 55 4 6 4 95 64 74 44 87 10 39 31 64 56 25 45 28 71 61 8 45 45 96 95 74 42 32 62 91 2 27 91 81 76 89 78 81 61 9 32 15 70 12 13 50 52 1 12 57 99 49 23 18 33 79 71 10 39 61 37 89 52 41 10 28 97 18 48 36 2 82 33 84 3 25 7 58 72 63 17 26 49 14 5 88 36 68 50 27 45 31 28 10 20 8 62 73 93 
53 68 55 17 90 17 43 87 29 22 52 54 61 31 10 84 56 77 10 50 97 65 21 67 17 32 56 57 27 32 58 99 37 62 14 40 33 44 99 20 62 9 73 28 84 50 14 18 65 72 81 39 64 71 85 56 78 53 41 47 76 59 82 71 32 67 2 97 11 67 24 45 10 25 40 32 20 96 37 46 11 93 11 99 74 49 34 18 67 66 24 74 93 44 78 9 56 58 82 86 
32 62 19 58 50 1 17 96 96 10 71 45 24 53 55 58 0 3 48 4 84 92 41 87 91 75 69 1 78 21 66 65 35 92 43 2 78 10 13 86 46 63 40 41 14 39 78 44 19 92 3 82 53 22 73 32 18 31 39 80 54 73 75 32 33 82 16 35 74 64 15 33 0 9 93 75 14 44 58 82 78 4 36 0 13 57 47 90 93 49 4 96 60 16 76 42 42 79 58 0 
41 50 23 33 63 0 41 39 43 3 18 98 27 80 10 26 62 36 68 74 38 92 5 46 92 86 45 55 46 20 14 17 68 60 78 14 39 9 56 74 75 89 22 81 52 88 50 40 78 40 82 94 75 9 13 46 65 62 74 27 65 69 55 63 95 0 3 4 39 64 75 66 0 54 19 24 75 83 79 6 66 24 19 27 1 43 60 93 48 97 96 46 58 41 50 56 50 39 30 95 
9 88 93 88 99 85 96 45 21 14 9 36 78 18 83 50 12 95 39 97 29 51 22 36 19 16 61 65 13 64 3 79 63 26 98 93 68 79 89 2 21 52 52 59 53 23 24 38 75 21 37 56 84 23 45 49 10 59 14 46 20 97 79 48 22 77 11 83 59 75 11 46 73 26 13 17 57 17 36 30 28 0 70 77 73 21 0 5 0 30 61 0 90 66 25 58 6 38 79 76 
43 82 85 28 11 56 23 71 64 16 94 0 77 72 51 19 11 95 31 88 25 40 12 9 64 12 85 65 75 56 42 7 78 88 15 2 8 85 46 30 79 79 83 19 99 99 83 92 32 98 30 51 56 98 13 7 34 11 84 58 88 72 5 56 42 16 13 51 72 13 3 48 86 71 30 91 6 98 2 51 90 28 70 40 6 32 0 8 48 50 57 87 78 86 63 54 32 34 40 55 
47 34 45 67 25 32 75 20 82 16 0 4 26 89 62 41 20 29 3 78 37 54 17 41 14 85 12 51 32 83 31 98 81 61 84 42 23 41 39 6 46 51 38 39 67 57 66 64 80 65 48 28 91 90 86 37 97 14 36 42 77 11 35 92 89 69 61 76 25 18 52 17 20 27 31 92 59 51 87 59 70 77 59 53 44 67 38 26 70 44 20 39 25 5 11 17 96 52 11 23 
64 24 89 21 30 61 28 15 68 63 72 68 16 89 82 67 25 64 16 55 76 36 7 34 86 62 31 17 22 98 62 86 26 95 67 82 37 25 68 12 15 26 49 73 8 16 95 93 46 6 81 74 94 73 2 40 57 17 43 36 63 52 74 81 15 74 88 32 41 82 19 99 40 80 23 13 8 67 37 75 71 53 4 98 9 64 72 11 18 15 44 19 15 50 32 8 57 42 27 67 
41 84 81 76 67 4 76 0 46 69 77 37 19 76 65 71 41 40 9 92 40 8 69 72 9 83 51 51 30 90 36 84 79 77 79 59 75 55 39 5 91 47 5 19 27 51 93 72 46 94 73 3 13 51 70 36 51 67 8 38 99 51 84 9 25 62 32 13 66 92 81 6 14 76 16 77 55 32 23 47 48 70 13 53 11 44 44 84 11 12 70 53 16 93 46 4 60 66 88 48 
54 20 88 6 25 62 91 15 79 8 7 3 78 39 8 92 95 28 94 22 66 79 5 57 17 31 78 59 96 3 92 62 48 83 55 77 30 62 44 22 31 46 5 84 70 98 66 94 81 15 40 88 27 59 5 92 26 82 13 36 84 13 15 33 4 28 91 24 46 26 50 64 95 20 90 63 22 30 88 9 37 61 79 85 12 30 27 55 54 41 62 22 46 29 21 87 2 47 78 81 
89 30 9 94 74 74 45 14 75 12 5 39 51 24 50 80 71 60 18 23 67 9 49 40 36 39 75 67 69 41 15 17 47 37 54 13 25 33 67 42 36 11 9 35 30 43 41 43 25 78 58 50 11 25 75 48 83 18 28 96 94 46 43 0 7 72 8 3 24 89 94 19 19 84 85 61 3 24 13 73 34 0 84 46 58 74 18 65 15 7 32 16 77 9 48 63 31 10 59 30 
3 13 12 82 2 79 15 0 82 51 77 2 58 1 99 1 66 75 5 43 32 61 68 50 46 19 61 36 81 92 56 41 9 46 85 65 6 67 42 14 35 17 85 30 29 14 31 85 42 61 1 34 38 1 6 34 41 67 58 85 90 78 6 31 80 71 19 6 83 13 3 18 50 50 69 85 78 94 69 21 49 36 56 90 36 67 49 92 61 22 60 72 26 51 81 14 38 81 36 67 
57 0 96 72 30 57 6 63 78 22 0 76 36 75 93 27 3 90 26 56 88 28 98 27 28 20 14 17 24 39 64 86 55 41 16 88 72 83 51 28 37 1 36 72 7 99 17 61 51 26 63 14 92 32 16 76 6 84 31 16 70 86 13 58 75 3 52 59 88 15 1 4 31 92 85 40 82 31 6 72 28 56 11 66 62 59 2 81 70 68 91 3 88 66 37 46 83 11 18 91 
42 46 34 88 72 15 84 32 36 40 90 41 85 16 18 29 42 4 25 33 69 83 7 86 13 98 67 16 16 80 60 77 90 44 8 34 43 45 64 80 67 97 5 46 80 65 93 1 59 8 93 24 87 70 25 21 2 78 80 95 46 19 54 89 67 16 55 68 65 47 50 32 85 19 33 33 67 92 71 95 31 14 64 42 80 88 52 48 95 40 99 11 48 88 62 84 67 47 85 12 
95 80 29 84 95 25 68 44 75 36 53 44 56 75 4 79 71 58 88 55 20 25 88 88 4 10 50 32 36 56 56 24 22 25 49 17 17 12 82 89 68 98 97 90 27 18 60 55 53 56 98 46 25 84 91 22 28 62 42 87 3 75 72 54 45 85 22 89 90 16 25 10 46 2 25 31 16 76 88 90 59 81 37 6 78 71 33 33 5 47 20 83 55 10 75 60 27 57 85 13 
44 80 59 13 80 27 21 73 18 25 57 4 87 58 26 37 62 18 45 82 59 90 2 74 30 3 91 24 71 28 5 82 89 21 24 5 43 46 59 46 15 44 82 50 41 2 43 88 22 62 76 55 46 43 28 91 18 6 55 64 14 8 42 70 62 30 2 57 79 86 49 89 73 90 52 10 95 18 66 28 82 15 12 73 61 44 32 17 96 80 84 99 32 62 53 67 15 8 91 7 
0 68 54 26 49 94 37 1 23 69 31 4 90 28 91 25 70 60 16 18 96 25 65 77 37 84 21 79 88 59 98 58 90 67 39 96 47 57 19 4 74 76 0 11 77 30 25 93 39 45 35 73 2 12 6 78 41 22 26 64 72 62 76 78 1 52 27 21 95 58 90 1 96 83 35 99 65 84 72 67 73 12 46 46 82 57 52 18 63 15 41 89 17 5 20 35 88 78 34 72 
40 14 20 38 9 89 91 95 24 67 34 25 80 64 64 81 95 50 97 41 56 28 1 10 17 17 6 61 44 30 8 1 16 53 59 93 33 23 49 42 15 26 27 21 35 94 65 74 82 52 47 59 44 13 70 94 61 98 54 57 97 12 90 77 41 38 67 12 27 64 20 2 82 50 73 1 87 21 21 65 7 66 50 49 87 81 4 59 52 91 29 85 79 55 15 50 56 9 14 70 
88 52 76 50 57 3 46 79 53 86 1 47 86 70 33 21 17 0 92 72 52 13 6 10 26 44 48 21 84 84 86 11 13 21 50 10 59 52 93 2 51 89 96 62 55 12 68 84 97 99 13 49 35 19 73 60 41 58 47 70 75 12 42 6 35 89 4 22 93 41 75 82 37 17 98 31 1 53 7 11 32 26 76 54 2 42 63 32 33 98 66 30 91 60 55 33 61 36 97 43 
83 92 95 27 5 18 24 95 70 93 43 8 94 20 20 68 37 86 19 16 78 23 21 79 54 94 44 63 98 63 10 75 73 26 37 17 18 65 53 40 20 67 51 81 59 14 41 85 76 62 29 6 92 50 86 15 98 58 69 0 21 98 57 7 95 10 93 92 7 18 26 4 68 60 15 0 39 95 67 50 79 59 30 28 59 19 35 80 51 1 6 81 47 56 45 7 33 18 40 60 
41 28 77 5 14 23 64 71 50 76 19 92 21 0 29 4 30 93 0 36 91 51 72 76 24 14 10 28 90 62 25 61 92 40 4 45 81 17 73 93 43 61 48 85 0 21 50 25 99 60 39 57 81 3 30 86 8 67 49 68 55 31 45 68 67 86 98 7 42 13 94 69 7 41 98 22 66 64 30 79 88 33 46 37 72 29 57 79 18 72 21 13 8 21 6 83 80 57 80 22 
58 52 91 65 66 69 74 76 56 11 80 86 30 48 0 47 69 79 71 88 52 8 78 93 9 31 26 79 45 65 97 8 11 18 73 80 48 84 11 38 57 82 56 65 56 64 50 43 28 2 2 11 68 80 37 22 9 74 69 25 11 87 57 28 65 34 59 78 84 86 37 43 83 42 94 2 4 66 67 65 60 29 62 46 35 80 73 63 78 97 9 87 34 15 1 26 10 33 82 91 
76 33 77 49 60 95 43 17 44 62 19 33 63 94 69 55 21 27 22 27 70 93 32 67 38 36 23 66 84 50 85 47 26 35 82 91 5 52 26 56 53 15 39 15 51 37 57 0 97 29 52 44 62 25 70 96 83 63 53 56 49 34 20 42 75 64 64 21 54 97 80 36 43 49 13 31 29 75 1 44 41 20 24 89 82 66 97 73 32 27 79 92 15 36 23 69 67 49 31 39 
27 24 19 5 62 10 63 49 85 0 26 46 95 21 26 54 14 64 67 64 18 21 52 15 15 85 3 54 82 74 88 96 35 31 6 75 62 35 37 49 63 75 27 64 76 83 40 47 89 2 79 96 13 29 48 47 4 12 15 22 3 14 66 91 4 26 6 95 62 86 10 68 91 37 52 57 68 72 80 92 32 8 42 65 21 54 7 29 52 62 27 98 15 37 22 73 84 90 73 39 
23 79 18 48 84 97 90 81 90 20 17 93 83 20 79 31 86 28 66 18 85 83 84 36 74 33 43 3 8 42 98 53 5 26 93 23 79 76 8 60 4 44 87 74 38 75 54 22 19 72 16 84 48 30 9 62 8 15 13 61 64 15 21 11 72 58 28 3 96 34 18 14 68 56 19 36 41 92 47 62 37 66 85 13 41 0 70 26 45 58 40 75 59 9 91 91 24 63 78 18 
11 38 76 63 11 87 4 33 96 93 79 75 93 41 90 7 80 64 80 18 48 88 97 58 55 35 70 63 64 26 59 74 52 60 87 95 37 30 27 66 22 42 17 85 72 26 10 20 36 35 30 89 23 57 51 32 98 10 65 69 34 83 16 69 66 17 62 27 46 32 2 20 92 76 42 48 69 5 89 83 35 28 88 54 4 78 94 7 21 25 93 80 8 61 19 6 55 65 25 9 
46 66 71 25 34 7 8 85 79 17 28 11 87 72 3 67 68 51 83 41 12 45 16 0 35 49 71 12 5 99 49 58 80 59 38 99 60 54 17 82 29 94 94 6 89 67 66 43 27 99 37 40 43 78 9 65 30 22 65 57 57 56 13 91 93 68 33 5 37 10 85 93 24 57 43 11 25 84 13 62 60 7 32 90 73 35 25 43 79 81 27 32 38 16 41 18 69 68 50 22 
51 42 66 0 68 86 31 58 98 8 60 4 53 78 77 33 16 36 59 70 4 49 40 73 62 94 74 57 60 97 8 12 8 23 98 89 1 84 7 91 66 90 0 17 24 77 6 52 70 78 87 78 98 11 17 32 27 82 59 82 54 8 60 54 33 68 29 42 98 12 14 70 71 95 4 45 66 91 50 83 20 61 29 31 21 3 33 45 22 81 88 7 10 87 13 40 38 34 17 41 
9 53 25 7 42 26 21 65 71 65 66 78 73 60 82 97 41 56 24 97 19 31 2 75 57 74 7 78 23 49 32 33 48 16 38 90 31 92 45 51 2 67 8 69 87 60 89 37 26 91 86 18 42 79 16 62 59 33 10 28 71 16 89 30 4 69 83 32 70 45 82 48 93 56 55 72 40 48 6 13 11 51 80 93 39 46 58 40 84 50 15 62 87 79 49 12 65 31 16 83 
50 44 16 29 14 49 52 51 29 93 30 54 5 5 57 51 41 59 1 84 4 72 13 68 31 24 51 55 90 50 20 20 80 85 41 0 70 85 33 22 74 63 72 21 21 44 33 6 33 91 95 68 58 1 89 86 79 40 75 3 77 0 7 96 88 9 31 67 37 97 33 77 11 37 20 4 4 85 53 87 87 81 70 96 60 61 54 68 63 30 18 64 88 38 53 13 22 32 38 32 
27 4 9 64 64 36 43 29 73 4 52 7 63 82 66 70 20 6 16 19 67 64 50 78 28 19 91 25 18 37 56 1 55 55 19 76 12 19 84 55 46 60 98 89 37 86 2 95 23 73 79 21 26 22 89 21 69 84 19 99 96 21 27 9 75 18 10 87 17 86 99 1 17 45 52 44 72 88 42 71 56 97 4 75 65 61 99 97 51 36 64 18 31 20 38 55 5 52 62 59 
29 47 57 93 8 37 69 98 89 29 58 98 77 31 86 66 28 41 19 11 53 61 43 84 16 9 18 9 74 9 12 94 85 48 37 82 84 69 65 22 56 88 39 13 76 58 41 57 11 97 33 65 57 11 70 8 99 4 10 34 6 30 63 54 8 81 95 88 13 72 20 40 65 86 48 42 51 44 54 95 29 73 5 96 45 23 56 90 80 62 66 30 0 15 43 74 8 7 67 31 
94 28 7 24 60 82 61 55 68 17 0 78 20 19 76 73 74 93 6 42 15 83 19 25 58 51 41 41 47 98 2 27 68 77 61 94 37 13 67 10 27 30 83 17 38 25 65 95 31 40 83 24 7 70 11 83 82 87 43 93 74 29 55 92 12 52 79 86 79 87 29 73 70 91 35 39 60 23 36 61 14 9 15 16 17 4 64 0 81 59 64 49 25 88 99 10 68 9 84 52 
55 19 91 35 71 99 85 22 82 86 65 37 17 67 58 42 25 68 78 69 31 62 9 9 56 1 81 30 52 27 28 92 89 34 10 91 8 11 88 57 52 58 73 86 74 39 61 78 31 59 28 48 43 80 16 57 74 65 93 94 18 10 27 90 57 95 17 35 95 74 93 52 69 94 92 71 23 9 35 49 87 77 38 62 71 90 16 57 9 23 71 51 52 52 90 79 86 6 24 22 
53 25 79 31 58 86 64 22 0 80 21 61 64 29 8 72 97 92 34 93 7 53 68 46 80 38 84 5 62 13 19 44 65 28 18 99 59 3 43 98 51 52 85 67 56 31 83 64 46 9 56 25 69 79 75 53 60 11 77 97 83 2 39 89 93 66 46 78 0 21 64 59 54 11 57 76 73 41 86 28 78 22 32 69 19 94 64 18 24 37 62 36 6 33 27 13 95 15 60 37 
61 56 4 97 59 2 29 38 80 52 17 18 53 70 6 18 28 38 20 79 74 4 26 48 39 39 76 68 36 44 15 28 78 95 85 37 16 28 83 23 96 7 93 20 70 14 17 14 58 50 70 46 13 29 17 79 9 28 53 42 16 45 63 56 2 70 41 69 14 47 1 82 27 11 1 89 67 42 61 86 55 83 54 58 80 48 16 20 66 15 70 52 39 29 21 35 42 86 84 46 
12 43 58 82 95 87 45 72 78 97 2 75 88 28 56 19 52 24 94 10 8 89 87 16 44 5 28 67 90 55 5 60 40 89 91 5 45 93 37 55 80 12 29 71 41 18 73 0 77 10 83 43 24 45 73 15 41 1 56 30 26 60 72 28 92 84 63 18 73 29 6 53 84 78 25 80 22 57 45 71 3 81 80 90 22 56 43 34 8 4 34 58 17 29 29 4 5 18 34 65 
99 69 19 14 72 79 2 57 22 92 22 99 81 6 7 39 62 97 89 19 30 90 57 30 17 96 37 6 83 68 25 78 91 26 93 86 26 21 36 73 23 43 38 88 69 9 51 94 55 21 48 16 91 96 45 73 28 67 31 16 98 4 50 33 72 58 19 13 68 66 60 82 55 39 32 2 93 5 89 75 71 52 3 3 46 46 15 33 79 90 59 52 30 54 56 26 19 25 69 75 
88 34 38 19 71 48 92 74 46 98 31 50 60 57 46 94 89 55 42 69 82 22 77 61 90 2 12 65 96 31 59 49 47 6 60 0 10 13 83 34 27 21 12 71 63 76 18 96 14 32 34 57 33 58 26 90 63 22 52 42 51 19 50 9 72 14 80 61 98 15 12 47 74 26 28 3 39 22 97 53 18 72 55 21 19 36 54 21 1 49 71 34 20 73 13 32 33 85 13 82 
77 13 36 42 54 56 40 60 34 51 18 5 5 64 2 1 77 97 51 29 28 37 57 27 59 86 0 59 64 35 0 95 48 36 53 45 10 48 67 75 78 59 14 60 43 52 98 53 68 27 91 94 36 67 31 94 43 22 72 28 38 6 11 80 27 24 5 17 87 93 58 29 61 44 7 22 7 39 28 81 65 18 89 92 20 42 36 92 33 88 36 13 99 59 80 2 86 88 84 19 
65 8 55 48 17 21 24 99 10 85 70 74 35 38 42 63 81 58 12 55 13 65 76 16 23 53 99 67 17 80 88 74 27 33 64 78 38 72 6 91 97 39 99 98 29 21 52 51 19 1 64 69 83 72 89 43 61 98 91 40 27 30 95 5 95 31 84 45 70 53 3 70 17 77 16 6 50 54 6 61 74 13 19 37 62 38 82 61 98 30 36 62 50 35 28 70 91 59 76 59 
12 98 13 36 61 30 87 67 87 87 97 31 54 26 37 6 95 30 39 69 55 78 14 91 32 38 56 24 76 60 95 79 79 76 12 26 48 19 35 95 52 49 67 34 71 33 39 78 75 93 61 5 90 90 98 69 14 21 58 87 46 71 25 9 76 38 19 2 73 92 48 88 41 43 99 39 4 82 36 0 48 43 55 0 63 9 55 18 83 72 90 79 33 51 11 41 27 33 98 97 
97 84 7 29 70 77 25 48 6 76 40 36 14 3 5 50 8 0 13 76 49 56 89 84 40 85 60 78 8 92 57 12 56 23 54 45 42 5 18 31 97 11 87 98 95 37 47 87 23 18 28 98 42 9 33 54 41 80 8 42 50 49 85 5 82 94 96 82 78 81 65 86 69 77 10 50 97 19 54 39 82 12 21 51 43 42 17 5 42 69 15 69 70 44 12 42 83 5 62 3 
22 69 62 15 13 47 36 0 46 26 49 2 87 17 4 25 56 39 74 53 24 40 42 9 37 94 85 50 98 23 82 48 2 10 86 12 63 24 54 8 56 45 65 37 18 30 19 51 1 30 22 46 67 40 72 31 40 91 89 20 8 37 11 45 2 83 23 79 49 66 78 50 24 70 44 2 89 67 0 81 21 76 84 96 90 38 22 19 22 30 26 46 61 26 98 34 53 74 40 11 
76 89 23 50 37 1 76 22 47 39 14 79 46 20 0 84 83 97 98 69 14 16 39 19 41 31 22 39 12 44 78 68 16 66 26 49 69 47 29 90 47 11 18 93 54 76 51 52 0 34 38 98 27 28 53 63 36 79 55 64 56 27 59 78 44 93 89 33 10 24 13 60 78 74 66 87 82 32 32 46 38 92 42 0 66 19 99 34 69 55 33 65 74 31 50 1 42 25 75 76 
5 87 18 54 32 77 8 74 82 17 47 40 93 36 0 57 87 81 25 52 70 3 85 46 85 8 96 29 24 39 72 96 54 1 48 94 4 55 88 48 29 67 13 44 32 58 2 59 62 81 87 5 33 22 2 60 88 44 84 54 75 38 69 63 41 1 45 34 60 73 8 86 53 57 93 65 61 69 32 88 55 27 54 45 27 37 36 73 2 38 50 64 51 83 9 27 69 0 3 25 
2 51 3 81 96 8 23 6 50 9 64 99 45 36 73 25 88 31 68 2 36 28 70 84 76 21 36 90 32 49 57 51 35 96 66 7 95 75 92 9 12 7 72 35 34 60 1 95 55 73 5 84 82 91 37 64 45 61 86 99 72 9 88 95 67 12 55 90 70 91 58 9 59 83 23 86 76 98 8 4 73 62 51 30 88 46 50 29 91 35 24 54 86 12 87 7 10 88 52 0 
25 27 0 78 39 12 14 59 12 87 76 1 87 83 39 71 86 53 25 96 47 30 42 35 26 65 58 2 76 76 72 95 55 32 99 16 39 27 0 74 33 3 65 0 79 48 92 89 27 46 51 15 51 58 26 38 27 17 81 28 84 11 84 78 38 26 89 91 49 56 65 3 89 96 41 15 1 24 34 11 20 99 99 72 75 25 94 75 47 87 85 61 87 94 94 69 40 68 41 35 
27 78 57 98 78 29 58 57 11 36 14 80 21 92 81 82 65 88 89 38 96 8 73 50 77 9 97 35 14 63 12 16 2 65 49 27 53 32 8 69 32 67 7 58 78 50 58 60 67 34 15 39 35 47 62 1 14 3 18 62 63 50 64 30 38 15 12 74 54 78 93 65 59 58 53 20 23 32 65 20 98 37 73 2 16 81 11 27 26 8 76 17 49 14 7 42 70 81 75 8 
41 82 67 84 25 72 20 90 71 44 18 41 10 29 58 35 39 61 60 68 80 53 51 48 14 10 97 78 4 41 65 7 26 65 89 34 30 62 1 76 63 27 45 3 95 67 59 95 27 49 25 65 14 86 87 19 91 39 64 36 14 63 66 4 40 22 0 91 45 75 87 99 24 3 83 14 77 31 26 52 57 38 3 92 66 82 21 79 64 37 86 6 77 39 62 80 68 90 15 91 
12 80 95 29 95 60 47 86 51 92 73 96 21 70 33 87 45 38 84 22 37 15 87 50 41 52 30 61 18 76 98 74 41 69 39 55 11 34 34 27 19 11 40 29 71 93 31 52 62 42 5 93 2 93 29 26 90 42 41 61 78 33 89 76 45 93 25 45 87 27 15 45 47 7 61 5 39 26 30 61 35 72 2 52 34 1 94 56 75 74 59 38 28 53 73 1 76 25 57 20 
94 90 6 80 8 57 2 22 81 98 0 81 14 67 93 76 99 68 6 99 57 68 12 70 99 63 81 17 86 32 97 10 21 9 3 36 77 92 87 34 4 77 32 12 88 85 58 55 11 73 95 6 60 3 25 80 40 40 53 25 99 67 71 1 80 13 15 86 32 5 34 4 69 74 19 21 81 11 99 99 43 94 43 67 48 16 14 76 59 95 10 23 74 45 99 55 67 69 25 0 
55 44 93 16 56 69 39 42 89 52 86 63 82 23 73 69 53 66 89 45 76 81 83 76 8 35 95 22 98 21 29 80 95 12 39 98 33 87 43 6 76 41 47 50 6 89 90 96 79 70 92 61 3 93 13 17 65 65 37 97 8 87 36 92 8 5 77 30 20 96 32 9 41 1 72 50 77 96 37 64 29 3 58 43 4 32 54 8 49 18 61 91 54 57 33 74 18 13 38 8 
56 63 13 47 89 77 47 66 44 55 74 93 80 30 48 63 26 42 40 11 99 38 33 34 12 95 80 88 17 10 82 8 2 69 42 49 60 8 51 82 43 50 37 96 12 75 20 69 42 2 14 21 89 23 15 1 10 6 58 68 36 64 65 90 70 33 51 41 66 55 93 33 30 75 43 55 5 81 97 66 40 4 97 30 65 30 94 84 64 5 50 45 76 68 4 30 60 84 17 84 
51 70 8 69 44 95 15 15 78 21 88 0 28 14 56 97 8 6 55 59 73 10 56 79 73 69 10 52 24 22 31 34 66 28 60 90 83 85 93 24 53 54 71 72 37 33 67 48 2 89 8 14 62 82 52 34 67 8 23 29 1 54 57 52 65 61 9 42 93 59 58 27 52 1 81 95 17 8 23 6 3 7 28 89 72 55 27 37 66 49 76 83 17 28 76 24 2 63 76 22 
43 69 37 30 72 1 86 99 66 25 54 59 34 13 80 4 28 5 80 14 49 79 32 84 50 38 43 76 70 12 8 10 53 48 2 47 9 23 11 30 41 44 43 31 57 51 30 0 13 48 56 25 33 75 15 54 97 9 26 90 64 80 50 34 98 96 70 84 31 23 43 82 18 30 43 6 34 84 1 91 94 6 10 92 70 8 78 27 45 48 6 92 18 96 72 39 72 24 36 15 
73 80 66 33 56 27 60 73 34 41 77 82 90 10 42 40 48 35 0 21 64 32 6 29 98 47 76 47 53 17 40 47 44 66 57 73 73 14 5 14 24 33 75 22 10 98 32 57 59 7 89 38 12 48 62 89 77 10 54 4 78 30 99 16 21 79 23 80 99 15 2 14 46 1 34 77 46 15 69 32 30 33 82 93 66 86 55 87 31 85 96 64 31 64 76 62 13 68 28 9 
91 60 56 58 10 8 90 97 46 12 56 51 27 9 78 82 58 14 75 5 36 63 20 69 20 58 11 52 75 80 36 32 89 51 14 24 61 39 12 45 74 49 5 99 84 90 33 89 4 5 29 94 40 61 38 73 36 57 24 56 22 45 72 5 85 32 68 29 15 74 55 0 17 28 41 97 38 57 3 5 40 75 62 30 26 50 56 14 61 85 44 10 45 23 51 32 94 56 23 54 
92 12 43 24 48 86 67 91 29 77 5 48 57 11 36 29 83 95 44 11 25 65 14 12 69 63 54 65 50 46 26 74 80 77 57 96 59 42 95 67 36 47 14 42 64 10 86 68 35 15 97 0 81 2 87 59 22 69 56 72 3 72 5 68 70 23 7 8 30 82 54 72 5 82 3 29 26 8 64 57 74 55 8 97 0 71 25 19 4 72 25 73 94 71 33 82 60 19 68 36 
57 2 79 54 86 59 71 2 56 79 63 73 64 51 28 38 8 21 75 52 83 24 93 32 50 57 57 55 44 32 69 4 27 39 18 24 64 9 46 69 93 46 22 56 4 62 5 3 51 43 22 91 94 71 17 98 49 86 73 95 26 80 76 52 77 5 99 96 31 89 52 87 24 63 58 83 31 69 15 92 27 34 32 26 82 14 52 69 89 85 53 78 44 43 44 36 0 83 59 13 
78 47 6 26 56 31 65 92 86 15 63 17 18 66 48 87 23 80 46 58 92 91 50 8 5 90 90 60 5 66 81 51 35 18 19 7 54 89 85 21 74 97 12 6 96 18 94 32 65 83 8 62 92 48 91 89 52 13 60 12 23 17 94 54 68 31 67 3 98 49 2 8 10 2 91 39 19 74 35 87 24 63 45 55 82 71 85 61 66 31 96 29 41 13 69 26 10 73 19 65 
24 33 10 91 9 11 54 45 65 64 49 74 87 53 53 35 41 84 47 24 31 16 66 93 58 66 58 12 69 85 2 92 51 3 87 37 22 92 83 62 64 85 95 51 80 73 29 9 67 21 77 46 67 2 0 5 35 95 53 46 53 66 44 70 57 27 48 82 38 40 90 84 98 16 38 5 93 34 28 69 10 19 47 64 97 43 92 82 12 64 99 1 5 77 98 30 32 14 94 57 
49 3 81 85 4 34 24 24 91 41 66 86 7 92 14 8 47 83 94 91 89 75 43 82 74 30 42 56 25 48 32 96 15 59 90 55 73 66 12 60 5 85 56 86 82 60 5 11 47 63 52 75 46 37 85 23 44 64 23 7 3 84 14 98 67 37 13 65 47 6 71 33 73 19 4 72 79 51 64 38 30 74 80 0 54 33 98 26 71 76 74 1 88 22 40 59 75 64 72 34 
88 58 12 27 65 15 13 32 29 32 12 84 64 70 45 77 2 88 1 57 43 17 65 97 51 68 87 7 5 81 21 36 13 36 95 90 58 72 76 2 13 79 48 44 20 56 48 33 98 1 58 18 56 32 19 39 51 31 74 7 34 63 71 86 90 53 56 6 32 46 55 34 36 41 80 48 76 66 16 46 38 74 14 4 5 88 61 56 37 34 70 49 6 36 31 88 7 72 44 55 
67 18 33 28 19 10 33 55 42 92 5 75 38 23 52 14 23 78 5 18 73 35 82 94 65 20 4 22 7 58 18 86 15 24 90 69 73 13 38 88 67 13 64 60 65 33 72 10 82 49 65 86 78 2 34 66 62 89 54 56 20 18 82 41 63 91 71 19 93 91 7 9 35 66 71 57 8 32 19 55 54 10 45 0 94 12 94 26 82 76 73 70 56 34 85 1 4 72 11 95 
94 87 28 5 34 47 69 7 76 55 79 9 47 89 47 81 75 45 39 92 17 7 50 96 20 58 54 75 30 6 43 26 45 22 38 0 55 7 55 96 26 75 19 32 76 41 65 99 70 24 92 90 91 94 64 10 32 55 61 37 41 30 25 90 34 56 12 50 91 58 95 29 77 43 16 16 55 79 27 44 75 46 89 7 0 77 28 77 99 61 91 33 69 0 79 17 37 88 79 39 
6 66 44 58 28 48 28 17 2 2 47 82 10 82 75 26 76 51 44 71 15 51 35 34 85 95 88 82 82 58 1 56 36 20 54 52 98 22 86 95 73 71 75 99 10 77 8 37 86 68 14 85 94 10 37 11 63 20 97 44 48 83 65 83 49 71 42 93 96 0 2 3 94 70 51 94 69 82 91 23 71 5 66 64 69 61 78 6 77 38 77 45 5 19 56 73 85 56 15 15 
46 94 37 63 92 6 45 51 97 90 37 32 3 98 86 94 60 73 57 22 44 34 28 76 71 61 16 43 19 6 41 0 32 58 54 60 98 75 55 33 91 69 72 15 62 70 28 85 7 81 78 27 75 51 47 41 23 46 88 71 32 39 53 78 50 17 69 83 81 34 8 90 67 58 99 54 95 70 4 24 69 34 29 57 28 58 57 64 84 85 0 75 8 67 78 96 19 6 7 82 
77 63 89 49 96 38 67 60 52 37 52 46 92 52 39 80 89 78 42 81 72 63 57 33 63 59 36 81 80 62 3 7 94 97 49 22 36 64 35 50 55 36 42 41 42 30 83 96 52 60 14 44 85 72 6 91 21 39 43 47 93 4 37 41 43 97 32 69 61 33 7 98 93 86 37 44 72 69 50 69 42 76 50 89 8 11 7 91 73 22 76 17 2 86 2 63 70 14 6 35 
68 12 99 49 94 64 62 71 85 44 35 0 94 57 17 0 81 21 32 47 48 49 75 3 71 36 69 59 25 89 76 78 41 82 40 79 85 42 36 22 43 72 14 15 43 88 48 77 64 81 66 66 10 51 38 93 87 91 86 4 29 90 1 3 16 58 33 65 4 43 7 81 20 76 43 11 92 48 33 68 37 48 69 88 95 49 63 63 87 63 46 78 70 4 69 2 12 65 98 45 
17 84 83 44 86 89 87 85 51 38 26 38 63 81 79 89 39 87 69 1 64 3 19 25 7 11 1 48 74 35 28 60 97 72 69 59 87 47 57 27 94 17 43 33 27 85 82 73 85 68 44 11 59 68 92 89 38 84 40 27 62 43 62 83 88 4 64 23 95 29 73 99 37 34 58 83 37 67 5 12 75 84 33 14 7 57 22 10 93 51 94 77 60 66 88 17 34 3 93 10 
4 55 4 23 66 65 45 30 17 80 25 10 91 88 43 80 23 79 51 64 9 95 0 48 68 27 99 65 50 14 78 17 88 19 61 93 32 37 36 36 11 48 24 35 82 52 11 58 10 46 26 23 58 29 85 10 74 87 38 29 90 40 37 21 45 54 32 96 26 74 25 44 82 2 0 91 35 7 99 85 93 45 79 28 48 17 77 46 85 13 89 12 40 42 46 76 93 35 53 88 
