21 6 96 20 25 70 8 36 54 88 3 95 8 13 33 96 79 31 15 2 53 14 5 53 77 40 2 40 83 32 49 83 77 47 35 17 5 59 60 85 68 45 3 68 62 88 24 82 98 6 80 43 65 55 96 56 75 72 41 10 38 33 76 5 13 94 84 12 43 34 89 64 72 45 67 90 79 25 42 34 26 99 61 62 7 55 32 18 91 87 6 41 64 67 34 76 19 2 62 9 
82 80 97 23 50 25 86 20 0 30 86 3 3 13 40 35 38 65 3 19 14 14 0 84 30 25 30 64 21 88 14 60 91 57 2 4 60 9 73 70 18 51 72 4 73 41 28 90 99 18 15 71 68 76 19 75 52 76 17 1 48 24 82 65 23 96 96 21 24 44 6 0 74 45 93 87 83 2 62 71 54 81 52 82 45 82 20 98 38 63 25 51 64 73 69 12 16 38 17 49 
8 7 24 18 71 39 52 31 82 5 44 34 19 99 73 65 77 36 57 85 43 35 64 78 36 56 71 98 30 30 15 64 6 93 28 48 91 39 97 16 90 14 1 24 30 87 50 58 27 29 77 88 49 15 90 43 38 48 81 5 11 93 53 73 55 23 77 66 76 86 88 53 31 52 21 59 42 74 67 71 69 10 89 35 86 36 34 8 44 54 86 98 25 22 68 18 58 77 63 24 
80 66 30 88 65 67 57 48 97 24 21 42 73 54 31 42 71 2 40 35 63 97 67 58 89 86 79 70 57 22 70 30 48 71 74 96 51 28 88 12 25 8 15 13 80 26 34 37 8 24 96 46 11 62 34 79 44 96 14 1 62 86 11 68 79 1 45 53 58 99 86 53 39 75 69 50 5 13 58 64 56 22 2 3 71 21 25 39 11 69 13 16 54 19 93 11 91 26 18 68 
55 31 56 57 6 44 80 59 62 60 92 52 25 90 71 61 97 5 7 64 5 61 97 49 17 26 52 73 18 97 41 11 43 33 93 59 52 12 87 42 37 38 19 75 45 61 59 75 79 2 73 32 88 39 93 1 3 42 85 23 54 32 10 55 1 73 21 42 79 79 10 1 51 8 15 59 33 78 64 3 10 25 46 66 46 40 46 8 3 20 83 78 72 27 34 40 40 6 61 72 
53 20 13 67 28 86 89 78 25 87 36 32 54 42 42 6 81 79 38 3 43 43 66 36 71 52 96 35 7 48 28 64 51 87 5 8 64 79 40 22 45 80 98 46 75 13 42 76 86 41 3 16 85 77 51 43 34 80 92 42 19 4 30 82 8 37 73 88 91 88 96 61 36 18 51 97 44 56 17 48 36 21 49 81 62 18 45 30 28 98 99 63 32 38 71 38 11 34 14 3 
72 68 82 17 59 72 42 5 67 78 3 6 29 88 30 56 10 83 88 9 10 27 0 96 2 1 52 28 99 49 71 49 48 32 49 93 31 88 31 18 18 45 28 90 79 50 12 75 68 16 77 39 25 2 27 11 56 38 64 28 34 63 0 90 59 52 77 9 53 15 18 52 10 45 85 16 59 22 6 97 78 48 7 66 98 25 57 71 92 48 32 66 26 27 65 51 13 87 7 97 
16 16 88 55 91 60 93 52 57 28 65 13 50 68 66 81 12 76 9 39 8 60 2 82 7 2 79 58 26 57 9 9 27 52 32 8 12 23 65 14 49 66 24 85 1 59 70 24 69 44 15 45 9 86 89 1 67 56 61 36 13 3 82 41 81 34 54 53 63 33 43 34 31 73 59 4 47 90 68 19 59 21 83 52 67 1 62 29 77 64 15 78 27 61 15 77 91 8 3 72 
34 3 65 29 50 96 27 58 12 57 95 6 20 42 38 20 25 33 59 23 60 74 50 70 24 86 98 81 29 62 74 39 18 80 63 25 43 85 63 39 83 79 56 6 81 48 11 9 97 40 75 20 29 75 25 38 96 59 78 29 79 93 3 32 15 62 95 4 98 68 11 99 57 64 77 21 57 22 47 43 29 63 98 38 16 67 72 32 7 19 99 86 49 69 11 25 57 5 51 24 
91 78 63 94 31 81 52 72 14 53 1 14 74 73 17 15 73 18 72 42 53 27 34 58 34 33 89 24 47 90 79 31 82 23 20 76 2 22 65 60 74 41 73 47 56 27 43 1 3 38 16 19 37 71 14 42 47 70 77 4 26 21 57 84 86 86 29 30 77 98 63 35 43 53 43 28 31 12 84 98 0 82 40 14 32 94 67 11 89 71 96 68 38 29 23 22 36 19 14 6 
95 86 54 31 46 69 68 78 26 66 44 21 70 8 57 77 78 28 82 55 77 1 5 22 63 31 12 71 21 56 12 53 99 78 42 94 66 43 15 54 43 21 88 34 14 16 26 91 19 35 78 16 54 67 12 33 49 38 53 2 46 31 70 56 66 29 59 58 2 64 32 38 80 66 75 17 48 79 83 36 70 60 99 13 79 14 37 5 16 51 69 39 74 56 16 25 16 15 30 33 
37 3 8 84 42 13 26 34 75 81 76 60 49 78 54 17 31 30 9 6 51 25 44 50 52 48 51 10 65 41 11 17 80 97 82 6 68 97 56 29 53 73 34 43 42 19 42 50 7 10 71 0 83 13 90 55 43 34 26 53 37 95 16 85 56 97 98 58 72 15 41 98 24 20 60 61 74 35 27 47 95 87 44 88 72 51 84 90 68 79 33 68 87 28 23 65 10 57 17 51 
32 82 21 81 17 25 3 95 5 71 1 56 67 72 55 0 50 2 61 39 35 23 45 98 48 13 71 65 73 5 10 32 98 75 29 6 16 97 89 83 31 99 17 81 46 14 84 33 84 55 18 35 36 81 45 83 16 81 61 77 0 14 57 51 56 26 92 77 56 56 60 2 51 6 22 34 46 36 83 15 16 85 14 92 14 6 93 66 91 85 20 41 58 60 87 83 62 90 35 55 
59 57 32 61 2 12 93 15 97 3 53 43 16 29 1 43 39 93 30 53 81 72 4 45 40 26 34 40 10 47 40 42 35 69 31 98 24 91 65 4 16 87 37 75 29 78 63 33 93 47 70 51 89 43 65 61 26 73 85 98 62 3 21 28 45 27 99 19 25 4 70 29 43 31 55 5 39 17 9 24 81 76 47 33 97 58 16 10 44 32 33 65 52 51 18 47 37 15 88 94 
85 10 36 3 33 23 44 24 94 50 10 30 63 31 65 65 15 0 64 26 45 76 16 17 46 46 33 21 47 19 92 61 52 19 52 52 0 25 79 55 13 8 98 73 14 68 11 52 96 78 77 62 34 85 53 94 17 93 96 48 94 1 53 55 45 67 33 85 70 66 84 56 21 47 1 67 36 88 45 62 92 23 88 51 68 82 4 1 72 63 99 82 88 29 58 75 17 15 23 95 
96 93 27 46 47 13 44 67 11 95 79 95 58 24 88 43 89 59 78 8 25 10 28 86 87 12 36 91 96 15 63 88 46 83 21 81 16 7 7 13 76 68 98 20 55 92 61 4 61 54 58 52 54 50 97 8 8 34 30 34 74 6 52 22 12 95 89 80 63 56 4 96 55 96 65 99 16 32 92 12 66 8 8 38 80 57 17 80 51 18 92 36 82 21 86 0 69 91 68 61 
59 78 41 54 92 39 56 66 67 72 88 33 74 40 37 64 23 56 57 82 67 28 55 25 22 83 90 9 78 7 37 44 7 13 53 6 50 64 28 47 48 63 89 78 43 39 96 32 39 69 84 6 66 38 93 33 64 73 47 55 92 57 88 43 16 26 69 24 47 79 76 40 97 46 92 39 79 4 49 9 24 8 90 32 38 25 64 20 49 58 5 21 76 90 89 39 66 41 47 25 
17 37 12 72 89 20 91 96 10 73 41 58 37 5 31 84 64 44 32 47 53 3 4 75 53 1 25 16 73 37 42 43 17 58 25 2 35 42 77 5 54 58 55 77 83 18 24 6 76 53 8 40 55 60 81 69 34 19 87 54 53 50 31 95 91 41 46 24 84 27 63 42 46 48 59 29 30 98 80 22 62 88 80 24 41 68 67 99 10 55 80 30 61 42 24 77 66 23 55 61 
88 44 99 63 5 35 62 42 50 51 39 5 57 22 16 24 61 96 55 81 98 55 50 90 22 31 92 42 92 83 40 5 66 56 20 40 8 54 50 12 19 6 34 41 90 7 61 94 72 67 64 11 66 39 27 44 96 93 99 48 3 74 2 44 44 16 31 29 15 14 94 95 84 18 96 72 6 30 38 92 34 62 10 38 34 72 83 66 83 93 6 9 56 55 88 66 48 0 58 66 
74 30 35 87 94 31 13 16 66 88 15 36 75 52 69 52 10 54 0 34 15 22 0 87 91 59 87 91 43 7 95 72 84 59 63 76 33 15 6 75 93 52 73 16 26 34 14 66 21 64 40 86 95 61 97 92 3 30 2 7 29 30 26 45 66 65 77 86 25 96 22 99 22 67 67 83 25 27 44 73 80 51 10 96 65 14 42 82 74 47 45 31 10 48 29 38 97 51 25 41 
94 90 33 58 12 84 33 52 74 9 19 79 56 74 27 3 99 44 74 99 38 99 8 13 58 2 18 84 99 29 96 94 0 70 12 67 72 64 87 77 82 77 64 78 98 98 54 75 46 36 93 66 80 49 28 2 48 19 93 29 20 85 57 31 42 36 22 90 34 39 86 73 61 93 62 72 17 62 31 52 53 33 59 91 44 2 84 83 29 56 84 7 94 12 56 74 89 43 55 7 
50 16 1 52 58 5 57 87 4 79 11 66 74 4 33 26 22 1 4 34 49 21 53 29 7 77 18 37 77 67 99 14 20 44 13 30 91 84 58 26 38 37 56 53 99 5 30 11 93 31 25 69 60 49 88 91 65 53 78 74 46 49 3 91 3 10 49 19 46 95 32 72 84 95 76 45 85 51 63 30 58 52 62 66 17 1 3 68 58 23 16 99 7 81 78 30 8 11 45 63 
48 58 75 99 30 58 59 74 28 82 75 19 38 27 75 71 14 88 76 90 66 41 93 94 42 47 29 75 31 82 85 75 57 84 47 54 12 33 0 40 60 27 34 62 3 33 69 27 77 54 46 32 55 35 44 6 33 22 55 18 56 68 98 29 68 41 1 73 89 69 75 72 49 42 36 59 13 81 26 42 39 29 14 50 44 46 85 15 65 38 52 99 83 52 87 66 83 22 16 36 
75 57 40 96 66 2 42 91 50 60 45 24 68 99 38 84 36 14 77 33 30 52 40 43 3 59 36 63 36 79 69 75 32 62 28 77 52 76 71 24 8 65 27 13 0 44 13 26 56 26 23 4 51 44 8 52 58 57 74 90 68 15 63 38 45 56 14 76 19 56 71 3 77 33 58 49 78 65 20 45 48 39 39 36 94 85 31 51 42 49 8 21 55 31 30 86 86 82 86 47 
15 92 87 57 91 71 1 36 12 90 73 27 12 84 21 41 57 4 17 41 72 84 22 58 41 46 30 97 10 60 81 20 88 91 22 65 78 0 29 78 48 2 79 9 95 38 74 23 73 84 3 9 79 13 45 75 9 41 52 32 99 51 74 18 93 15 76 86 48 8 60 11 71 42 6 44 70 45 49 58 50 70 84 54 21 1 20 3 45 52 79 68 11 23 57 60 88 89 10 30 
99 94 92 3 0 73 87 30 94 28 74 50 96 93 20 62 4 15 31 45 35 38 55 95 67 84 95 72 31 56 47 20 49 99 33 22 93 20 45 85 77 79 22 72 86 14 95 32 58 64 75 35 72 83 85 55 67 12 2 5 19 85 35 31 68 66 2 69 8 94 0 39 79 4 80 58 5 45 26 76 93 32 95 72 15 97 72 2 71 2 37 15 83 3 55 53 81 84 63 6 
42 32 69 42 86 8 77 13 38 57 89 93 45 42 43 20 66 77 76 10 18 80 65 18 29 95 77 89 63 12 92 99 27 62 59 20 0 46 19 70 35 82 18 97 68 59 19 75 55 14 22 66 73 18 36 98 95 68 8 95 12 87 78 10 99 35 42 55 79 39 60 32 88 38 15 15 0 22 32 1 56 86 61 38 53 94 41 7 54 87 73 71 78 17 84 69 98 59 51 6 
61 86 31 94 27 2 7 92 3 8 69 94 39 97 73 13 55 57 16 93 22 8 66 5 30 85 22 3 63 68 44 17 10 93 41 58 78 77 14 86 87 72 31 79 17 44 66 93 74 69 10 37 11 10 70 30 92 79 12 39 76 83 48 80 76 4 77 87 78 85 21 6 89 7 60 50 1 11 9 93 81 62 14 17 41 98 1 28 72 33 55 35 15 55 76 35 26 40 71 8 
27 10 39 76 56 81 14 64 77 5 1 45 39 44 1 82 31 31 0 32 66 80 62 18 32 18 6 74 47 97 32 19 1 25 41 37 66 69 25 14 95 94 67 65 29 94 85 41 75 30 38 90 89 71 22 76 17 0 81 1 16 6 15 15 8 62 25 43 73 51 3 86 80 4 94 82 19 0 28 72 99 34 48 99 10 87 38 97 93 90 65 72 93 12 20 52 59 4 25 99 
58 52 42 74 56 12 30 42 97 59 34 17 67 12 20 1 85 59 18 73 87 96 91 56 26 94 91 26 72 0 29 26 85 36 74 60 19 25 19 74 71 75 53 18 81 20 44 62 22 49 90 20 28 85 14 39 14 45 17 26 97 17 55 91 6 6 13 2 0 73 34 87 32 87 47 81 76 5 3 57 81 70 87 94 20 13 55 90 46 61 33 74 91 80 17 13 92 39 81 83 
36 40 38 75 30 84 56 81 59 3 74 9 77 65 56 80 63 66 92 94 63 45 84 27 9 8 91 26 1 23 17 86 0 71 95 11 63 53 30 54 75 47 28 96 11 26 22 60 32 78 67 13 55 9 92 5 85 74 79 13 43 81 66 97 30 66 94 88 19 95 67 71 68 53 1 41 72 51 87 83 37 81 20 33 70 75 59 65 45 42 79 69 83 81 55 99 70 84 18 77 
4 49 38 70 90 33 54 16 97 5 1 34 88 28 45 16 42 64 1 89 58 35 50 44 37 96 52 4 38 6 11 1 45 28 32 18 24 85 10 77 49 71 88 91 70 62 4 76 89 15 4 63 64 97 81 1 8 42 74 60 16 71 18 30 53 52 75 83 27 4 21 92 75 31 18 36 35 53 16 40 85 97 42 37 67 2 19 16 22 74 11 47 26 44 70 51 61 16 46 98 
28 68 99 17 6 9 9 80 70 90 34 20 88 29 95 61 47 71 76 85 53 53 37 9 90 12 31 32 89 21 30 29 17 17 53 84 95 74 53 98 37 91 65 76 42 29 53 50 47 27 88 85 98 82 68 59 0 52 25 25 41 78 57 73 26 49 18 13 18 98 20 72 62 64 81 16 49 29 54 83 20 76 24 38 73 6 63 35 90 32 41 30 8 0 6 26 61 17 59 36 
31 96 96 41 42 37 51 32 92 66 81 42 18 50 11 53 13 9 62 82 91 79 90 27 4 46 61 53 56 64 66 2 81 21 40 13 49 64 69 64 42 16 27 38 33 6 5 86 8 82 81 41 38 10 85 84 59 81 91 80 89 59 61 9 34 68 61 28 83 60 57 0 24 30 95 47 21 24 91 46 0 57 17 50 72 64 24 45 90 9 71 0 34 29 60 34 8 74 74 26 
87 23 35 12 50 1 37 13 45 75 48 15 50 8 41 83 69 38 46 6 37 41 57 74 40 88 37 10 40 83 75 79 6 49 82 20 84 92 77 44 38 88 48 35 74 12 5 42 73 23 4 47 87 97 50 93 90 44 98 79 58 10 4 23 52 56 70 29 41 80 92 16 4 14 64 20 72 28 74 65 67 28 92 61 22 38 93 12 74 94 43 35 70 79 14 94 9 81 3 53 
94 77 97 34 11 62 55 76 68 14 19 87 36 93 89 90 36 64 42 57 78 26 98 21 43 91 68 60 65 59 46 61 0 70 21 4 71 99 81 18 33 38 60 76 69 41 75 60 78 50 2 15 63 19 53 60 26 18 6 90 8 43 54 70 1 87 2 31 59 50 63 10 96 45 29 31 55 92 23 9 88 77 48 6 61 42 91 62 91 3 85 82 65 48 83 10 93 66 62 52 
93 63 80 35 37 50 67 86 93 19 64 31 54 69 72 50 36 22 25 46 62 3 64 1 65 76 14 31 94 80 29 1 55 9 76 91 24 79 93 72 10 90 30 92 51 21 42 67 91 76 94 20 15 78 24 80 76 87 90 60 38 16 9 48 98 17 87 89 44 93 8 53 73 24 10 18 76 5 75 5 32 11 34 36 13 95 15 13 98 34 47 77 51 27 92 59 82 6 14 25 
3 66 87 89 23 38 22 44 46 30 58 16 1 60 73 30 74 62 3 30 3 93 53 9 39 16 6 68 66 89 16 43 27 10 82 13 64 68 81 54 95 84 32 48 43 11 36 22 0 64 67 26 34 27 1 66 30 17 93 37 48 65 82 4 29 13 29 47 40 41 92 84 11 22 75 81 74 79 10 12 48 57 28 25 36 61 46 7 42 46 43 0 26 27 95 46 9 98 5 20 
99 41 61 82 4 81 13 32 77 33 76 17 26 72 17 54 57 42 73 72 42 88 83 84 37 22 99 62 87 69 97 56 56 81 83 48 68 33 54 43 10 0 73 99 29 46 14 39 49 75 25 53 85 71 62 85 89 59 34 60 66 67 73 48 97 25 87 30 52 25 77 27 27 65 41 43 43 90 76 35 32 88 10 22 12 30 63 31 57 66 1 61 39 8 46 82 80 96 55 92 
56 13 10 61 25 71 76 78 66 25 33 66 29 32 28 32 51 38 22 82 19 66 31 67 87 79 71 16 62 43 74 78 68 90 57 19 0 19 39 82 55 10 36 52 38 19 76 21 50 46 15 62 93 68 44 36 72 13 48 36 38 37 85 53 64 96 70 11 19 29 85 49 18 46 38 81 85 14 45 42 8 11 99 95 28 75 29 98 46 13 94 64 42 75 94 23 67 70 42 12 
88 84 30 57 14 41 9 6 7 9 19 96 46 29 73 73 16 48 97 43 47 24 64 51 8 9 32 49 63 33 49 57 77 88 50 32 61 74 28 45 71 51 47 33 73 3 18 17 13 34 24 2 33 97 26 81 9 14 27 8 46 8 73 56 31 71 54 81 25 70 55 47 87 81 36 87 47 13 88 81 46 10 47 90 81 25 29 37 85 27 72 54 40 60 44 76 98 50 6 28 
27 92 59 96 61 27 90 72 48 44 21 18 16 40 28 73 23 76 63 69 48 71 46 29 83 28 1 89 58 36 68 45 7 9 55 9 43 76 42 86 42 56 61 17 24 11 30 66 75 89 35 92 78 62 65 20 70 61 33 95 30 31 66 87 25 64 99 64 79 4 15 7 83 48 34 92 3 4 38 29 41 44 90 18 26 74 34 98 76 43 67 30 40 23 15 60 28 78 32 43 
89 48 65 33 9 97 42 97 0 86 34 42 76 99 90 95 81 1 87 17 38 37 79 26 10 97 64 47 50 75 1 57 95 0 9 7 46 15 33 79 54 54 97 33 57 15 70 68 31 31 91 12 72 44 89 83 69 57 51 53 77 54 66 49 55 39 22 21 6 57 97 53 12 91 64 42 48 95 82 11 4 9 67 35 86 7 62 98 85 66 15 60 14 55 0 65 67 42 44 19 
55 87 8 33 27 38 33 98 65 49 19 69 96 39 37 50 67 7 41 33 89 12 85 1 88 60 18 12 93 72 7 57 44 74 45 66 83 94 70 39 44 61 52 18 74 76 80 41 33 3 46 85 55 5 87 24 45 22 16 66 34 82 76 11 44 30 69 64 72 84 95 22 72 56 34 31 40 72 73 72 10 92 42 83 57 15 40 30 15 4 98 67 29 52 38 33 80 6 19 3 
50 88 59 88 27 2 91 14 68 1 86 23 51 46 76 85 72 30 28 61 20 8 17 19 52 17 78 31 64 59 43 27 48 41 74 55 35 2 97 73 67 60 17 58 28 76 32 85 80 71 92 51 30 42 68 62 81 69 43 58 92 56 69 12 0 40 48 61 45 37 72 78 80 72 94 54 64 2 15 73 0 9 71 6 1 27 24 32 61 61 73 48 15 70 70 30 4 68 49 24 
92 62 42 67 93 47 72 37 37 17 32 43 18 9 97 56 15 51 4 33 44 65 36 54 38 81 29 57 68 38 42 14 98 70 49 7 88 89 31 84 9 89 43 14 24 91 99 7 66 13 72 65 18 12 65 77 50 44 43 29 66 14 19 14 69 64 80 34 54 91 19 88 65 93 13 41 79 2 64 89 76 86 68 97 2 27 83 31 29 51 50 87 45 54 30 87 3 21 32 47 
83 73 41 87 41 42 89 82 11 11 44 37 79 49 13 27 94 54 10 50 35 75 36 33 16 73 25 19 42 89 80 12 3 6 64 39 61 96 63 52 20 77 51 11 32 55 70 88 52 96 95 12 22 24 65 69 32 9 47 37 22 59 44 28 46 91 16 15 0 14 67 39 10 85 90 79 46 99 83 77 45 81 80 51 88 81 44 97 81 59 65 21 97 64 20 91 75 83 21 2 
87 0 18 27 84 75 64 65 87 50 5 57 9 94 72 42 27 71 92 51 87 74 14 35 41 39 89 97 99 31 32 38 39 35 39 32 87 46 70 1 33 47 35 23 79 11 0 13 45 58 40 61 41 67 50 19 12 33 2 75 22 2 29 74 58 3 3 3 63 86 63 43 25 44 17 37 69 63 26 8 70 81 97 97 77 37 65 69 24 97 60 51 56 93 18 46 64 27 21 86 
60 44 31 23 83 26 72 26 53 75 5 19 88 84 17 18 93 9 8 94 42 92 6 18 81 88 69 34 35 76 53 30 29 88 54 57 51 27 67 13 80 58 90 54 30 24 31 56 58 35 58 16 85 85 96 68 44 30 81 6 97 58 3 79 28 13 41 78 25 83 46 92 70 85 88 69 19 93 84 39 80 18 20 8 27 86 30 26 66 20 79 42 99 83 56 46 11 72 63 0 
52 41 97 86 43 19 75 36 28 58 63 94 66 22 60 27 26 8 21 46 72 45 49 6 9 42 71 73 7 5 16 53 69 86 25 83 22 9 51 11 21 96 0 16 66 68 44 43 59 9 56 86 83 90 41 79 15 97 52 38 48 78 29 15 96 78 5 39 68 35 81 30 78 54 40 94 58 36 60 78 26 85 39 32 66 90 99 19 57 17 84 80 66 18 89 48 9 84 30 74 
14 96 52 46 30 57 5 21 63 93 94 98 79 7 83 38 52 42 26 71 62 13 62 74 32 35 44 62 4 44 66 41 90 81 20 61 34 1 97 85 69 32 60 89 53 20 10 55 40 34 90 96 44 34 90 26 19 2 75 83 60 8 64 90 68 73 30 24 31 25 28 10 68 37 65 86 10 8 59 3 3 73 83 0 37 39 20 75 71 82 17 86 79 29 77 74 22 45 57 36 
11 37 21 85 87 15 14 68 56 66 7 61 17 27 98 9 93 93 17 57 0 92 74 58 47 74 43 42 26 92 73 11 54 94 76 28 92 62 70 69 92 90 48 83 26 57 82 61 86 35 20 76 58 11 39 77 4 76 45 40 61 67 7 47 30 52 41 24 49 3 93 4 66 25 17 48 9 75 83 78 43 78 14 32 61 4 34 94 48 82 39 85 43 50 54 91 89 46 73 94 
31 50 4 33 49 83 99 4 88 56 73 31 75 78 30 29 0 30 82 81 22 42 66 22 56 72 66 3 5 85 43 52 9 38 17 68 99 19 85 95 45 29 21 7 47 26 76 31 32 38 24 58 25 80 5 98 92 94 28 94 68 81 63 84 97 28 11 5 90 30 79 2 73 14 59 40 47 27 4 38 21 0 38 25 46 65 84 56 38 31 15 26 90 89 93 69 73 3 55 84 
19 51 29 99 32 90 41 49 47 20 47 14 99 79 59 35 57 69 75 6 27 24 67 6 73 41 70 87 55 8 19 33 70 27 0 31 86 25 57 34 2 58 48 55 66 28 83 86 50 39 27 91 55 68 84 26 0 38 78 53 61 7 30 25 10 74 27 6 66 44 18 43 94 28 28 26 93 26 3 59 4 64 36 19 90 52 27 26 42 92 39 77 47 23 8 50 97 19 94 65 
9 99 68 40 53 63 17 85 89 6 6 55 53 71 40 62 72 55 87 94 24 54 27 6 7 68 42 45 5 58 66 46 23 61 12 41 96 34 61 94 66 95 8 84 79 97 89 60 5 78 49 3 90 81 25 12 72 15 75 35 95 33 46 23 48 63 45 7 95 55 48 79 36 42 50 43 23 18 82 85 68 17 23 71 72 8 62 7 37 24 47 86 51 89 86 66 64 61 32 48 
73 7 44 30 83 55 39 77 9 85 56 41 42 51 19 3 85 72 40 0 7 82 95 52 5 49 51 45 19 29 23 93 76 56 95 5 94 29 39 45 49 54 97 96 43 25 5 16 2 57 13 93 86 30 82 68 81 38 80 63 64 42 5 51 66 66 56 62 94 20 79 90 6 58 3 18 59 2 12 44 80 46 41 27 81 4 64 17 18 27 25 20 56 90 19 80 60 44 64 20 
76 73 46 70 65 69 82 44 77 71 96 69 61 71 99 6 74 91 66 65 77 58 19 16 87 94 7 54 62 75 62 67 2 60 60 92 30 34 52 4 27 11 81 57 73 65 71 3 75 75 63 27 6 47 0 82 49 57 35 95 60 15 42 23 36 37 98 12 25 6 11 32 3 59 11 22 70 40 53 16 5 93 35 99 5 51 59 20 73 16 66 9 65 23 73 72 52 22 99 34 
94 44 71 22 70 11 99 26 18 11 54 51 84 9 18 29 61 70 25 57 29 58 89 51 38 39 1 34 52 26 99 46 32 53 14 40 0 82 49 15 75 3 93 38 36 42 45 77 48 7 8 58 51 96 90 89 32 8 84 57 13 43 94 84 25 73 78 48 28 48 23 84 47 48 34 11 21 69 43 87 56 7 31 49 16 1 48 42 45 14 62 57 47 65 77 68 7 87 3 72 
0 43 87 9 98 49 86 69 34 25 33 19 2 26 90 91 32 34 40 80 33 16 46 82 2 38 31 62 35 52 43 75 58 88 92 82 78 54 35 7 12 67 65 49 50 54 98 44 78 83 1 50 6 15 96 45 98 31 5 18 17 31 68 12 51 34 91 43 54 48 48 91 23 47 18 34 20 62 10 33 8 19 59 52 58 83 84 24 86 7 5 69 84 97 21 77 63 15 95 84 
81 95 66 80 7 0 97 80 15 56 95 48 36 78 10 34 70 66 91 32 27 15 5 93 18 25 91 93 49 27 76 9 32 58 47 70 72 26 36 76 97 53 27 14 55 18 7 61 78 23 12 46 13 34 37 55 53 72 45 16 35 23 2 74 3 50 54 53 65 47 66 27 76 8 32 84 57 17 65 43 2 80 19 40 44 94 23 36 10 61 63 66 79 79 70 16 42 50 0 21 
35 4 43 19 17 17 46 81 38 15 61 41 50 74 29 24 52 19 21 58 1 61 1 31 46 62 71 85 48 83 39 66 34 36 52 54 39 54 79 56 61 41 97 36 13 48 1 5 8 90 47 71 49 80 28 32 36 97 89 86 42 13 74 45 50 0 40 51 12 61 57 63 96 14 11 82 9 19 11 87 18 79 11 30 72 97 59 51 53 31 73 68 33 43 82 44 75 47 83 9 
62 22 15 85 81 79 95 24 36 46 8 77 60 13 51 10 36 5 51 41 37 69 98 29 11 17 53 52 5 51 49 78 98 66 34 6 25 68 71 87 46 26 22 45 11 81 70 69 30 63 38 51 95 42 32 19 24 24 90 58 35 44 71 57 52 93 5 9 4 40 57 74 81 66 28 62 90 22 29 46 26 76 38 95 76 3 8 36 6 88 37 12 2 79 40 90 8 74 0 8 
1 12 65 8 0 47 43 60 15 41 83 97 52 23 75 55 28 64 53 58 7 8 55 99 10 4 45 77 34 25 31 50 66 87 69 95 14 21 65 43 8 25 52 90 87 53 19 9 71 56 19 48 37 61 11 72 31 22 33 26 89 68 95 16 85 30 71 86 24 83 69 43 62 60 80 13 65 94 20 39 93 7 23 18 18 27 53 10 44 26 16 1 14 32 59 48 83 28 66 49 
14 34 7 60 5 15 12 34 72 9 6 19 85 99 44 24 62 61 74 96 95 67 98 42 73 20 76 91 20 26 47 4 24 85 80 23 37 88 47 5 49 74 11 63 76 5 50 45 3 91 76 12 34 54 80 9 50 42 37 21 59 60 33 82 45 17 95 30 58 99 18 91 19 35 89 10 98 24 45 72 60 90 10 69 14 19 89 11 45 82 50 47 34 53 4 2 23 53 73 42 
39 91 15 6 96 13 67 36 19 74 22 10 68 34 1 47 59 85 82 34 81 33 63 43 47 90 4 25 20 26 12 88 21 69 61 83 46 71 18 81 11 35 72 48 20 6 87 22 60 64 9 19 68 59 73 82 3 78 2 32 57 7 26 62 84 88 1 35 87 11 57 17 45 76 80 58 28 67 51 70 47 30 84 23 0 67 51 69 14 82 97 19 70 41 67 90 40 33 81 24 
57 9 48 16 3 57 56 28 88 48 22 35 86 76 47 44 26 70 17 75 56 21 18 98 50 48 37 62 73 12 4 28 48 82 99 14 95 61 42 26 51 22 71 89 46 21 64 4 46 55 68 35 12 44 15 30 7 87 46 36 70 52 2 5 38 22 27 15 38 96 42 37 54 37 82 40 31 6 69 38 15 51 42 55 68 51 42 57 39 59 18 35 89 78 71 1 26 60 63 87 
87 60 18 95 22 80 83 61 49 34 85 29 42 93 94 66 10 37 43 69 63 39 19 15 88 33 32 39 27 68 15 31 32 75 28 50 29 11 83 22 47 95 33 75 88 90 53 36 99 86 88 8 15 76 31 59 32 53 5 59 46 60 36 13 31 21 28 32 7 35 65 60 71 1 60 59 31 26 29 96 27 39 47 32 51 26 77 25 85 68 64 49 7 22 57 31 49 67 64 23 
38 28 25 44 7 62 74 45 39 56 73 80 93 96 48 75 46 84 58 96 50 24 87 17 21 82 86 15 50 8 78 54 92 5 8 8 40 35 48 77 2 81 86 84 99 13 13 63 65 54 88 24 68 97 5 14 18 73 12 31 70 62 78 1 59 91 29 22 29 10 44 51 22 36 11 70 79 0 96 95 25 49 94 58 80 20 83 79 80 6 66 37 49 70 58 91 45 18 20 48 
68 31 61 79 29 70 32 99 10 64 76 59 24 85 77 80 64 49 11 29 76 30 92 31 26 66 16 70 14 89 58 20 87 98 84 85 33 66 53 99 32 67 62 87 18 89 19 3 68 95 44 97 66 1 11 72 51 6 39 29 48 20 30 69 52 1 63 13 3 21 15 30 28 57 21 31 53 62 11 43 46 63 59 67 22 50 58 52 34 69 12 76 50 28 32 23 33 91 77 19 
54 34 41 17 80 47 53 55 19 7 61 45 84 80 66 71 8 82 41 94 28 28 45 35 71 77 8 10 2 42 98 44 96 14 99 82 74 69 82 75 33 9 82 19 8 31 4 58 39 8 53 56 20 79 45 42 56 98 15 26 5 15 95 42 19 77 34 50 99 78 97 87 31 88 1 11 44 59 69 54 16 81 92 29 4 5 13 22 97 68 84 63 84 33 63 19 68 10 33 10 
15 91 45 3 97 39 58 27 56 29 22 9 63 93 73 33 70 50 79 77 10 34 28 13 57 72 58 93 75 46 68 81 18 80 3 19 75 31 70 77 78 32 50 81 88 47 17 21 51 48 34 92 94 89 66 0 74 70 1 2 92 20 16 18 71 4 77 12 24 75 96 35 49 49 37 16 51 47 94 47 47 56 62 4 70 29 34 16 60 85 3 96 22 45 36 39 12 51 65 40 
58 88 44 7 40 84 60 5 99 78 51 28 94 57 44 95 47 25 44 13 70 65 8 41 59 73 96 95 43 66 63 13 43 61 67 64 96 32 58 55 2 28 44 48 31 20 23 99 15 53 21 16 34 55 17 88 77 62 77 70 41 81 93 53 0 27 24 10 61 14 63 24 78 92 46 92 36 12 35 62 22 34 96 43 82 83 29 1 41 47 37 12 17 55 5 34 0 57 91 49 
87 5 39 19 36 75 68 6 55 83 45 18 2 28 85 80 83 72 4 60 35 66 47 37 17 37 79 79 73 0 52 81 25 6 43 28 3 21 38 72 69 45 12 77 5 66 13 77 41 34 26 29 30 36 88 25 27 66 21 55 61 40 72 10 33 41 26 19 25 81 93 36 98 99 24 37 73 93 47 88 64 7 16 84 48 44 54 88 1 71 1 52 33 40 26 32 33 93 1 48 
36 47 48 44 97 5 30 41 96 53 3 91 60 16 13 21 99 87 48 70 61 7 46 5 5 69 67 15 22 66 75 15 21 52 63 7 60 78 40 49 54 37 6 72 44 48 58 16 80 0 54 51 67 19 17 30 85 66 93 23 31 25 84 4 20 36 43 68 13 23 61 69 13 5 59 42 33 9 82 93 7 60 65 71 17 43 65 95 28 52 46 21 98 90 24 16 93 46 39 69 
21 39 26 93 24 30 78 49 79 31 49 28 47 19 88 7 78 34 38 48 84 46 82 67 57 36 24 65 52 3 11 85 20 47 29 61 90 56 55 36 6 71 47 10 26 68 72 65 85 13 12 21 79 49 32 58 86 68 35 48 96 70 31 56 14 59 93 61 4 98 31 49 74 45 61 77 50 71 11 87 43 51 24 94 34 64 72 23 59 78 73 82 42 48 52 54 42 42 70 65 
78 17 53 31 42 20 2 51 48 37 47 7 64 81 73 63 53 4 26 84 93 13 47 57 30 48 1 19 49 24 73 62 8 76 50 91 79 61 46 2 68 78 32 35 24 22 52 5 59 89 26 3 3 81 96 23 52 87 87 19 51 22 77 18 45 52 93 67 53 51 94 48 46 81 92 69 6 55 47 14 30 10 85 67 11 47 52 2 52 89 61 58 96 44 15 18 26 57 34 36 
36 99 9 91 2 75 37 15 95 83 12 67 96 4 59 67 39 31 76 40 93 53 19 5 4 53 85 99 76 10 1 34 36 40 15 81 43 96 86 40 48 31 23 89 74 10 14 25 16 12 91 60 60 16 69 26 67 6 81 7 69 7 67 33 64 31 68 85 66 83 4 76 87 19 18 86 0 45 64 28 2 27 45 70 25 93 32 86 8 83 87 76 69 85 51 6 70 88 13 83 
15 56 98 55 40 54 99 16 66 97 0 96 65 35 87 57 12 37 39 54 92 19 85 52 94 20 49 51 68 46 30 39 26 4 88 77 73 33 94 82 11 29 91 81 40 53 87 95 97 75 30 24 51 74 85 65 78 95 70 38 15 69 17 33 19 59 38 6 52 15 61 71 1 45 16 99 33 56 16 3 76 8 62 94 21 69 58 94 47 67 65 1 35 79 44 25 65 60 61 2 
83 77 50 57 50 90 67 34 54 9 67 85 32 48 66 58 74 12 37 67 71 0 66 6 19 17 38 95 93 84 8 61 4 59 76 55 27 16 80 2 80 36 34 94 70 6 18 14 17 66 49 92 82 69 82 52 1 86 51 67 15 18 48 11 91 88 48 33 87 14 4 84 59 80 68 60 78 43 7 85 31 92 14 96 30 82 0 35 11 76 36 17 31 91 55 44 62 80 65 75 
40 85 66 26 78 14 17 36 0 86 99 31 96 33 53 54 82 96 16 82 54 3 4 37 25 35 88 53 95 48 95 13 80 68 2 41 91 97 90 86 95 76 41 76 96 62 72 87 57 71 10 27 2 8 60 32 4 25 12 60 12 24 94 63 88 12 61 74 88 50 22 91 49 56 18 43 55 75 49 36 0 42 35 61 98 87 38 24 94 77 5 23 35 63 51 85 32 37 38 67 
30 12 81 81 96 47 36 58 60 55 52 89 71 82 58 76 56 27 68 19 5 49 26 96 57 14 81 96 68 6 69 30 17 52 24 70 57 8 2 73 41 14 40 82 82 74 56 0 22 41 42 67 70 34 39 1 73 16 60 54 68 56 75 5 12 58 42 16 40 72 45 42 28 85 73 67 36 43 52 89 17 96 42 42 72 7 60 24 49 98 29 4 91 62 47 66 89 13 47 65 
40 15 95 18 86 92 3 81 86 85 46 0 29 85 50 90 85 42 14 51 19 12 51 39 55 8 93 52 86 85 88 75 7 16 2 85 55 50 43 74 41 3 50 55 50 59 42 81 31 27 1 33 56 1 55 65 58 20 30 66 48 40 0 20 71 68 58 95 38 32 68 44 23 9 89 75 7 91 52 98 55 19 35 86 0 33 63 76 85 96 89 50 19 27 19 59 57 30 98 65 
48 66 82 73 16 24 62 49 65 81 46 37 21 53 10 26 63 2 93 42 11 8 42 35 83 25 6 96 69 7 2 73 30 6 18 59 18 40 85 59 93 48 83 46 81 71 61 69 93 85 24 53 62 37 41 61 59 99 84 87 35 10 30 5 98 63 99 49 47 88 47 59 93 72 52 88 35 50 37 59 73 93 97 80 84 3 51 92 5 44 5 68 2 24 87 3 72 71 81 2 
13 13 51 99 73 59 32 42 42 49 97 12 92 51 79 42 74 65 47 96 43 38 49 27 4 41 20 81 42 23 80 0 70 27 45 61 79 99 35 33 11 61 45 4 38 18 66 41 88 27 82 6 70 89 57 64 59 60 57 18 98 34 73 66 66 85 22 60 21 44 33 6 38 25 65 47 39 36 19 96 62 67 87 84 18 59 64 31 40 21 2 21 38 77 99 44 67 83 17 43 
84 3 27 85 7 15 18 49 27 5 21 71 87 63 70 95 86 1 3 60 6 5 40 68 24 83 91 58 24 26 14 24 88 75 76 46 86 83 75 87 97 23 88 18 77 7 55 67 84 62 28 68 39 0 98 66 25 73 12 80 8 58 38 14 89 17 36 10 30 54 20 99 23 67 60 65 62 64 39 97 14 39 65 85 33 34 49 55 12 26 50 34 76 94 27 25 47 41 28 83 
17 96 82 27 43 47 78 28 27 73 65 75 25 63 58 56 78 9 76 7 59 43 89 25 40 63 32 65 57 86 95 54 73 44 68 41 98 27 37 4 44 43 57 63 61 80 53 78 76 4 75 62 44 52 78 71 32 60 46 42 85 45 45 92 79 15 26 47 67 63 33 67 0 98 80 52 74 30 52 30 19 33 54 56 80 36 88 77 35 62 43 0 65 5 47 16 39 28 57 47 
68 66 19 46 77 61 81 65 83 78 91 3 53 89 98 25 51 36 24 60 18 80 38 43 38 75 64 93 40 44 32 79 83 4 46 18 69 33 80 92 81 80 60 75 41 3 2 70 77 15 80 54 42 4 27 12 43 54 20 9 55 34 71 74 69 74 59 73 93 57 81 88 92 79 85 69 34 79 11 93 81 98 18 40 13 59 19 9 94 35 36 27 13 71 71 68 50 92 28 53 
53 14 61 73 12 80 49 92 37 67 7 91 89 96 89 87 27 83 97 71 37 30 27 31 60 7 74 25 54 65 23 80 5 60 79 35 77 74 29 2 6 84 56 33 99 46 42 74 38 52 57 71 57 46 1 48 64 65 67 77 45 94 71 60 92 58 4 90 87 46 0 2 53 93 70 13 40 44 52 28 44 81 76 39 10 12 62 28 79 9 15 88 90 98 97 12 44 12 47 90 
13 4 30 80 73 60 99 97 52 37 91 31 71 31 37 45 16 47 11 98 43 45 28 86 62 94 20 8 75 99 36 19 0 79 47 4 15 61 77 11 70 38 60 10 93 30 72 20 6 28 39 35 86 19 25 67 65 85 16 31 22 39 39 25 60 27 44 94 19 13 48 85 4 78 50 73 38 84 90 63 74 90 3 65 50 15 74 91 11 64 98 51 72 55 5 56 73 61 72 19 
5 40 98 78 0 46 49 80 24 8 46 4 22 58 86 97 4 30 20 86 12 19 32 83 3 84 25 92 58 53 80 25 49 37 29 82 39 57 77 7 18 20 36 74 19 15 64 87 31 63 50 41 19 89 17 27 41 29 40 46 37 94 42 45 15 77 84 89 37 48 11 74 39 81 5 33 37 66 45 43 73 55 65 82 18 43 78 31 67 7 96 28 32 73 28 95 82 3 88 55 
18 46 90 89 32 90 39 9 20 75 98 22 20 58 43 31 31 4 37 24 17 38 87 16 8 61 6 4 55 4 40 36 5 40 51 40 89 60 41 62 47 29 50 58 17 23 74 10 83 85 41 52 79 17 53 84 25 95 99 50 22 4 20 20 92 6 21 63 58 2 20 84 99 9 57 41 32 19 93 73 5 93 66 44 93 48 76 10 87 63 63 63 23 38 16 95 9 75 24 11 
74 9 98 99 96 46 8 37 13 45 13 74 95 57 53 9 18 41 86 65 61 80 14 18 54 46 1 13 57 40 12 86 22 44 42 31 94 69 14 0 99 50 25 99 19 28 1 41 36 13 54 88 56 83 28 74 62 45 50 58 71 80 2 38 79 45 32 69 17 93 51 29 48 49 29 31 86 51 2 81 81 55 33 21 49 67 14 73 49 55 92 82 93 4 65 65 35 21 25 99 
92 95 88 40 70 71 10 54 68 26 81 86 38 33 18 99 49 52 4 38 33 7 61 2 65 39 73 53 38 94 88 42 85 3 55 96 30 48 23 84 77 12 21 31 46 51 81 90 11 16 92 77 91 70 71 32 0 6 59 60 54 24 1 19 30 40 15 47 12 19 40 69 29 90 34 67 35 58 11 66 18 57 4 42 82 56 50 86 14 49 13 4 69 74 57 12 64 19 85 88 
51 1 41 89 71 67 29 36 47 74 2 59 93 35 55 5 20 84 0 10 59 3 58 12 57 21 23 7 63 43 15 31 5 81 87 56 92 72 5 21 83 58 32 69 93 63 94 18 3 42 3 50 91 24 75 28 40 12 47 50 34 5 16 68 16 56 49 82 84 93 26 26 95 14 85 28 50 49 27 85 52 67 54 85 1 66 42 12 66 4 22 27 26 24 61 12 49 93 76 79 
71 41 85 67 55 84 60 68 60 88 93 54 7 31 58 22 18 98 98 71 1 25 51 49 56 41 12 85 52 5 62 87 53 84 32 11 54 49 33 86 59 1 17 93 60 81 30 7 7 87 76 99 96 10 50 64 10 87 35 96 93 76 45 51 93 15 18 77 38 36 24 76 50 31 97 50 23 38 98 11 1 51 39 68 54 40 12 48 77 87 86 1 63 29 45 9 28 18 48 58 
37 39 34 67 42 15 16 90 95 97 3 10 7 70 75 68 68 30 8 13 16 21 79 73 35 64 53 3 66 32 96 3 4 98 38 20 47 44 90 59 61 95 27 76 32 13 68 68 82 5 86 3 25 92 64 98 73 54 13 35 15 22 25 8 75 26 92 26 77 67 96 87 61 75 69 13 51 8 67 24 60 0 10 58 34 97 45 82 25 79 5 79 19 75 63 17 9 7 65 44 
84 91 5 16 51 86 66 25 13 2 11 4 53 52 85 54 12 51 92 7 59 26 29 37 30 72 31 59 48 36 32 64 55 81 17 8 11 88 4 48 2 4 68 61 99 76 26 31 99 67 35 11 63 24 58 11 63 49 12 40 90 14 49 9 80 25 25 38 36 76 14 51 38 13 3 93 20 93 97 93 3 77 34 77 76 9 12 36 7 65 18 22 20 80 21 66 17 34 52 65 
47 59 4 0 8 50 75 18 93 99 39 13 67 71 71 69 95 88 53 12 22 36 54 75 38 51 22 93 31 45 82 95 12 48 59 28 10 62 68 34 81 93 3 93 8 32 32 2 32 77 91 71 68 8 55 93 36 83 15 5 21 49 27 51 23 64 78 36 2 18 67 55 34 88 18 70 42 30 56 42 55 69 45 45 8 42 81 10 89 39 97 90 89 67 60 37 56 34 37 86 
85 14 47 44 22 99 58 45 57 62 84 0 84 28 16 30 80 97 25 16 95 87 18 32 9 71 48 9 43 59 89 8 63 33 44 44 67 83 9 85 77 47 11 4 58 25 42 22 50 51 70 14 0 76 69 79 54 60 24 35 31 83 33 97 71 83 59 21 11 7 70 21 62 98 33 66 70 73 50 17 27 8 96 56 41 54 86 15 72 22 75 67 57 21 13 48 55 65 19 14 
83 40 50 87 43 78 38 78 36 23 1 75 55 65 80 42 73 48 18 21 43 38 57 5 13 61 50 87 25 35 12 83 30 98 68 46 53 16 75 17 52 72 9 88 14 37 88 56 74 59 24 43 87 12 14 34 39 37 11 41 94 41 22 36 58 32 56 94 28 60 91 37 6 20 29 49 19 70 55 98 34 58 9 26 23 71 91 84 30 50 40 34 50 17 94 29 17 3 59 26 
