83 20 30 40 30 60 60 8 77 63 30 79 92 58 54 94 1 78 43 19 9 73 28 89 83 93 35 42 58 56 70 58 81 37 36 59 88 31 23 96 64 39 96 49 66 2 43 83 85 27 70 48 41 38 96 22 60 58 27 4 27 80 61 73 92 96 25 23 43 72 62 19 46 79 56 92 21 67 63 29 61 86 64 75 63 53 20 9 20 19 56 30 45 76 43 28 56 45 54 30 
97 99 25 93 74 90 12 43 99 41 9 0 83 43 41 68 91 67 73 0 15 47 78 79 18 21 14 41 45 83 2 59 40 34 5 30 1 33 70 89 33 19 89 28 77 49 81 15 88 40 2 5 33 30 73 65 39 27 61 94 71 75 81 3 50 70 41 74 19 32 25 32 11 70 91 13 72 40 93 84 43 3 67 2 1 22 54 47 84 17 37 37 45 69 63 4 21 82 14 6 
20 62 70 23 69 33 80 51 0 49 80 27 96 32 73 70 13 60 92 1 20 19 16 49 20 7 81 55 38 76 86 96 36 59 88 30 67 29 63 75 28 28 39 40 3 73 39 81 67 75 88 83 1 6 14 10 80 24 62 64 0 36 27 57 98 48 95 33 48 77 64 79 62 88 92 44 79 79 89 78 31 21 37 1 61 86 53 31 17 6 30 19 33 23 25 62 75 81 67 64 
45 78 80 56 76 98 97 97 90 81 0 35 43 10 27 43 93 78 75 58 55 2 70 61 11 1 70 17 76 97 73 71 42 35 22 3 47 49 2 16 86 81 18 91 78 79 10 81 41 39 27 98 57 15 93 76 95 9 72 60 74 93 48 83 11 62 79 42 91 58 81 98 40 87 10 50 11 20 67 4 5 36 74 96 88 73 39 2 1 96 15 29 16 92 48 42 8 76 49 35 
55 65 40 49 76 84 45 17 59 48 69 10 32 10 50 58 52 30 13 89 97 13 93 62 17 39 98 45 44 71 46 37 29 1 79 35 5 64 13 26 70 8 89 88 28 73 41 57 85 28 42 75 70 57 84 94 28 70 13 33 48 83 93 3 35 55 24 27 93 58 41 14 64 27 21 3 15 12 11 65 99 99 86 75 62 27 3 56 38 12 38 64 40 51 23 23 34 70 65 84 
90 71 5 13 32 98 91 5 38 23 99 22 2 36 98 21 67 4 19 86 39 49 43 48 20 24 83 52 22 83 85 16 33 82 58 92 0 64 19 60 93 75 89 29 9 50 25 60 98 0 35 15 59 23 66 3 48 94 29 74 31 53 65 10 46 80 63 81 30 98 87 47 95 44 77 56 73 51 43 26 91 74 75 39 93 99 66 39 95 20 29 9 64 33 8 70 41 56 96 10 
55 23 37 29 50 13 72 73 46 64 56 30 29 91 36 58 79 0 36 7 63 74 0 41 27 62 18 84 45 15 46 77 11 29 40 52 76 75 61 42 20 11 97 0 90 22 60 32 51 71 59 78 62 1 65 86 62 73 91 56 44 64 12 44 37 21 29 11 86 26 72 1 54 68 93 80 96 12 69 25 50 19 15 38 65 53 29 92 82 22 84 70 72 21 34 38 7 65 99 82 
72 37 49 13 14 71 65 31 96 48 31 30 88 2 13 86 92 21 3 44 67 20 16 26 54 71 5 18 67 53 70 57 85 56 13 74 98 11 64 59 22 91 53 37 77 40 56 74 18 6 83 84 68 72 36 77 97 16 88 78 98 65 26 76 27 68 28 15 75 68 34 89 26 8 27 75 32 11 40 66 73 48 37 25 43 73 18 17 31 60 95 77 52 35 12 31 16 69 4 30 
21 19 47 29 47 40 17 33 74 44 57 78 71 93 18 48 46 40 33 63 6 46 82 35 17 98 3 26 97 26 63 14 75 24 72 0 10 71 72 33 27 65 64 7 45 32 49 27 74 16 78 12 56 95 18 44 16 0 32 17 30 80 4 27 19 6 72 40 95 56 11 33 47 54 40 63 51 91 38 40 91 34 15 74 3 67 14 92 42 22 94 40 63 14 72 93 35 10 35 35 
34 24 38 51 66 19 29 43 28 75 34 93 28 17 63 47 56 61 95 63 95 95 49 48 95 85 89 4 40 35 50 87 43 14 66 9 48 51 72 23 38 59 0 96 59 79 6 37 74 17 28 81 75 43 13 75 48 89 21 85 58 78 60 50 94 3 50 26 28 38 64 64 95 28 72 52 54 57 20 6 7 21 93 95 50 84 35 7 60 65 84 54 45 86 9 55 10 79 62 17 
43 25 70 4 64 73 38 0 26 49 14 61 21 58 82 87 28 19 90 42 60 21 97 68 64 68 66 18 72 97 14 68 37 12 44 5 1 59 59 46 19 39 20 58 5 27 64 10 84 15 14 94 28 14 64 48 12 88 61 70 40 25 67 62 54 90 36 69 10 25 11 57 85 38 64 5 99 61 22 13 99 90 72 61 95 68 97 44 26 1 89 93 34 72 88 11 5 8 61 54 
50 52 76 37 39 79 40 89 63 75 80 6 21 20 91 25 15 50 21 10 40 19 35 50 90 50 94 63 80 5 56 63 2 60 20 86 75 54 31 80 76 19 75 7 2 10 91 45 94 1 39 28 30 80 17 17 31 50 44 98 61 78 92 16 98 76 50 4 83 10 50 34 39 17 58 90 66 16 88 33 57 69 31 48 38 9 78 90 66 33 42 28 73 46 97 80 58 69 54 24 
24 19 71 49 73 70 53 69 4 53 27 48 16 9 90 17 46 61 55 45 91 34 72 62 44 90 64 9 86 14 29 8 30 14 65 10 15 18 1 87 9 30 11 0 2 49 86 50 71 6 82 7 58 66 27 10 37 78 11 34 6 96 86 21 4 47 61 17 92 40 16 20 49 10 77 80 37 62 2 61 97 80 21 82 35 13 46 13 18 33 21 39 65 2 78 91 16 61 85 18 
83 93 29 8 24 14 84 28 55 56 95 93 16 4 96 95 9 98 45 48 57 40 99 21 60 33 35 15 8 25 56 14 87 36 9 90 6 54 56 33 49 18 39 58 20 26 53 19 58 53 21 17 59 6 87 94 75 24 71 51 57 67 90 47 21 74 42 76 66 65 9 65 31 37 17 32 36 49 11 72 8 19 81 30 68 96 80 51 50 56 74 93 11 66 32 83 93 51 91 34 
86 39 60 13 97 80 22 23 34 70 39 60 76 44 73 53 28 29 6 8 73 49 10 64 54 30 17 96 59 14 97 2 76 30 12 77 98 88 60 7 12 72 74 33 61 80 30 60 54 54 22 22 55 94 57 55 5 24 13 16 99 55 42 49 21 75 69 46 72 41 82 56 11 32 81 29 21 21 91 18 0 38 7 3 61 60 38 24 21 36 13 18 40 7 92 11 8 40 96 82 
9 58 17 43 38 49 16 95 94 70 76 26 20 42 41 44 7 54 22 90 30 77 40 57 72 42 55 88 27 81 84 39 50 67 71 38 71 16 65 30 9 37 82 22 71 18 97 18 29 25 20 9 60 84 10 11 61 39 50 13 36 46 85 79 95 41 95 46 92 81 78 52 14 38 84 69 49 73 42 80 19 97 56 33 79 16 3 35 32 51 73 16 1 2 16 84 91 52 21 68 
86 79 30 88 41 30 34 99 49 72 4 37 17 97 67 14 23 90 92 33 96 73 36 99 84 77 84 17 76 19 22 6 73 42 26 54 78 77 0 76 9 38 8 43 86 97 31 4 27 49 44 57 51 74 60 20 89 56 29 89 4 99 85 94 9 24 97 42 96 18 23 28 31 52 5 33 11 74 43 51 4 90 92 47 43 62 40 45 22 15 16 62 84 24 38 99 90 66 3 64 
92 34 58 83 88 50 7 27 24 48 36 71 98 69 23 19 13 52 56 33 57 85 72 79 48 65 94 16 79 71 32 80 43 40 38 38 24 27 91 25 17 10 60 12 25 33 25 41 13 69 28 43 8 59 85 32 39 34 4 11 41 29 37 31 14 1 73 15 86 67 23 11 29 61 74 54 69 19 78 29 55 76 25 37 21 80 7 29 31 52 0 47 48 24 93 75 60 49 85 7 
24 47 6 85 90 40 82 10 17 86 91 16 67 78 22 38 49 89 15 58 42 47 26 20 4 29 40 85 20 59 42 7 56 35 93 59 14 28 1 90 94 87 35 48 64 18 44 2 11 46 16 95 81 86 3 22 21 40 15 50 49 80 22 69 39 86 10 65 2 13 22 40 96 65 6 23 83 85 90 53 33 38 11 92 76 10 98 13 10 12 77 40 96 35 47 83 33 81 68 47 
10 58 53 98 19 85 33 19 76 38 40 11 73 5 62 54 75 2 88 53 52 22 19 77 25 20 89 35 66 91 79 69 9 32 43 10 31 71 71 66 55 42 50 64 32 52 96 99 9 87 96 98 35 5 23 27 20 41 22 79 69 81 48 8 29 78 87 14 67 70 0 70 12 9 57 32 42 99 62 96 36 93 22 40 79 90 39 12 20 8 40 34 80 35 74 86 48 13 57 52 
36 86 65 93 62 82 40 32 39 97 74 62 26 91 10 68 44 24 42 95 15 5 46 51 33 64 53 49 35 96 6 59 47 85 41 10 6 54 24 82 62 51 43 63 8 61 53 0 89 16 33 27 15 61 85 48 73 0 38 19 42 60 28 7 45 80 24 77 32 20 11 63 57 89 69 81 94 20 50 25 48 30 11 6 53 40 52 72 44 73 16 70 9 40 66 0 49 86 47 65 
12 17 83 60 34 66 52 79 83 96 49 96 87 21 36 47 44 17 47 39 25 92 31 88 95 21 69 6 10 1 96 32 42 20 0 19 10 58 85 4 97 20 75 63 43 2 61 10 26 72 87 61 2 68 24 79 81 87 3 25 83 17 94 81 2 18 64 86 37 34 56 86 6 69 63 44 92 76 0 75 90 95 98 86 29 95 62 30 63 33 75 57 61 83 82 96 55 35 25 7 
70 86 47 68 3 91 61 21 9 4 0 2 75 47 50 58 95 93 9 9 97 28 74 34 40 71 38 81 58 2 43 60 3 29 68 42 68 5 94 76 76 1 98 35 82 67 95 22 28 43 58 0 51 79 94 88 84 76 29 21 15 59 56 88 62 4 58 52 96 75 65 56 75 80 60 99 23 29 92 84 23 44 91 71 21 39 13 84 29 86 55 46 54 24 14 99 12 6 18 54 
77 6 58 41 59 36 81 68 37 17 13 89 82 90 27 2 82 95 87 80 10 47 5 73 50 46 12 69 57 60 75 24 45 74 97 43 52 94 85 63 78 92 74 78 39 30 39 25 99 80 46 41 72 24 2 67 73 92 55 70 65 73 53 82 93 30 55 38 45 34 89 93 88 18 72 21 35 71 65 20 92 97 68 92 91 12 58 6 5 60 62 10 11 18 36 32 33 99 15 70 
4 59 4 76 96 34 14 60 78 78 36 51 29 95 9 59 47 93 86 88 87 62 61 25 40 87 5 98 61 80 38 15 91 66 38 18 50 21 48 29 48 6 80 63 38 90 67 68 60 39 89 87 75 83 92 19 65 95 99 13 28 14 63 45 75 70 28 69 86 66 75 34 92 33 18 46 58 9 56 42 45 83 67 1 80 79 8 96 35 19 86 95 4 13 74 36 64 52 69 99 
23 30 98 78 32 95 33 45 22 21 64 37 32 45 13 68 4 81 4 56 73 22 67 46 47 0 31 92 30 75 53 22 71 16 5 24 18 21 69 21 82 33 25 40 75 4 18 50 25 29 24 35 2 93 29 48 66 67 43 18 52 64 1 40 88 65 60 78 11 27 67 76 38 26 53 41 7 97 30 86 52 37 85 98 45 79 96 67 93 19 29 84 79 35 92 0 23 29 72 35 
38 20 58 4 14 92 39 59 27 15 62 64 41 23 54 43 99 49 81 81 7 32 49 59 28 91 70 34 44 31 92 95 65 1 74 8 54 58 84 78 37 11 89 24 0 15 72 36 32 31 27 56 14 21 48 12 52 97 71 18 2 68 89 54 90 25 36 75 85 28 35 50 43 57 43 18 28 50 25 3 12 44 38 3 68 79 9 10 10 36 96 16 7 11 2 8 87 5 31 43 
92 15 16 23 86 20 88 50 75 67 47 78 79 61 47 82 46 70 64 16 29 89 4 72 81 9 87 53 94 44 71 63 75 3 99 81 14 88 49 72 43 83 81 52 72 49 81 36 76 97 90 32 4 87 84 78 41 45 44 82 19 39 32 3 58 51 97 73 7 42 45 16 21 90 48 84 4 33 96 59 73 8 38 53 4 23 18 10 51 48 50 53 80 74 15 79 48 92 5 9 
17 18 25 2 53 83 83 36 23 56 40 90 7 24 40 43 97 80 52 93 31 17 60 59 92 92 19 91 7 33 91 70 31 11 27 27 34 35 62 31 49 27 62 21 64 5 8 29 91 31 94 65 52 29 74 93 6 58 37 19 49 55 72 33 74 38 57 37 45 89 42 93 34 37 65 25 85 50 95 41 94 40 75 47 39 0 5 73 11 63 20 95 43 46 43 76 42 42 15 29 
91 66 57 10 38 75 86 20 34 36 68 70 85 58 91 48 40 17 76 93 3 88 52 63 77 1 40 41 63 56 23 52 90 58 86 38 84 17 51 11 23 46 72 8 82 34 34 50 51 45 87 3 74 4 77 52 90 57 16 2 73 4 7 96 19 0 86 97 73 94 54 18 19 69 62 48 67 67 57 91 92 87 87 93 91 76 32 72 44 89 30 1 7 65 15 7 73 64 59 39 
5 99 79 10 12 69 38 76 28 18 70 90 31 56 63 46 23 87 16 48 85 49 90 77 75 12 89 44 98 35 84 85 48 47 40 1 4 49 12 85 95 70 84 10 95 35 87 13 7 83 25 25 14 63 13 2 83 40 71 47 64 33 53 49 77 43 47 61 60 21 9 27 59 96 68 37 61 85 40 80 85 29 48 90 51 61 62 11 12 34 92 39 56 21 71 48 34 82 68 68 
56 6 64 91 19 96 20 34 25 74 44 26 1 19 36 50 68 15 77 42 45 5 17 30 82 36 49 99 65 85 1 56 59 28 21 27 8 57 99 49 39 5 6 35 37 33 33 95 24 74 42 98 36 86 33 71 70 58 15 80 87 64 8 36 91 22 73 21 66 60 26 78 7 63 71 87 75 78 80 28 0 90 58 79 39 36 60 34 99 34 74 73 84 18 41 3 22 93 23 23 
65 72 84 33 16 35 1 26 72 83 80 68 28 58 64 18 48 68 10 39 2 60 5 57 79 7 82 3 13 93 83 83 16 54 81 6 11 82 67 1 17 4 61 85 60 78 81 13 89 58 24 86 0 65 36 7 98 81 45 95 40 41 82 16 33 93 57 9 56 43 18 50 35 84 15 30 68 28 71 29 94 33 73 27 31 93 40 69 35 45 65 87 2 65 87 33 98 94 13 66 
31 59 80 86 93 91 95 3 44 58 81 30 1 14 86 63 87 23 32 18 55 30 11 71 21 6 82 84 32 93 8 18 8 50 27 17 53 86 48 52 31 56 28 45 12 12 89 40 82 8 40 94 94 90 9 87 31 72 91 80 91 9 67 55 74 7 43 52 89 17 19 9 30 87 46 0 69 28 69 23 82 11 4 5 87 37 86 23 25 46 23 97 66 58 72 82 71 26 54 93 
3 59 75 86 57 22 46 25 82 21 7 61 36 69 9 91 44 8 91 19 47 57 57 79 23 77 5 88 29 84 70 50 40 9 16 16 84 42 16 10 99 8 13 12 52 57 82 88 7 95 2 60 61 68 90 34 24 94 6 75 29 93 39 57 11 54 2 5 35 31 89 81 38 28 58 58 54 92 32 68 25 81 62 16 18 52 93 70 74 28 73 29 70 72 59 20 98 43 22 50 
85 84 44 28 86 15 10 90 86 34 10 99 14 7 39 72 24 25 82 28 77 88 8 85 10 50 36 6 87 76 91 28 67 66 37 41 98 18 93 83 79 78 12 17 94 72 30 29 65 6 21 46 41 42 66 58 23 31 25 51 99 48 53 61 97 20 68 75 35 87 0 31 87 65 46 23 89 65 94 1 86 23 51 61 77 13 36 50 34 22 55 86 94 75 17 91 79 95 18 50 
93 90 79 5 76 74 1 15 58 97 51 22 19 45 55 78 35 81 97 40 59 39 1 45 96 67 14 8 1 47 10 86 40 86 76 97 39 26 4 26 30 41 82 39 43 84 29 31 97 19 25 28 98 75 51 27 73 53 8 50 7 71 81 67 75 60 97 43 51 80 67 21 37 89 62 79 64 87 50 90 52 91 25 90 71 26 1 60 56 60 88 72 92 3 42 13 40 20 45 31 
46 73 11 94 83 92 31 92 36 47 69 53 55 48 95 90 17 31 96 8 18 98 73 41 73 24 53 72 77 29 81 65 70 13 99 43 40 26 22 1 36 28 50 22 4 35 98 4 98 3 23 0 99 71 43 79 18 18 50 60 63 11 63 61 28 47 75 27 15 57 25 86 92 1 70 27 25 19 51 60 92 93 83 94 7 76 38 85 15 76 82 25 13 47 46 55 76 36 64 74 
21 74 99 71 19 14 80 66 88 93 76 98 31 30 51 19 26 97 63 43 7 99 40 48 81 5 75 95 90 7 61 75 6 60 93 96 19 84 48 34 27 37 80 11 69 14 51 63 67 41 81 53 56 94 96 39 85 48 92 81 98 33 14 56 22 17 53 53 14 75 83 95 14 26 71 69 45 88 47 55 88 44 53 27 76 74 99 43 87 93 68 62 15 25 43 40 89 73 50 46 
77 86 71 73 95 56 50 29 82 64 88 81 43 96 62 98 68 63 44 5 45 16 35 64 78 4 85 83 30 49 52 31 4 26 15 64 49 80 80 64 61 36 61 31 57 42 60 76 52 20 0 67 24 16 86 37 75 93 51 5 75 21 24 44 43 78 24 60 55 46 17 24 14 97 70 91 25 57 55 22 71 82 53 3 55 49 8 71 14 29 66 94 86 56 89 6 25 31 88 17 
34 53 14 47 57 54 92 51 81 35 88 16 51 60 29 56 80 64 17 80 23 20 28 39 32 42 0 83 8 48 6 91 74 30 50 84 61 49 85 26 59 96 22 83 38 70 3 61 69 33 26 55 49 45 56 86 12 65 67 93 62 3 58 75 66 25 1 66 20 2 20 36 64 49 21 97 1 6 92 60 67 15 6 3 93 61 3 56 4 95 4 2 48 37 1 51 40 45 4 79 
8 6 42 64 72 30 6 16 92 98 91 24 18 99 57 82 11 63 75 97 82 60 11 92 46 72 70 44 26 22 54 86 58 60 77 92 59 30 28 78 83 50 76 53 74 60 7 31 75 56 19 26 59 49 86 93 23 32 9 71 25 77 47 35 54 74 96 35 41 30 99 73 69 79 63 51 86 99 81 38 45 51 27 89 51 5 23 19 65 52 47 50 41 58 67 54 63 57 80 73 
33 69 60 40 27 69 85 18 12 7 30 75 37 65 36 0 78 30 77 65 10 73 83 99 82 0 99 23 79 35 88 86 92 80 46 95 25 83 49 54 74 33 67 26 14 26 29 70 60 81 29 75 83 75 65 33 92 64 86 34 8 36 24 19 6 46 85 9 47 89 76 91 69 17 67 27 97 29 66 10 56 76 90 8 0 80 54 67 50 33 1 99 15 64 40 14 3 48 37 0 
33 29 29 62 29 86 30 30 26 50 51 66 64 55 32 74 88 19 85 83 73 84 7 74 84 94 61 16 47 54 55 99 7 52 52 61 89 61 56 0 61 70 69 77 78 14 56 64 69 94 6 92 81 49 36 35 14 78 26 65 1 23 18 58 80 17 65 17 87 21 2 51 45 9 48 19 34 39 88 18 45 82 46 6 98 15 40 39 63 73 19 70 38 4 71 74 85 86 1 27 
97 35 23 84 80 31 58 64 6 45 54 93 9 2 7 37 48 98 8 88 73 47 37 69 63 4 49 93 6 31 3 17 64 58 99 76 16 2 85 20 65 66 38 23 73 79 76 93 94 4 83 8 5 71 51 68 85 88 52 76 47 65 27 45 0 11 43 57 58 1 92 91 54 62 19 65 33 44 42 18 37 90 5 65 7 26 45 5 83 11 4 71 32 8 74 69 24 30 90 73 
98 10 52 81 90 51 37 87 72 38 15 84 10 11 11 13 15 31 84 50 72 18 98 3 4 51 87 15 58 82 72 14 47 21 15 58 89 38 60 42 96 40 42 67 18 8 64 86 16 83 75 38 3 13 13 82 96 63 90 38 88 19 54 26 71 0 47 58 3 58 21 28 95 7 55 3 72 84 88 34 52 49 70 37 33 55 61 65 88 51 83 25 43 91 87 64 52 16 56 50 
23 96 11 31 10 99 27 33 47 61 71 92 49 6 66 46 86 96 15 29 20 32 47 66 87 95 91 4 63 20 60 64 43 35 82 45 73 51 41 91 26 19 26 72 88 70 37 99 22 9 10 61 80 94 38 12 84 94 10 33 92 61 26 65 89 9 51 88 99 8 61 15 94 31 97 38 37 32 74 27 73 62 74 32 44 0 58 15 37 6 85 57 51 70 59 54 30 14 93 55 
94 17 96 71 3 61 54 70 15 88 38 94 6 42 96 32 7 54 89 27 20 35 52 31 35 45 16 58 34 99 44 57 8 3 97 61 13 60 95 64 64 80 7 60 26 30 63 96 86 33 54 96 39 50 69 23 98 98 62 72 40 76 72 56 22 33 96 83 15 41 83 28 74 17 68 58 5 30 87 44 17 25 57 7 75 39 66 54 38 10 41 26 90 8 38 63 28 44 34 3 
7 35 2 58 94 54 21 10 55 69 44 8 56 85 47 38 76 81 26 54 80 5 39 11 94 52 98 34 9 48 66 84 23 3 41 94 88 49 43 45 88 99 35 40 42 82 15 70 93 80 29 8 0 46 58 54 69 23 98 45 35 0 24 90 32 93 7 60 76 6 89 87 87 97 59 4 73 55 66 15 48 98 20 16 25 38 9 13 99 58 20 52 92 93 17 81 74 12 41 97 
97 98 28 29 5 95 41 16 27 53 82 54 31 52 66 91 9 60 49 11 72 53 3 95 89 94 0 53 24 88 77 27 76 41 2 57 98 84 35 72 41 64 25 93 71 85 67 95 14 65 9 36 79 59 47 94 86 80 5 98 96 79 77 20 26 90 37 29 26 45 24 52 3 47 99 10 64 95 84 42 33 45 37 12 45 52 17 22 99 98 44 8 72 58 1 30 76 78 1 99 
85 49 49 16 84 74 86 80 45 6 4 26 74 35 57 91 70 1 68 61 59 73 6 75 37 0 63 27 81 72 4 53 71 25 84 9 82 23 16 42 84 67 7 25 28 7 70 26 54 62 89 16 24 68 58 87 79 58 81 93 76 53 40 42 87 61 60 57 75 75 96 38 55 82 42 61 81 78 55 35 65 18 22 36 64 20 80 68 90 87 27 30 20 72 76 86 6 64 73 34 
96 25 43 71 99 78 12 80 63 36 73 3 79 6 13 19 40 9 61 39 65 93 39 21 90 54 93 1 68 71 12 30 65 35 52 45 32 44 17 69 63 12 90 79 3 90 98 83 32 18 68 86 70 72 47 62 50 35 18 2 85 73 60 87 58 77 31 64 2 87 86 36 57 75 24 45 50 89 7 91 7 8 18 94 3 81 10 37 52 18 19 71 36 82 97 91 30 0 65 28 
61 76 10 1 69 69 99 47 72 15 34 54 83 46 97 84 37 32 17 38 96 88 44 87 75 76 96 48 62 92 84 41 32 35 73 36 46 12 85 67 85 1 66 2 34 73 11 71 11 96 83 45 41 64 22 99 20 49 59 77 23 44 67 99 40 79 87 25 21 31 64 83 13 75 20 14 17 36 7 38 71 98 52 54 64 11 88 49 96 53 49 14 26 92 27 38 81 12 29 72 
51 24 0 5 79 16 71 82 80 92 78 99 95 58 60 37 93 96 27 82 63 69 91 75 82 14 34 86 87 67 66 93 70 32 59 11 80 1 27 14 19 69 59 69 69 82 44 90 12 64 98 6 17 65 71 28 46 23 63 7 25 64 63 56 6 34 27 76 80 57 20 2 53 70 66 27 11 5 95 85 89 66 41 66 25 32 36 21 29 46 66 66 69 78 78 42 73 19 99 8 
15 41 79 86 55 40 60 19 41 13 5 79 79 28 4 32 56 86 63 86 32 45 12 21 57 46 65 81 33 82 48 47 21 97 59 54 49 30 12 88 25 91 59 78 60 79 52 13 82 37 54 3 71 24 8 34 34 91 40 54 75 92 57 65 73 60 81 46 11 97 70 78 53 38 68 67 58 61 56 14 47 14 44 68 18 64 78 63 16 34 77 90 35 60 22 2 49 58 88 46 
41 8 62 97 27 18 4 87 22 86 68 6 63 72 22 26 29 85 23 34 19 11 50 0 5 35 15 26 27 40 88 27 55 4 29 86 81 85 40 21 19 77 85 24 45 25 14 35 15 10 86 70 94 21 91 43 65 41 25 41 60 14 17 71 24 96 54 19 88 13 3 4 7 27 45 6 11 5 99 8 73 44 23 94 2 85 26 97 42 45 79 15 0 79 40 48 37 73 66 33 
55 34 85 86 24 4 39 51 83 77 25 34 88 58 71 28 67 14 45 85 58 84 85 17 38 56 80 36 38 31 3 68 28 41 7 66 99 19 92 27 86 57 29 87 61 69 72 59 53 13 99 46 47 5 32 77 31 25 25 5 91 37 19 61 21 81 48 60 44 20 82 65 48 84 46 93 83 0 21 39 60 73 33 6 2 29 15 29 12 88 56 65 43 36 78 78 19 60 20 63 
95 0 96 31 32 27 4 87 29 80 83 56 56 79 54 68 30 15 78 3 11 8 16 82 68 43 50 57 74 39 91 57 4 55 99 88 40 5 27 56 30 81 8 58 80 38 62 52 65 0 42 61 64 35 9 67 84 15 93 64 14 72 62 69 78 56 34 33 42 35 0 6 67 78 19 29 9 51 21 62 21 92 70 33 77 78 35 80 36 19 35 65 95 71 92 76 11 84 53 60 
79 84 39 88 76 24 53 85 87 38 88 50 35 38 42 81 92 36 87 32 52 92 50 91 84 68 38 72 81 58 24 62 95 17 46 2 13 46 92 74 62 78 18 49 63 30 11 64 55 66 88 81 80 14 96 5 78 22 15 30 88 71 92 99 1 50 63 32 17 41 94 9 54 44 56 9 81 34 76 74 12 47 55 2 23 4 0 73 49 49 35 10 18 59 12 64 15 26 17 10 
54 52 99 68 50 27 76 95 85 51 17 34 16 52 99 19 66 91 43 54 69 22 2 17 10 61 16 47 23 78 37 52 70 92 53 64 7 16 52 55 90 28 23 38 86 76 92 37 21 74 12 44 82 5 21 41 55 61 17 69 14 29 73 86 98 49 86 6 21 82 48 54 97 51 60 5 48 36 70 10 48 30 3 35 31 17 51 51 66 49 38 23 48 96 43 92 94 18 2 37 
88 62 55 34 30 12 43 59 96 12 62 75 59 74 64 19 1 71 84 36 75 86 47 60 53 14 91 99 65 35 83 32 76 43 28 93 97 12 93 53 59 67 59 52 58 63 84 20 76 2 73 31 66 79 25 99 28 80 20 49 5 46 59 97 88 75 86 38 90 27 80 5 73 94 13 42 28 92 62 95 12 71 29 19 10 69 27 62 75 82 30 35 60 32 70 7 98 27 70 96 
92 68 51 0 74 40 5 63 78 34 79 66 33 25 28 2 65 79 57 64 32 27 49 34 99 20 66 97 48 29 22 77 4 28 62 90 65 78 42 81 36 1 21 22 2 73 75 95 41 31 28 57 40 51 66 0 6 72 9 41 19 1 6 68 15 2 18 92 28 71 28 42 14 44 94 16 49 47 64 29 71 61 66 88 11 79 32 43 89 64 74 74 94 18 52 77 94 59 66 52 
5 40 96 80 11 56 42 98 8 2 58 86 35 42 42 75 92 59 27 82 7 73 14 64 91 81 50 92 72 10 66 20 13 93 5 74 81 4 23 90 84 82 42 29 40 22 1 29 1 30 55 88 73 23 24 79 0 82 19 17 28 8 87 74 72 33 7 83 62 29 7 6 85 25 66 34 8 88 73 31 92 89 21 15 20 5 80 19 46 68 4 36 61 44 12 60 69 53 87 21 
79 46 10 64 86 24 41 29 81 37 61 23 54 24 21 98 97 55 34 84 25 79 79 21 92 52 69 88 98 0 88 47 80 76 86 10 37 66 4 59 56 73 13 18 83 46 77 89 47 83 87 3 69 12 14 20 93 69 95 4 85 15 82 37 29 83 9 94 84 89 21 14 17 70 26 24 38 55 11 52 25 70 78 6 78 19 41 33 24 13 5 15 63 61 69 15 9 2 94 27 
16 93 22 67 31 83 3 18 57 80 2 39 78 43 31 90 91 79 83 45 96 68 63 61 0 27 46 53 61 78 34 21 89 3 63 10 56 34 29 6 74 1 95 46 71 96 43 16 49 61 28 82 43 65 41 86 0 24 32 75 41 62 32 20 62 31 94 16 98 56 98 93 94 93 92 53 20 1 93 10 96 89 92 61 83 73 56 58 70 89 16 85 29 79 40 68 97 48 61 3 
86 20 84 88 61 89 91 57 97 39 1 66 80 78 16 43 53 68 3 85 56 14 8 72 53 28 50 73 28 15 72 9 4 42 39 26 87 41 88 36 26 62 68 6 85 4 7 38 45 33 91 3 36 14 83 2 33 50 71 75 88 51 93 20 52 76 25 42 19 95 70 15 50 29 73 24 30 96 29 76 38 60 71 48 95 34 10 28 4 56 50 82 85 33 58 38 49 48 16 42 
79 22 85 7 34 9 4 75 73 78 11 96 62 15 71 88 52 69 19 51 91 3 52 35 59 92 91 78 41 62 31 93 85 48 45 66 95 41 62 47 40 25 8 57 3 67 35 24 65 8 1 85 2 19 15 0 53 89 42 40 50 59 67 59 30 90 91 70 34 42 62 59 28 10 4 1 30 98 16 22 92 98 44 64 37 71 57 50 52 36 61 39 61 91 35 8 41 23 54 5 
10 99 92 33 68 56 43 83 67 96 77 16 98 44 96 35 75 36 78 22 5 72 59 5 38 13 19 3 84 48 66 13 98 45 88 88 66 16 34 7 58 53 26 32 79 38 66 93 22 65 48 14 66 25 37 85 36 89 51 11 57 84 15 45 61 16 99 72 24 29 76 93 66 4 88 72 75 31 94 52 64 83 89 64 59 85 30 7 29 61 8 57 2 80 54 72 80 23 80 38 
19 96 2 13 77 25 58 94 54 31 42 39 46 85 33 35 78 93 62 15 7 38 45 6 21 71 63 12 59 83 4 32 63 73 67 83 89 65 80 60 59 8 72 62 96 12 18 58 21 84 89 34 19 7 95 82 27 22 48 68 86 23 17 3 72 3 23 39 95 48 11 65 3 47 7 81 30 76 34 99 85 16 64 74 65 30 32 81 31 49 47 56 68 76 14 99 98 27 18 30 
3 37 81 33 35 99 64 4 47 64 12 21 10 5 94 92 29 39 83 60 19 27 91 72 3 49 96 97 92 68 97 54 8 5 37 87 68 66 54 55 36 69 97 84 0 24 55 60 82 11 45 9 9 24 4 68 37 23 81 75 15 83 59 92 28 95 68 21 29 76 17 38 41 26 8 16 99 37 80 3 85 94 64 18 22 98 43 73 71 18 96 79 28 43 72 9 29 60 8 22 
73 50 53 9 54 44 45 77 18 63 32 23 51 43 63 77 54 26 87 97 93 65 77 47 60 49 29 47 68 28 68 46 59 64 59 4 23 38 20 59 75 83 67 74 41 23 10 72 65 19 81 37 78 64 45 93 46 93 17 4 85 98 9 78 20 17 26 44 16 65 22 86 52 64 6 58 10 37 85 89 86 67 95 69 52 29 58 19 57 86 52 22 7 78 61 72 56 2 6 95 
52 88 18 82 74 99 60 61 29 30 45 50 54 58 64 54 29 73 91 67 64 68 79 27 20 49 6 13 3 98 80 43 72 12 53 3 96 71 37 14 85 21 62 70 42 37 13 98 42 23 93 8 12 1 37 94 86 35 72 17 0 78 23 18 36 49 49 2 16 21 10 68 27 35 78 33 88 4 67 27 79 44 30 14 13 70 58 47 62 31 58 37 25 5 3 70 24 50 13 33 
64 81 74 21 83 8 55 55 4 50 43 79 80 43 73 53 19 86 6 90 88 74 12 51 56 68 89 97 35 76 18 82 41 38 89 20 37 11 96 16 40 24 21 44 68 98 75 93 45 83 70 78 24 75 62 41 10 7 36 77 91 26 26 99 51 73 75 61 61 25 82 32 10 65 71 25 24 29 67 70 84 17 69 17 49 19 77 21 39 93 68 41 26 41 71 38 70 21 17 56 
74 73 40 15 72 70 31 10 49 34 57 16 61 37 16 27 32 98 72 69 98 82 66 65 37 68 4 77 37 43 22 97 57 52 74 41 80 26 64 30 92 10 29 31 2 51 50 6 58 11 75 96 13 60 41 40 68 32 46 34 38 90 31 96 38 61 0 90 26 78 27 75 28 36 52 11 7 86 43 7 33 99 58 45 78 64 65 12 83 93 3 56 51 3 75 78 65 81 79 70 
44 62 7 8 80 93 33 21 46 62 23 98 81 41 70 94 58 93 38 4 1 22 23 23 33 49 50 49 42 27 82 90 33 1 16 45 27 40 60 23 53 61 51 91 52 26 38 14 89 33 57 56 95 96 0 11 72 17 12 34 24 60 61 56 60 48 66 87 66 7 98 10 74 80 46 87 76 81 71 81 74 64 9 57 21 66 4 31 28 55 46 70 21 76 45 10 66 74 94 76 
17 30 58 11 15 46 56 96 71 11 84 67 55 87 47 45 91 25 86 29 28 98 31 79 59 82 5 22 59 44 63 77 16 58 96 84 60 77 26 16 43 91 73 8 42 30 81 73 69 36 7 45 73 43 39 31 55 59 93 98 86 81 2 2 55 75 45 55 59 9 59 89 48 6 78 12 48 8 89 77 7 76 5 53 99 41 7 44 76 94 6 72 61 30 97 44 9 8 16 47 
31 43 55 45 0 12 52 11 25 29 71 78 72 88 98 94 10 69 98 88 44 48 51 82 38 27 34 77 11 58 97 15 35 67 75 91 29 8 58 42 25 27 57 38 57 29 14 72 14 26 4 78 33 57 48 95 2 99 21 30 10 0 93 49 28 24 74 18 21 99 5 39 72 88 41 11 38 27 28 28 90 69 78 13 5 27 26 11 81 62 32 40 7 15 15 36 42 51 4 68 
10 32 43 67 25 92 75 59 11 17 56 28 52 82 34 43 38 13 27 62 35 93 69 66 29 58 19 96 9 43 74 96 89 28 6 59 13 44 5 32 27 76 30 77 18 0 15 31 32 69 6 12 28 24 92 11 83 62 73 13 32 81 27 74 33 46 70 45 4 35 45 57 20 19 23 44 9 88 58 89 45 28 60 61 27 43 59 97 32 95 94 71 49 9 63 22 8 23 53 55 
98 87 63 81 48 71 22 59 49 97 29 45 79 93 67 1 69 96 88 27 93 68 5 22 70 22 78 8 28 99 89 51 35 5 25 98 52 31 23 92 65 40 55 11 64 45 78 96 62 90 58 53 66 2 11 46 40 12 65 20 98 25 22 63 90 23 93 51 28 36 70 6 86 16 25 79 78 35 29 6 50 83 14 75 75 52 91 92 6 24 7 58 6 21 38 14 40 65 54 32 
24 2 48 65 13 18 21 26 85 24 97 23 13 95 55 77 27 87 5 6 22 30 20 70 96 57 39 32 69 10 93 49 7 44 93 64 84 61 89 74 7 16 69 8 98 35 13 91 52 14 57 33 75 89 45 57 96 98 68 73 61 63 20 58 2 27 43 33 36 18 1 96 83 14 14 15 95 3 80 33 28 46 96 54 56 54 21 65 21 27 50 96 36 20 10 99 81 50 56 67 
12 53 92 49 36 70 42 2 90 22 77 31 60 39 17 75 58 32 77 24 40 94 16 55 85 32 96 60 40 54 63 90 26 85 22 3 79 73 11 91 44 73 87 65 68 20 92 42 81 24 7 80 9 59 14 74 70 43 8 78 91 90 45 62 92 95 51 12 44 87 89 4 84 96 19 63 23 93 70 61 56 54 1 95 36 91 68 3 53 87 5 71 70 15 52 7 63 50 32 78 
83 15 54 91 12 17 43 70 91 36 46 74 57 69 39 43 49 62 11 31 35 85 35 40 64 56 90 50 95 43 7 19 31 2 64 74 94 59 29 44 14 98 92 20 86 6 99 54 27 55 58 74 19 24 83 6 78 54 3 77 12 25 23 2 50 0 90 36 35 96 69 27 61 70 60 3 24 60 55 99 39 58 2 52 47 37 56 31 40 53 14 77 41 1 45 42 82 36 77 93 
11 97 85 9 20 17 15 94 47 20 6 69 74 69 41 46 93 59 22 33 30 4 23 71 15 39 75 37 56 74 52 97 66 53 95 64 27 14 61 63 75 25 81 38 37 90 61 38 71 72 50 7 47 68 46 77 2 58 36 70 92 23 83 60 80 13 47 46 77 39 84 13 23 12 3 93 55 65 86 78 95 56 95 0 45 44 72 81 38 39 85 1 57 31 86 62 72 16 43 93 
83 12 50 76 85 72 24 38 43 47 18 8 85 12 13 74 62 73 4 65 31 49 1 10 77 53 22 51 27 91 89 92 78 63 30 20 15 18 56 61 0 59 43 10 31 32 21 8 91 38 58 79 25 85 96 89 94 18 94 3 5 93 80 11 79 57 80 78 10 26 76 94 11 70 84 27 91 63 29 26 76 92 91 6 99 30 74 50 5 61 51 98 30 67 9 34 25 40 65 12 
70 55 83 58 52 84 50 2 59 82 8 40 17 67 5 57 38 93 36 17 58 27 55 76 2 49 59 61 43 92 60 19 94 94 10 15 79 84 88 13 1 84 59 38 65 30 87 14 94 6 77 31 88 68 44 14 16 62 46 8 8 5 86 64 24 54 47 50 39 23 26 99 18 90 12 28 25 94 26 20 91 24 54 14 21 39 2 18 46 90 78 7 21 10 41 5 62 4 84 28 
98 96 37 0 13 80 86 98 21 42 28 55 53 95 81 8 63 8 24 62 62 43 60 70 98 43 71 71 57 67 1 59 6 40 39 56 96 53 69 88 33 67 76 95 11 24 8 63 75 49 82 84 41 15 91 61 11 85 64 87 89 28 40 8 4 31 95 39 9 5 6 50 89 0 31 80 30 39 7 84 41 71 96 22 94 62 64 57 84 88 18 12 73 94 75 52 16 52 10 85 
33 53 72 89 9 82 99 18 79 23 44 92 61 33 94 78 71 97 33 84 60 79 47 69 31 95 70 18 86 95 38 30 52 69 68 19 60 92 63 17 95 89 21 54 91 93 85 90 90 55 48 87 4 59 6 80 53 84 19 81 77 57 74 11 54 20 24 78 35 19 20 50 89 1 93 85 70 87 89 25 72 97 21 91 33 67 96 36 64 43 12 67 10 46 94 26 26 27 66 12 
10 91 8 51 72 18 81 19 59 24 32 15 9 75 90 34 80 88 64 89 96 40 33 47 53 73 83 8 30 38 82 23 49 43 14 61 55 52 32 39 6 55 28 60 97 28 57 74 40 9 34 91 81 66 60 81 66 59 40 58 60 20 18 21 99 20 66 81 27 12 54 5 79 6 92 24 64 57 50 50 52 95 7 30 54 42 99 37 89 32 41 38 49 69 84 72 98 1 73 77 
72 58 88 33 97 2 61 71 13 49 59 13 79 50 29 54 57 8 53 3 21 91 39 46 69 2 51 87 36 15 54 19 50 9 96 83 66 54 73 97 13 53 70 37 38 49 63 15 28 27 51 83 12 80 33 8 87 63 20 26 86 57 73 38 20 78 9 99 80 71 87 30 72 73 62 5 65 13 6 93 80 55 83 61 64 16 99 22 17 15 82 0 12 0 7 33 12 32 44 41 
20 8 64 98 34 0 44 53 80 65 44 72 97 41 3 5 34 87 94 79 33 51 61 67 30 24 6 34 60 28 55 85 82 23 86 93 11 22 19 61 26 74 0 96 62 21 59 31 30 24 17 71 52 82 74 70 39 80 73 4 33 50 17 88 22 52 72 8 86 48 15 65 33 79 14 46 65 22 58 72 15 0 44 90 58 13 63 29 96 65 49 39 39 37 38 56 75 36 58 65 
80 46 28 77 79 29 67 32 28 29 4 42 71 90 67 60 39 8 38 21 41 78 88 31 85 85 51 10 2 59 21 22 50 35 43 61 33 44 54 32 12 18 61 2 68 51 19 37 86 50 67 96 70 28 57 8 85 15 87 91 84 40 84 33 17 68 43 97 83 19 11 20 17 88 58 1 59 6 79 41 92 83 77 27 63 98 69 62 21 7 2 49 14 80 83 88 80 12 5 14 
36 90 91 6 75 95 82 97 20 56 72 92 90 40 60 98 20 77 43 17 78 28 49 22 47 46 63 69 38 0 99 86 54 70 21 97 89 88 81 68 78 45 65 46 77 81 0 14 96 96 15 97 12 71 39 93 54 19 83 66 26 16 59 6 15 7 73 64 0 39 0 41 15 84 6 51 92 85 14 21 96 92 97 23 47 88 16 29 58 82 43 62 13 3 13 19 88 93 0 81 
84 7 45 23 33 30 83 60 74 25 41 89 48 77 78 17 78 50 49 48 4 96 91 41 43 29 83 47 25 58 96 51 89 81 51 4 17 46 37 55 66 96 85 96 32 70 61 64 71 89 69 45 56 93 88 83 28 20 87 28 34 45 4 10 63 68 43 23 75 37 47 17 81 87 79 76 47 64 90 53 92 94 68 36 30 48 70 72 79 57 37 53 38 32 41 26 26 5 15 36 
35 78 37 95 67 74 14 40 79 58 94 66 78 45 2 49 98 42 15 20 50 47 39 25 18 71 37 35 65 47 50 47 76 22 48 35 12 92 78 51 2 29 4 89 4 45 84 64 15 62 21 39 59 51 63 30 7 60 35 1 9 79 61 8 32 61 59 15 4 66 87 19 73 88 4 68 16 19 61 73 90 5 55 77 31 92 4 71 91 32 88 92 50 37 23 87 89 94 98 14 
66 11 86 39 4 92 19 89 56 54 2 20 55 6 69 74 94 80 55 64 6 61 58 4 56 20 36 68 52 62 70 7 95 36 79 51 63 5 52 95 46 91 73 97 26 10 56 10 76 83 67 45 46 67 59 70 26 13 68 20 48 44 26 72 23 36 0 47 65 94 51 2 68 62 73 45 71 68 55 90 76 63 56 26 89 38 75 80 66 27 8 89 23 60 58 48 50 0 11 67 
83 40 44 86 46 22 87 86 77 5 83 24 99 65 62 75 0 5 40 68 50 31 11 72 75 44 6 75 48 71 67 99 9 90 36 27 74 19 1 93 90 53 34 50 17 67 26 4 95 40 64 24 23 84 25 86 90 26 23 61 25 54 20 83 19 73 42 65 15 59 94 55 36 83 50 6 6 65 43 42 14 88 3 42 65 35 59 21 6 18 4 42 56 9 51 72 13 52 23 44 
32 67 74 38 96 12 14 66 78 15 73 67 13 69 55 44 28 92 20 27 47 5 54 90 90 83 99 68 39 68 86 72 62 98 42 32 73 23 91 97 81 28 41 40 3 10 66 92 95 50 4 94 59 11 60 73 43 53 1 88 36 68 47 21 77 25 61 36 89 81 20 2 34 72 94 70 82 76 28 5 27 65 76 0 72 99 18 28 71 50 51 69 93 5 34 63 84 51 91 1 
82 53 53 15 26 44 77 15 64 78 71 6 17 51 55 68 40 10 4 53 93 95 11 57 86 11 56 39 97 98 16 25 50 16 23 71 13 60 96 49 53 97 45 49 58 73 25 38 29 55 35 49 39 35 1 54 47 17 64 15 94 14 53 91 3 18 69 34 59 95 85 62 75 20 5 53 85 62 66 2 32 23 78 49 35 7 99 71 91 36 86 29 96 40 77 63 77 18 79 4 
59 46 39 92 37 80 20 38 69 0 51 28 92 73 41 47 50 71 83 71 88 15 99 15 55 36 93 85 26 81 85 9 83 72 83 94 34 13 37 20 45 27 47 72 75 74 45 9 51 46 92 68 60 47 22 75 95 21 64 53 88 42 96 45 33 50 68 3 51 30 48 15 58 76 87 2 59 70 21 30 12 73 91 89 16 63 83 71 12 8 86 11 25 50 67 76 82 19 6 73 
88 16 57 7 20 71 58 6 85 40 81 37 40 19 7 42 52 68 27 73 33 64 79 19 47 24 99 26 10 40 74 3 69 30 77 45 79 55 80 48 41 8 45 24 46 5 28 55 16 10 41 8 59 14 96 53 23 57 98 92 60 65 39 77 1 37 35 71 19 0 69 80 35 7 14 50 47 14 6 68 75 72 89 40 62 6 44 2 36 17 90 28 18 69 33 27 14 80 35 34 
