50 76 53 87 66 77 33 86 12 18 69 39 97 80 47 75 66 49 83 97 60 18 38 91 78 49 8 35 59 21 62 90 84 7 52 56 69 83 14 18 39 28 48 3 33 76 15 56 25 91 58 44 30 66 45 32 91 15 97 95 70 11 80 44 82 43 98 71 91 47 92 73 12 61 60 64 61 68 5 66 45 79 36 85 81 72 56 99 59 45 42 75 82 75 76 60 58 77 99 24 
38 98 38 31 92 1 37 21 33 25 6 2 22 17 30 56 66 5 67 70 41 54 57 99 36 31 7 85 22 28 95 27 7 7 1 5 3 97 35 58 89 90 13 62 56 68 39 73 93 37 15 56 98 47 13 43 67 75 44 98 28 37 19 4 82 51 7 33 9 49 75 43 20 44 70 43 46 21 96 5 86 15 51 65 30 23 43 99 62 80 3 81 58 72 98 95 98 14 98 92 
9 16 4 24 4 46 65 41 66 19 24 98 24 28 3 4 69 3 10 7 88 22 77 45 36 52 57 25 45 19 22 91 8 46 99 65 39 25 63 17 22 63 11 17 9 3 76 15 23 98 34 55 38 84 4 66 24 93 78 64 97 35 41 68 10 17 95 14 78 89 75 97 91 12 5 43 55 45 20 37 95 77 3 15 92 27 67 56 48 33 75 2 83 65 97 29 59 22 92 67 
89 13 21 75 89 51 83 70 3 62 33 7 67 68 62 8 78 82 59 55 42 65 88 41 51 57 6 76 99 20 82 69 31 17 38 42 32 84 16 44 45 37 55 63 49 86 50 68 47 22 54 39 8 76 19 67 37 33 30 83 14 21 22 78 14 99 69 21 7 10 4 91 56 62 37 6 26 40 39 80 4 95 35 80 51 7 98 46 60 19 11 17 19 61 27 39 36 20 2 70 
71 49 7 53 38 70 43 72 86 93 90 81 6 20 98 19 78 93 17 32 98 51 36 77 39 69 41 9 46 59 73 76 85 15 14 89 5 65 13 29 16 2 30 17 95 93 84 90 71 24 94 88 41 38 34 33 98 93 5 30 16 61 95 59 10 9 45 71 62 26 68 78 77 78 79 22 67 52 76 66 72 48 47 30 38 64 48 16 56 76 86 24 66 53 59 38 13 26 74 22 
1 42 39 13 34 94 50 74 8 2 38 16 70 39 15 54 57 20 30 90 12 51 44 62 7 61 66 35 97 48 43 16 98 5 34 36 17 10 54 39 84 30 79 74 85 54 39 8 49 34 13 19 32 37 72 99 68 57 63 66 1 15 87 72 16 18 42 73 94 41 95 60 21 57 50 74 41 51 14 84 24 16 71 67 22 19 53 5 66 87 42 13 66 96 3 58 73 21 94 90 
7 0 6 33 57 86 15 83 30 6 36 62 72 7 62 94 87 96 35 99 34 32 39 25 72 11 81 95 35 67 66 78 63 82 45 34 24 51 51 96 83 87 93 34 74 30 50 61 71 33 58 81 63 55 71 50 67 7 8 49 63 76 15 64 73 80 39 87 36 32 77 47 1 84 2 8 30 11 46 94 21 14 59 35 28 53 61 68 35 20 29 69 29 47 40 10 86 73 33 68 
96 18 25 31 52 48 74 76 92 50 38 50 87 82 37 93 56 69 82 60 99 80 22 87 96 17 53 71 86 66 9 33 23 69 40 76 44 85 81 11 63 56 94 90 87 2 49 35 96 81 80 0 48 69 22 20 82 65 74 71 28 54 38 54 94 84 8 42 53 24 60 67 72 45 27 0 46 97 82 93 48 45 53 70 46 31 61 62 53 76 40 66 70 22 57 87 1 40 64 25 
90 52 70 50 64 4 24 38 88 84 52 80 0 90 37 40 21 99 68 27 66 45 62 12 38 14 92 68 28 84 49 81 72 49 3 46 68 34 21 90 9 34 35 22 28 20 82 56 9 28 94 73 61 37 65 61 97 97 69 18 6 9 21 2 51 17 80 57 71 2 31 10 8 8 4 96 23 42 50 56 77 67 91 14 65 28 16 65 47 28 40 35 24 11 15 44 47 14 44 1 
44 21 45 49 87 25 58 63 34 9 48 82 3 20 68 72 96 33 63 13 92 22 19 72 55 93 7 63 88 24 71 80 42 10 99 58 16 99 25 97 94 44 61 69 93 50 0 25 52 73 62 51 36 84 48 62 93 67 90 48 34 56 66 73 46 94 5 23 72 27 94 56 88 80 16 57 28 42 83 28 22 11 86 64 58 77 63 51 82 87 63 17 48 6 92 48 52 41 92 91 
99 67 16 46 59 24 21 82 23 7 17 89 78 52 46 1 35 22 62 73 24 10 74 24 67 29 41 85 76 22 59 78 76 71 35 21 30 53 97 44 68 10 55 60 16 39 2 8 19 63 39 39 37 71 48 19 59 37 1 44 90 54 59 28 89 42 60 20 48 91 70 79 13 79 52 13 47 57 27 67 94 99 82 45 63 43 52 20 68 35 21 73 49 92 47 57 92 45 58 94 
46 29 86 19 55 25 85 68 4 98 0 20 15 59 37 66 24 9 2 9 1 51 12 32 30 97 31 9 74 0 93 81 76 72 97 64 54 56 29 93 44 61 49 49 76 22 18 32 0 23 91 36 8 1 79 29 29 72 91 93 63 18 89 64 10 59 66 10 74 69 20 4 69 55 47 61 3 96 96 18 57 81 54 80 71 92 21 24 30 62 24 87 54 67 67 43 71 75 37 90 
19 84 22 37 39 23 8 32 61 47 4 80 14 20 39 21 75 92 66 57 1 18 33 64 17 40 6 34 9 75 30 30 92 76 60 73 68 90 63 70 54 25 36 58 74 52 43 3 12 90 38 21 97 97 2 1 50 89 83 33 50 60 46 59 34 18 89 74 86 83 81 83 18 78 19 44 62 92 1 6 73 66 54 50 96 31 60 0 30 17 1 56 15 66 60 6 89 66 21 21 
47 39 16 75 92 75 66 7 90 1 29 70 88 23 93 33 56 95 14 71 97 57 92 0 40 4 28 93 73 34 37 79 89 65 63 86 90 76 27 33 54 10 55 39 55 26 95 43 94 34 48 16 63 32 84 71 16 62 51 14 70 33 4 55 68 14 95 84 90 96 73 59 5 92 20 53 11 22 97 63 45 35 59 5 11 19 30 34 89 33 72 92 63 25 58 12 98 78 62 73 
77 44 76 38 48 63 7 52 60 92 94 60 63 27 86 73 95 54 81 30 53 85 83 50 46 99 24 24 41 52 98 89 2 51 97 68 8 74 76 76 78 99 78 88 90 45 17 55 65 32 81 85 93 58 17 42 45 66 93 18 51 77 75 32 59 6 63 67 91 89 4 62 40 36 37 42 52 66 81 85 82 69 3 5 45 66 52 91 21 63 13 97 30 32 48 67 38 56 26 33 
61 42 6 80 31 51 16 6 31 38 21 62 73 43 14 12 33 68 15 49 41 81 33 55 3 38 45 28 36 2 35 12 36 10 15 67 36 15 95 43 59 52 57 82 4 47 42 48 32 26 71 0 43 73 55 27 77 54 78 77 85 8 33 34 18 44 69 56 5 88 40 99 58 41 85 45 41 76 12 64 71 76 38 96 97 46 18 1 86 17 0 12 21 89 56 13 65 33 22 82 
98 96 21 69 66 40 18 11 22 40 75 64 35 32 71 53 12 65 15 13 12 35 10 27 16 89 73 76 15 76 5 76 41 76 61 98 45 98 43 76 53 11 11 67 89 75 74 19 68 86 40 83 24 23 84 85 45 6 74 63 32 79 27 4 32 35 84 44 73 66 25 1 11 82 28 7 92 99 96 79 13 56 44 44 78 5 10 77 22 97 86 70 66 86 7 65 36 27 7 16 
51 73 74 12 75 41 63 67 51 72 96 7 99 44 7 78 18 79 57 97 25 77 54 37 84 86 13 18 25 36 41 38 94 51 80 66 99 27 79 47 93 66 79 20 77 77 6 18 72 82 68 36 6 48 92 52 73 71 86 61 71 67 59 19 80 43 11 88 97 8 69 27 35 96 91 95 77 76 44 44 55 61 32 50 55 6 7 23 10 44 81 21 50 20 59 77 63 97 77 68 
62 10 20 72 9 82 94 6 57 48 86 21 36 65 84 95 95 4 99 38 55 78 30 90 73 14 75 85 92 2 36 28 18 42 48 60 39 53 96 67 13 26 90 27 3 57 68 27 85 86 33 66 56 24 13 28 58 26 95 64 95 58 88 22 29 15 61 52 97 81 43 48 15 34 14 56 0 35 76 98 58 83 64 61 12 71 51 60 55 59 69 49 60 64 79 36 90 55 0 93 
42 73 33 27 66 19 5 87 19 76 9 28 46 87 45 88 12 83 79 72 21 74 47 23 54 69 35 57 74 46 28 41 92 82 70 75 5 17 8 75 7 27 82 70 53 48 22 36 29 63 74 57 79 18 5 56 7 57 91 0 18 69 9 37 77 31 40 96 9 61 62 98 1 76 52 6 86 36 73 67 89 23 94 67 59 68 41 27 25 87 60 51 28 24 32 42 17 53 37 61 
58 35 67 11 22 21 53 53 87 47 66 31 72 85 73 91 59 20 57 3 41 91 69 93 16 66 80 59 54 19 4 8 36 15 52 22 39 63 3 60 2 2 99 90 12 70 59 47 44 29 44 30 39 10 86 38 64 80 65 43 79 10 26 4 58 67 8 51 51 17 94 41 48 44 98 94 27 17 42 53 22 75 91 39 86 28 28 34 22 5 28 32 39 82 97 17 17 86 51 70 
37 97 28 42 77 11 86 2 59 95 92 91 97 96 45 74 76 64 85 61 80 70 4 81 31 58 64 48 6 50 61 63 60 31 55 42 76 24 44 94 62 23 89 47 49 49 50 95 83 47 31 63 56 62 57 90 43 43 76 27 51 67 15 66 77 16 3 84 7 1 15 26 52 87 59 68 21 89 78 47 4 48 82 85 14 94 75 43 47 12 99 19 16 99 12 31 92 96 74 14 
28 14 39 78 27 83 72 33 66 22 30 52 23 76 97 69 84 34 15 8 98 14 8 20 7 99 53 90 65 14 86 39 40 63 17 38 38 48 11 56 4 12 33 19 39 83 16 88 33 73 56 1 46 40 59 95 90 14 92 92 7 59 34 35 43 66 75 46 56 94 1 16 23 52 43 72 10 60 55 87 60 28 7 50 85 87 17 70 79 9 87 67 20 94 91 6 9 70 71 26 
6 4 81 57 51 54 45 84 78 39 11 36 42 74 38 39 68 27 25 38 12 79 18 28 86 56 8 28 77 9 57 82 0 71 67 87 47 89 18 73 4 62 55 9 19 40 84 28 99 39 7 28 74 6 95 40 46 85 45 37 92 43 44 2 34 26 87 50 12 18 2 45 4 38 7 8 71 49 34 29 1 75 28 95 80 62 88 77 56 0 10 37 2 58 40 87 59 10 14 54 
50 28 66 50 46 58 28 71 45 14 78 71 20 28 99 62 52 12 33 69 28 57 24 64 23 59 81 55 80 3 63 4 97 60 73 58 18 48 93 33 94 71 67 60 18 34 44 55 44 44 20 91 93 57 82 54 75 45 64 7 54 92 99 6 61 81 15 84 59 44 22 94 75 11 77 58 80 32 64 61 53 37 7 66 36 4 24 8 50 37 80 60 23 5 92 97 89 48 13 96 
98 55 43 89 41 86 81 35 74 39 6 0 39 28 45 36 61 77 71 56 3 18 17 44 83 80 96 50 95 45 46 73 83 64 1 84 59 73 14 49 24 11 58 60 70 8 11 24 24 65 22 99 35 54 56 9 52 58 75 63 61 7 58 81 14 97 15 10 56 68 4 6 5 75 24 57 13 62 80 66 37 28 18 34 42 41 72 50 32 22 35 42 44 99 85 99 42 83 50 31 
67 62 76 92 82 71 85 43 10 97 52 18 95 65 45 23 60 96 37 11 45 29 62 85 0 72 60 87 45 60 81 7 97 0 44 78 4 76 64 2 67 46 23 48 16 88 37 64 97 63 83 19 1 14 88 58 56 71 78 57 45 76 64 3 18 22 95 16 37 42 66 82 65 65 86 8 2 78 37 48 92 73 39 20 60 79 87 59 10 31 60 70 23 15 31 45 42 87 30 6 
37 28 69 31 84 33 92 34 42 59 2 71 58 83 92 5 40 36 81 86 60 77 89 32 47 72 27 90 81 47 23 32 82 99 71 30 43 87 90 7 80 94 95 24 75 72 59 82 76 42 1 2 11 56 9 0 1 47 39 66 18 11 37 58 30 31 72 89 64 54 87 93 11 56 28 65 31 81 19 7 19 21 24 35 35 9 60 50 56 17 35 98 7 47 97 68 66 3 91 21 
37 87 87 5 17 88 26 85 78 2 12 52 14 8 37 13 7 0 43 3 5 62 28 72 70 10 57 90 54 35 52 3 91 93 22 76 0 11 87 72 39 22 70 74 21 80 40 28 9 16 21 29 29 5 73 46 32 49 0 4 18 92 27 9 22 73 85 48 81 16 94 82 12 17 26 7 88 84 45 72 87 2 18 50 90 43 70 6 56 35 35 39 98 10 68 17 29 51 63 19 
4 40 32 67 23 20 3 4 14 45 41 37 62 93 19 32 40 47 36 74 8 65 0 69 53 32 36 98 86 6 40 95 60 23 7 48 41 91 17 70 20 59 27 79 22 50 3 29 85 62 26 1 54 91 30 23 33 7 39 59 31 10 60 6 67 44 30 43 37 9 53 83 83 29 84 55 91 20 46 40 47 7 8 3 35 88 17 42 68 94 23 6 41 61 96 91 23 28 93 1 
49 47 50 49 57 35 66 51 96 12 85 80 39 39 31 99 91 93 18 16 46 26 22 74 96 72 48 6 85 70 1 74 87 1 12 10 26 62 43 20 38 26 82 83 57 94 53 71 2 29 84 19 41 74 75 35 12 94 42 59 57 75 33 43 33 26 4 68 88 70 95 83 18 13 0 60 85 11 45 34 12 12 27 38 12 19 35 57 40 21 72 37 35 18 81 22 33 62 85 33 
97 26 80 90 37 90 56 43 27 38 20 0 8 48 20 76 70 81 65 40 38 81 21 78 98 20 50 57 39 82 75 3 91 3 32 27 38 56 36 8 38 65 72 17 75 67 65 23 16 87 5 84 64 55 2 69 80 5 23 27 9 42 27 21 96 17 35 73 64 8 47 51 63 17 40 62 73 89 93 78 2 74 43 89 79 15 21 11 99 72 24 43 1 57 48 47 24 55 11 79 
62 61 30 80 30 69 4 13 26 27 93 61 0 49 12 52 83 24 85 86 96 93 62 15 9 68 10 21 41 81 34 91 49 92 15 88 23 27 61 11 66 81 87 4 33 29 19 35 43 70 87 63 30 86 84 86 99 6 81 71 98 32 83 56 77 32 0 81 78 43 82 32 24 10 54 55 83 5 52 35 97 31 89 22 79 36 18 96 4 92 58 1 66 84 19 18 70 6 41 84 
82 10 84 85 38 98 71 14 12 6 44 81 55 73 74 96 9 6 36 53 95 70 60 35 70 56 13 89 88 26 21 34 13 60 61 8 46 87 8 93 5 40 38 31 58 56 94 31 74 30 59 29 50 11 8 77 22 5 49 77 58 63 52 53 97 64 87 7 25 70 63 88 66 50 90 47 22 97 58 21 76 20 46 28 75 71 81 48 18 98 87 26 82 78 42 79 51 71 14 52 
86 74 32 44 86 88 1 83 30 35 69 12 7 25 6 22 19 71 51 82 9 8 32 76 58 58 27 94 74 0 4 13 79 41 66 55 11 15 14 1 4 35 95 98 81 37 90 79 66 51 22 64 32 15 3 35 94 44 36 4 24 80 99 61 54 75 17 62 67 67 85 20 66 85 29 53 92 87 94 35 4 6 59 31 80 74 29 39 32 4 61 56 71 78 50 28 68 69 29 94 
75 83 51 63 9 96 94 35 62 48 26 23 52 29 17 29 59 45 48 29 15 60 88 81 81 39 22 13 77 43 75 53 35 12 23 84 97 5 6 87 57 31 75 9 40 32 52 92 1 65 46 39 26 63 99 65 96 79 90 18 45 68 22 33 7 78 57 70 62 71 45 29 70 93 36 26 30 50 45 66 88 10 87 7 14 83 37 3 52 53 6 74 0 45 98 37 30 76 57 5 
40 79 84 33 44 57 85 39 87 43 38 81 90 63 78 99 35 49 71 39 71 62 70 77 45 29 27 84 1 42 36 41 70 69 90 87 77 96 11 43 47 32 70 16 97 81 70 85 13 48 68 5 91 9 59 23 81 1 30 48 5 57 53 94 61 8 28 27 51 81 77 65 81 57 38 99 83 32 30 27 39 25 88 9 38 7 92 41 52 64 51 44 8 37 77 13 93 48 21 37 
35 98 95 35 35 85 72 38 76 51 99 27 47 11 19 11 26 75 70 57 66 47 64 76 98 41 91 44 78 6 89 53 53 68 54 80 15 5 59 93 94 50 31 80 35 35 78 88 88 74 36 64 71 2 39 92 21 70 51 36 3 18 44 23 81 57 53 91 74 96 84 4 4 86 57 50 72 77 76 62 7 71 46 86 82 36 75 24 67 96 97 33 58 43 31 80 47 69 68 26 
28 99 90 63 61 51 54 97 66 76 54 6 25 44 0 84 84 50 97 88 21 1 78 16 29 2 17 70 34 47 23 44 97 41 85 42 6 12 45 16 92 64 10 45 0 70 11 12 70 35 91 80 83 40 21 91 81 35 70 59 43 80 87 97 40 7 69 93 99 46 94 70 64 94 10 13 77 75 34 92 29 4 75 13 73 75 98 4 10 76 15 57 30 60 71 77 50 9 39 56 
24 0 46 80 28 46 42 0 20 23 37 10 60 96 57 81 67 7 58 94 84 48 75 26 71 86 0 68 60 10 18 84 44 99 23 71 5 19 92 72 49 49 33 56 58 8 8 93 56 15 64 36 6 65 30 76 58 34 72 91 0 71 26 43 16 7 27 67 83 42 74 83 67 66 80 13 94 24 96 46 90 16 20 36 81 0 93 65 6 86 6 64 42 39 44 50 81 59 2 24 
54 31 95 32 32 26 49 33 37 55 81 78 67 33 46 33 89 80 35 4 85 95 23 4 92 19 79 6 29 35 39 31 45 25 60 66 22 88 17 99 99 69 52 47 7 67 71 63 74 90 56 12 13 28 93 28 60 74 35 25 8 20 6 38 22 56 32 87 34 84 78 61 88 23 28 59 52 21 2 30 20 9 21 99 30 50 31 50 59 25 77 5 52 42 83 66 19 81 71 6 
84 23 35 66 19 33 53 4 61 12 92 2 79 70 16 20 66 44 29 51 5 16 64 25 11 32 27 0 5 44 98 55 43 85 37 94 10 6 67 85 77 24 36 47 6 96 96 75 0 92 92 12 82 14 84 49 95 99 9 90 23 16 59 42 69 93 75 25 15 71 7 53 1 52 10 97 94 4 70 88 63 18 35 44 14 44 54 84 26 91 41 86 83 22 69 31 36 8 89 72 
91 48 69 14 85 65 66 52 39 66 84 91 44 91 18 58 92 57 49 60 16 63 15 3 31 49 97 30 9 33 27 9 30 16 75 51 69 38 5 76 5 45 37 69 15 83 45 32 77 58 41 84 67 43 72 53 85 70 9 31 36 13 50 81 64 75 15 96 76 88 34 33 28 62 93 56 68 41 33 73 69 10 66 48 62 4 24 83 63 53 36 75 52 32 97 96 24 54 0 33 
20 38 42 52 11 92 13 65 14 86 46 57 68 70 17 24 72 54 97 7 21 85 30 52 83 81 52 95 15 33 74 58 63 53 59 59 63 40 16 97 23 81 86 24 14 81 85 4 22 12 97 32 21 14 80 67 99 24 76 16 9 55 42 19 90 36 31 16 60 29 82 94 9 95 7 46 11 80 87 57 56 3 7 38 90 45 61 9 33 71 44 33 14 49 67 45 41 69 14 49 
86 76 24 89 45 4 68 27 38 27 69 69 6 58 88 97 95 38 49 12 65 31 4 48 10 71 78 14 71 69 38 48 89 89 45 59 91 91 46 39 8 37 5 45 87 86 78 54 69 12 13 98 63 95 89 67 13 31 93 19 58 62 85 71 56 31 45 63 91 48 91 50 73 19 99 2 72 99 95 79 20 44 16 66 15 56 38 25 6 36 99 5 32 52 74 76 44 22 17 76 
40 40 33 96 53 4 46 6 18 52 3 77 55 2 82 67 28 49 3 54 78 44 5 94 78 10 10 82 82 75 84 92 59 39 16 78 35 49 6 43 99 5 73 56 20 73 32 67 63 52 17 90 89 72 17 28 64 21 4 77 96 62 30 50 16 92 22 62 49 97 31 75 47 63 89 17 93 73 13 81 36 45 18 64 31 95 1 97 14 5 12 81 86 7 0 38 71 84 85 78 
89 21 69 84 12 34 83 62 95 75 1 73 11 53 97 74 3 78 24 39 3 61 71 46 90 92 1 96 0 78 81 92 20 81 65 32 60 1 96 61 46 75 32 55 43 76 83 51 39 12 71 41 28 89 27 56 46 96 1 44 98 7 28 34 46 28 55 65 85 89 47 80 70 24 75 55 6 17 86 92 9 42 96 7 6 38 6 27 63 13 28 18 83 83 28 98 38 2 37 78 
93 30 32 85 27 35 89 85 58 89 29 23 54 39 46 88 3 56 12 75 85 35 43 70 25 17 57 46 74 73 41 47 12 27 96 7 80 75 95 69 80 12 8 5 50 64 62 18 43 38 24 48 96 76 29 0 13 70 1 5 96 94 54 64 60 28 57 77 30 1 75 51 4 12 36 30 44 37 79 16 68 49 70 27 80 69 3 92 55 37 62 98 85 48 61 69 4 18 82 25 
13 97 12 56 50 24 36 27 54 33 29 46 4 97 86 54 24 45 3 79 82 23 51 19 29 37 5 54 31 61 12 46 1 34 39 54 21 90 73 82 30 84 4 56 68 60 89 10 53 53 35 39 8 7 25 59 79 57 94 23 50 88 37 68 6 44 62 2 47 91 25 20 29 48 25 43 60 29 38 72 63 72 99 37 3 74 83 38 29 29 28 32 57 8 56 83 71 81 40 73 
2 50 18 98 79 7 7 85 68 66 73 14 82 32 85 86 20 51 37 12 69 61 4 18 64 4 14 15 13 22 33 49 19 63 52 67 72 97 27 11 68 72 11 46 46 57 15 44 3 39 79 33 0 52 45 31 70 1 65 92 84 38 58 4 17 4 37 82 75 15 55 66 83 58 11 75 90 96 41 25 11 78 10 58 54 95 71 8 0 27 12 35 72 18 62 53 34 15 35 29 
58 80 93 40 63 9 49 73 56 85 37 20 94 51 77 33 35 5 63 34 91 85 64 66 37 49 21 63 60 48 13 91 91 69 1 10 74 16 42 43 86 19 77 36 18 79 5 79 83 19 28 7 5 23 47 6 39 37 3 52 72 64 52 52 15 50 1 33 36 76 84 27 93 87 28 31 4 25 96 45 5 0 70 41 18 58 28 76 41 46 73 15 2 27 11 27 42 82 11 48 
55 28 18 24 60 96 19 44 60 26 32 13 82 69 54 2 68 18 55 62 80 65 58 68 34 80 58 66 51 78 11 42 26 21 29 38 41 47 73 63 46 93 73 29 98 38 39 68 5 2 17 81 60 74 79 7 4 35 77 48 64 45 71 89 24 75 79 37 90 99 74 92 73 79 21 7 5 6 13 2 35 51 85 18 53 8 51 76 67 50 93 54 63 80 97 40 18 17 11 85 
32 34 2 51 79 40 58 93 91 65 25 16 84 13 39 88 38 96 82 35 36 18 45 26 9 70 16 99 60 48 45 82 31 89 66 8 78 43 80 97 79 33 86 66 96 43 72 6 61 21 80 96 71 10 82 9 26 60 89 14 22 11 46 61 51 62 1 47 47 28 57 97 34 47 0 31 73 69 86 86 72 24 78 15 24 4 63 79 13 86 99 52 27 55 89 48 28 73 4 69 
77 45 71 0 88 42 35 2 30 64 32 75 24 73 3 69 63 48 96 45 68 71 94 0 89 71 63 76 97 33 33 20 14 43 85 50 73 0 88 84 6 4 67 17 41 23 12 12 75 3 29 81 61 0 18 83 38 24 30 70 35 11 79 33 24 57 72 51 61 37 78 66 94 40 65 24 14 86 55 17 38 1 59 92 65 80 8 18 27 17 72 92 54 30 51 21 25 17 15 43 
59 86 26 20 2 97 41 4 41 36 46 5 46 13 57 19 88 8 27 33 24 31 9 68 98 43 63 78 55 3 10 98 81 43 10 34 30 6 56 33 52 98 25 78 48 20 43 65 78 7 72 72 88 50 39 88 87 54 18 18 38 64 97 20 69 55 4 76 61 44 17 19 16 59 58 58 12 77 14 65 14 54 93 32 97 69 44 78 40 62 16 31 88 92 29 45 44 98 12 31 
32 55 40 2 73 28 79 12 57 77 8 25 50 21 44 19 81 21 44 25 47 88 17 95 68 18 69 73 89 38 28 33 68 94 53 55 31 40 11 87 60 23 80 76 40 99 69 59 89 13 41 85 2 43 78 69 29 46 57 41 98 29 46 32 43 21 97 80 1 85 75 53 82 24 59 86 9 40 6 58 25 30 81 45 34 31 51 25 8 26 82 11 61 15 54 58 89 41 91 82 
65 75 50 89 69 64 55 86 85 85 21 42 13 92 55 59 43 78 42 51 29 76 39 53 43 37 30 93 88 30 31 98 5 52 80 27 53 66 19 10 31 66 14 13 60 30 32 46 64 2 97 55 35 56 4 61 40 86 52 68 10 3 58 94 78 9 70 11 92 95 20 54 17 75 3 61 63 12 90 54 70 75 15 88 92 3 34 33 92 16 92 59 45 85 91 72 71 68 50 5 
88 22 97 80 45 54 10 21 7 19 24 4 38 98 25 89 46 24 92 95 67 0 80 93 99 8 94 30 50 5 83 85 71 60 6 49 56 78 14 45 58 3 35 6 78 27 53 7 70 68 54 13 76 4 46 16 36 43 44 34 73 88 54 43 19 28 79 89 26 5 24 1 4 19 5 45 38 73 18 11 52 27 77 10 97 52 77 87 38 2 60 47 78 75 49 23 65 87 29 92 
2 87 75 73 23 4 93 33 4 9 65 49 68 64 60 46 44 91 90 10 8 6 74 65 31 17 79 81 60 4 75 19 2 69 31 57 73 97 71 83 98 26 72 89 14 84 47 44 2 26 63 13 97 51 62 52 72 84 16 26 78 88 53 24 76 15 84 5 39 11 20 5 10 77 42 44 37 30 63 98 58 85 39 64 50 68 81 32 47 41 29 76 77 55 40 32 81 84 23 77 
21 2 35 45 2 5 39 44 42 91 38 27 38 19 47 56 59 34 62 1 98 75 13 73 2 60 27 64 45 89 95 21 39 33 20 9 2 43 92 35 81 59 23 87 36 72 21 87 40 64 50 15 43 98 24 99 53 0 82 43 28 70 45 97 1 5 60 75 80 46 20 43 98 33 3 99 13 46 16 46 92 15 0 34 0 80 15 60 46 46 50 52 61 86 75 18 34 61 82 13 
7 63 39 46 21 21 84 81 73 62 52 2 36 51 80 14 90 11 1 6 52 75 90 13 82 25 55 6 20 54 58 33 86 98 94 71 29 72 77 18 84 39 42 37 81 75 2 43 72 43 54 71 65 75 70 9 61 32 77 7 57 7 9 6 30 14 24 89 92 10 74 94 85 78 29 85 17 67 23 78 76 49 47 70 59 0 71 24 7 39 31 7 98 85 94 0 19 96 29 62 
28 62 12 62 54 78 81 92 92 44 10 69 96 61 75 35 99 57 51 6 95 5 67 16 50 95 89 87 33 19 5 25 46 33 38 32 69 57 99 92 72 34 11 38 69 34 98 14 37 80 81 71 43 79 33 21 7 50 46 35 27 88 41 2 5 67 44 22 47 95 74 95 43 36 83 67 99 12 36 67 40 22 42 99 33 32 99 25 47 70 94 44 23 23 56 97 87 15 3 42 
8 25 26 99 79 91 29 42 94 69 74 42 2 34 28 34 87 97 35 82 3 82 44 82 11 75 63 94 90 1 94 74 71 39 40 47 38 47 97 77 62 94 55 31 97 81 42 24 95 25 72 95 27 23 13 13 56 16 37 97 35 94 13 93 30 20 90 99 96 27 12 90 18 10 48 78 54 98 68 77 81 29 67 48 91 68 67 69 21 75 78 54 94 66 97 10 47 41 19 63 
23 59 77 92 79 87 56 75 57 30 99 37 79 77 7 41 86 66 48 15 76 40 18 2 27 64 29 67 19 65 24 31 2 80 8 63 65 93 39 62 73 93 42 13 20 28 4 54 58 40 80 9 91 54 18 87 46 9 37 7 14 49 35 43 36 34 97 82 64 85 85 96 28 46 46 11 7 31 2 55 5 55 58 16 8 86 61 6 82 96 61 34 72 69 7 87 86 72 17 27 
36 75 15 15 28 21 5 73 13 61 38 88 12 50 94 61 37 96 31 76 88 30 86 56 64 28 92 3 28 87 51 73 44 34 40 9 2 91 61 33 14 83 11 17 15 2 76 38 27 31 5 87 36 50 39 77 35 18 3 76 26 10 60 97 53 91 32 44 66 4 66 33 54 16 14 87 5 67 4 37 25 99 86 21 50 77 61 1 1 24 47 76 63 82 15 5 99 97 96 10 
20 11 46 75 84 41 1 24 28 68 91 17 89 65 42 36 10 67 39 96 10 54 93 20 12 15 0 38 22 97 27 5 52 9 79 61 53 61 90 37 46 74 61 65 73 49 98 10 43 51 33 99 82 39 71 45 30 32 79 68 94 54 49 15 37 34 48 58 86 1 25 87 8 92 44 71 38 98 45 66 38 70 87 76 41 68 7 97 91 25 57 99 94 29 18 71 68 93 86 34 
73 81 76 44 86 7 90 90 80 13 99 44 63 67 86 60 46 53 21 10 27 67 53 36 4 2 79 21 61 70 32 53 6 40 81 34 36 71 54 6 31 21 73 67 42 99 29 84 94 97 59 30 20 30 63 13 42 44 44 29 16 90 42 15 87 79 68 28 33 83 73 71 62 7 5 41 19 25 24 10 17 28 67 87 72 1 28 32 61 51 15 75 85 49 80 16 46 85 59 45 
7 11 26 37 11 10 34 85 58 46 60 4 51 99 48 28 41 69 35 27 85 45 58 87 7 54 55 20 57 7 40 91 40 36 5 88 20 63 17 3 42 6 0 92 68 50 67 77 1 66 48 64 9 99 0 9 11 82 90 19 58 81 90 49 69 74 46 4 34 22 84 80 72 20 88 36 75 80 87 14 80 63 76 74 95 52 97 1 9 88 50 41 93 34 18 55 81 52 66 34 
37 34 50 82 40 77 81 31 85 46 60 94 28 40 38 21 45 26 98 3 1 65 77 14 44 86 27 25 18 3 56 24 44 68 31 26 54 8 77 33 14 63 39 96 48 50 66 68 60 37 14 75 39 13 30 63 57 78 81 91 10 98 20 87 45 19 4 12 9 86 55 2 46 68 66 41 59 21 72 77 80 58 86 22 94 75 74 10 22 46 4 33 2 22 75 68 98 4 36 21 
23 54 36 93 1 89 51 34 2 20 9 75 48 21 80 66 60 31 87 13 93 77 85 51 98 27 80 9 96 34 59 79 62 33 90 64 70 45 94 63 41 24 76 22 78 45 26 13 47 7 28 26 95 88 7 22 18 76 7 88 71 74 70 4 83 14 60 3 15 12 90 0 20 12 86 78 84 75 16 81 88 64 61 71 91 14 10 40 2 38 73 11 22 80 52 86 26 66 39 28 
98 91 31 97 42 77 94 31 51 14 64 8 34 41 2 66 47 88 3 50 77 56 41 20 55 35 57 3 86 97 93 60 88 74 1 55 60 15 0 74 35 87 56 8 23 80 76 33 65 94 49 13 93 82 15 54 40 7 30 49 45 86 4 51 53 8 49 24 83 29 16 61 28 77 64 19 45 69 83 55 82 75 77 67 80 74 48 84 90 62 42 30 37 58 96 17 68 98 82 38 
33 99 99 45 57 93 90 88 13 33 37 48 6 99 9 38 59 62 35 48 17 17 93 37 15 8 72 43 74 8 4 11 94 42 52 51 87 67 0 79 55 39 32 28 17 60 31 32 69 54 16 49 37 15 80 10 87 73 80 75 52 88 80 9 64 54 19 25 87 18 53 8 23 61 3 11 27 35 86 71 4 95 43 55 69 57 90 37 13 64 44 63 52 21 69 75 61 66 93 57 
27 58 70 34 21 44 99 41 55 67 83 58 10 73 49 2 3 2 11 54 72 66 5 17 22 37 59 40 95 19 9 61 79 29 66 8 4 47 79 34 86 85 89 80 20 83 73 54 97 96 87 49 34 71 42 19 56 65 98 14 20 29 47 55 89 85 53 51 49 63 15 66 80 44 68 7 50 57 36 12 12 79 27 22 81 78 15 12 44 84 99 92 84 83 36 86 71 14 99 76 
20 31 55 81 29 86 77 22 76 9 69 38 16 17 34 57 22 59 64 71 80 3 65 14 53 45 43 1 6 57 9 75 65 93 28 23 29 15 71 25 53 85 48 97 40 59 5 22 48 31 6 42 30 17 65 4 78 84 84 46 82 13 74 88 20 65 5 1 47 57 94 32 27 9 61 17 26 20 30 66 73 14 0 96 95 83 26 70 62 44 20 68 55 71 50 4 8 8 70 53 
21 93 58 7 64 46 73 95 12 65 99 51 95 36 87 41 78 44 72 68 66 44 21 43 85 79 58 97 71 54 52 21 53 65 0 98 81 99 95 89 11 89 92 58 32 99 18 17 57 37 19 3 98 9 38 15 67 40 41 20 3 74 90 75 56 37 83 34 14 17 15 25 3 6 51 16 90 82 21 96 38 54 48 61 58 2 64 24 67 51 39 10 53 49 36 21 5 65 3 57 
22 84 34 62 72 56 50 4 25 99 36 46 38 46 66 43 29 0 5 46 87 27 57 86 89 66 87 61 54 60 81 64 83 59 63 23 37 72 89 13 19 75 16 71 73 22 10 38 80 14 12 21 64 81 90 83 98 54 82 65 49 90 32 64 27 11 90 98 23 74 58 53 67 77 24 40 63 9 74 8 4 34 81 54 9 44 62 83 89 80 73 68 15 52 69 79 35 47 19 42 
22 73 15 83 20 41 69 19 63 68 52 6 43 85 17 83 32 41 62 21 91 89 61 34 44 62 62 87 47 84 95 43 98 74 11 42 83 17 69 41 3 74 31 97 93 5 7 77 47 20 1 77 82 29 16 31 28 27 81 74 51 10 41 85 51 68 91 20 12 54 22 39 9 0 24 60 4 70 79 41 39 20 91 14 62 91 97 23 67 80 21 14 22 20 94 56 17 40 94 56 
51 51 72 75 82 6 10 26 46 63 42 41 96 2 68 46 53 7 65 74 60 44 71 94 58 86 33 4 99 98 56 2 63 6 37 83 90 75 89 73 41 41 15 79 42 21 33 68 93 47 30 12 44 32 50 18 41 53 50 81 42 41 5 30 33 95 19 53 72 84 98 28 31 4 62 18 4 86 77 25 12 93 15 33 95 47 38 1 72 73 81 35 90 89 2 56 29 35 26 51 
70 32 96 3 44 54 92 93 12 32 57 7 52 93 84 97 21 86 44 81 74 69 75 14 59 23 30 49 7 82 80 0 30 76 3 54 98 74 92 66 64 16 88 91 82 12 50 64 70 65 2 41 89 10 91 98 32 15 70 91 79 67 15 60 65 95 39 57 92 82 94 0 33 89 50 33 53 49 0 27 57 27 79 13 11 35 34 0 67 24 64 47 37 95 74 23 95 94 13 36 
49 71 75 91 91 24 47 9 71 13 35 40 36 41 64 77 89 25 18 30 18 35 50 65 64 9 14 13 40 36 0 95 42 44 21 99 46 17 48 40 94 20 33 29 29 26 47 98 91 36 37 66 82 91 60 10 97 98 70 50 23 38 1 22 67 10 35 16 77 55 16 28 35 57 84 48 29 67 75 86 37 95 99 50 55 25 53 92 56 86 86 58 74 12 79 89 72 48 58 70 
69 51 7 63 58 57 23 51 31 67 24 38 35 38 50 24 5 61 49 41 17 8 86 89 55 89 90 49 88 19 48 17 38 72 6 79 83 55 63 92 1 55 3 31 12 11 88 27 35 10 32 32 8 4 7 63 99 30 86 0 72 82 4 13 8 79 28 94 45 96 95 57 73 18 7 91 82 95 52 66 18 13 46 56 8 23 60 32 77 46 16 64 97 79 6 83 3 87 81 75 
70 67 87 29 20 33 32 91 11 17 59 79 67 65 64 91 55 21 6 12 63 78 87 35 21 19 11 77 50 5 34 38 36 93 20 92 50 0 3 24 52 7 72 5 23 50 54 92 67 93 43 56 99 21 3 99 24 88 86 52 15 97 17 14 72 74 21 62 39 78 67 29 12 5 31 12 73 14 74 99 17 12 57 74 98 64 29 18 8 46 11 61 32 18 25 17 30 17 90 19 
71 48 4 93 85 24 89 36 36 23 18 0 0 86 40 52 76 83 23 6 91 92 11 18 6 81 11 10 45 71 11 79 93 49 23 22 49 20 8 77 99 33 69 99 98 34 26 32 85 45 76 58 47 3 89 45 9 21 57 5 43 55 45 86 62 14 91 67 69 84 66 35 55 29 8 48 41 80 33 96 81 42 1 18 98 90 25 20 52 67 74 62 30 34 59 52 34 27 36 0 
33 52 15 42 0 15 73 83 50 93 20 87 87 92 76 78 92 10 12 61 84 2 35 58 39 75 74 89 69 67 19 69 77 34 18 98 66 54 71 88 97 45 28 48 68 32 72 81 95 27 53 15 86 3 2 83 18 91 12 37 31 2 90 73 60 79 19 64 53 35 95 63 10 15 36 89 21 29 26 53 58 76 96 94 12 33 41 46 3 66 83 41 51 25 0 99 96 78 38 2 
0 65 39 56 33 60 8 17 79 69 29 34 84 2 70 10 51 17 8 3 81 91 35 39 34 20 54 8 47 29 44 41 48 49 58 32 65 7 17 72 49 64 5 10 66 88 10 7 62 67 17 95 97 30 31 5 52 58 26 81 98 0 76 42 41 78 64 69 91 93 45 94 70 15 74 22 48 27 68 61 43 22 50 72 11 24 43 77 81 40 47 46 21 40 26 96 27 1 70 33 
83 93 23 87 21 18 13 22 94 50 36 48 24 43 15 8 7 21 23 61 33 53 41 83 39 1 59 62 90 25 79 30 33 60 56 55 47 20 97 46 55 98 23 76 42 49 78 53 17 40 67 59 24 42 1 85 30 10 54 30 49 15 23 58 85 82 98 2 32 98 62 79 69 18 76 17 1 81 37 9 97 42 16 73 37 43 6 94 24 0 67 23 30 27 63 92 38 26 12 29 
32 15 5 23 58 31 59 11 77 75 84 27 86 31 90 38 29 51 36 36 70 46 67 96 23 36 90 87 41 29 38 34 66 28 17 92 99 33 13 63 13 85 5 71 81 14 51 54 24 82 96 17 40 29 64 3 25 47 52 53 66 6 97 86 64 48 86 84 55 91 21 7 26 30 14 24 94 75 9 53 18 78 21 95 90 41 85 31 3 19 29 77 69 10 52 50 20 80 25 17 
76 82 48 48 32 12 22 16 93 71 83 99 38 4 71 72 27 9 95 64 95 69 62 67 30 0 47 56 35 52 45 82 32 21 32 55 19 28 98 26 66 34 74 24 90 51 39 6 17 37 12 54 3 41 50 7 9 81 3 34 9 79 50 94 45 69 63 27 11 97 41 50 16 35 20 24 8 97 76 32 74 38 91 49 4 30 58 69 89 25 51 47 81 37 73 47 57 21 36 27 
36 96 79 64 72 87 48 91 65 46 94 34 67 96 36 33 10 92 9 69 43 51 67 54 29 95 41 52 97 18 60 25 21 28 0 28 46 77 87 89 41 95 34 48 83 70 64 55 37 8 55 43 91 79 8 17 63 73 74 65 12 72 90 16 3 82 53 19 6 30 15 42 80 59 34 90 68 93 98 57 37 50 12 8 77 43 5 95 96 87 24 62 40 2 90 96 18 10 85 59 
36 82 87 43 65 16 25 24 80 72 43 56 61 41 21 94 28 44 38 44 16 39 4 99 67 69 37 92 70 83 0 21 7 72 71 14 17 99 96 34 68 88 49 61 70 38 53 82 62 97 95 88 74 60 85 16 2 40 86 34 3 97 99 62 81 52 12 81 24 31 5 16 68 29 42 82 24 13 72 37 13 20 77 51 64 68 36 34 73 92 69 81 96 41 13 52 0 44 33 30 
14 93 99 14 32 90 30 29 87 65 39 69 2 73 63 53 12 72 19 23 60 40 98 57 98 27 98 45 65 9 34 51 47 92 54 92 68 7 91 44 27 86 41 8 73 89 46 82 15 7 24 68 30 73 62 23 30 22 39 75 91 22 32 63 55 54 43 59 71 58 91 33 47 89 26 28 85 44 57 22 73 61 39 74 37 22 60 65 9 55 51 28 52 24 46 49 41 99 97 41 
87 92 70 3 21 14 75 59 20 17 12 61 90 20 43 87 55 92 41 8 30 6 6 39 38 2 16 63 10 72 12 80 50 36 42 26 91 88 91 72 12 33 67 16 6 86 12 8 45 95 23 4 88 50 77 87 26 82 18 88 2 41 77 66 13 20 73 37 70 96 42 59 82 87 27 33 96 55 46 54 50 14 80 10 46 19 27 6 48 96 49 72 29 61 43 73 47 16 34 42 
9 17 56 23 70 16 7 97 41 16 81 88 8 10 88 8 5 2 48 43 20 86 77 31 6 17 22 88 82 5 14 40 26 16 58 90 4 31 63 89 89 12 74 21 33 50 73 52 37 43 61 94 46 65 16 77 83 80 87 82 28 75 7 35 11 52 32 63 95 49 68 87 60 44 13 51 3 75 37 56 50 81 16 3 81 23 60 58 14 15 73 77 86 53 24 92 21 74 56 26 
13 97 37 5 10 72 48 21 72 32 96 74 19 41 55 30 70 88 80 50 88 41 44 72 40 39 82 9 20 54 40 16 8 41 30 86 94 43 89 91 89 10 72 17 58 74 86 87 10 64 24 65 69 3 24 87 62 11 47 83 40 87 19 15 21 86 20 74 45 98 7 69 49 41 71 0 85 89 40 99 46 93 89 12 16 37 34 54 43 50 62 14 81 62 89 24 43 14 54 76 
91 68 71 47 74 24 76 37 85 54 45 4 85 62 78 33 31 34 85 21 65 83 47 95 82 22 11 59 56 13 28 2 36 6 8 65 34 72 12 71 82 88 57 27 82 93 7 69 16 11 90 56 22 4 3 88 16 36 4 17 22 78 82 59 16 60 42 11 86 36 50 82 67 39 61 41 76 19 9 25 44 75 84 35 67 85 5 87 96 95 16 76 31 10 33 19 6 29 89 25 
10 41 6 78 38 12 36 32 32 47 87 7 59 59 99 90 36 7 9 50 67 84 92 2 49 89 44 86 16 41 30 59 2 86 76 67 93 3 90 6 30 90 25 21 37 14 95 98 88 54 48 71 16 75 35 37 4 62 88 64 60 14 72 50 45 44 65 25 33 95 24 45 6 67 56 34 61 89 61 53 1 53 69 4 62 31 77 75 74 21 83 58 55 85 83 48 45 94 24 93 
66 65 1 19 79 43 51 17 85 51 12 64 37 73 92 7 60 8 15 58 90 32 60 66 88 57 96 23 56 61 82 73 64 81 81 11 26 17 30 36 27 98 60 56 13 53 86 35 71 20 36 44 35 32 60 89 49 15 34 53 91 69 9 38 6 98 49 20 40 66 58 26 48 75 46 3 33 42 98 40 59 32 56 8 14 36 37 63 96 42 17 8 45 89 95 25 74 32 19 96 
35 74 42 19 8 60 1 95 21 31 16 78 56 75 56 38 51 29 86 85 95 4 62 66 68 98 0 36 86 20 70 34 43 96 70 79 70 85 21 71 16 81 44 33 97 62 43 6 90 74 19 17 76 65 76 57 30 11 98 41 95 62 35 14 54 64 6 70 72 5 31 82 84 64 63 21 55 4 49 32 26 5 89 93 7 42 63 60 53 85 11 70 24 73 16 64 6 52 27 88 
80 1 50 2 7 91 96 94 7 31 38 20 76 62 27 72 30 43 92 3 11 87 3 25 3 66 72 28 93 69 88 61 71 77 22 14 86 47 48 0 31 99 35 86 13 30 45 81 51 35 54 94 69 54 80 37 26 40 60 34 93 38 54 49 53 92 55 86 76 23 33 19 7 90 27 34 54 33 63 50 16 7 73 60 6 66 64 69 63 24 94 55 7 17 35 81 73 34 22 34 
55 20 77 0 89 5 59 12 46 66 82 2 7 6 97 75 92 10 54 19 80 30 20 49 86 74 89 11 49 44 18 58 81 77 84 53 95 39 41 85 84 34 14 29 41 37 39 31 49 79 59 82 85 65 78 57 4 50 48 0 99 22 36 38 40 43 37 91 55 77 43 35 15 84 13 87 73 96 6 30 50 8 34 50 88 93 35 0 51 29 22 37 80 59 63 6 94 6 96 23 
