21 72 52 14 43 54 77 0 99 19 8 46 78 81 75 19 70 79 66 30 96 67 66 10 72 68 61 84 13 73 23 90 1 59 99 94 87 19 69 94 19 88 22 12 17 11 8 69 91 92 64 2 32 88 61 51 37 79 75 52 9 76 88 12 39 27 65 51 56 70 48 27 86 71 25 95 57 65 47 20 63 97 93 15 45 4 92 87 28 62 62 51 41 32 27 27 25 64 47 95 
16 5 12 99 52 3 50 93 88 0 20 40 97 65 9 55 9 18 43 82 34 8 98 70 25 48 72 90 20 52 64 49 85 61 69 79 40 37 52 56 87 44 36 38 4 82 0 53 18 39 79 71 47 69 24 54 65 5 72 23 52 56 68 21 32 21 37 97 44 88 19 82 82 32 78 80 63 32 47 57 53 51 74 88 59 54 39 22 49 95 83 45 21 39 71 98 81 34 51 54 
26 58 68 53 24 73 42 72 95 20 94 63 14 77 51 96 38 27 7 13 53 77 39 40 30 83 14 22 44 99 16 15 51 7 6 32 51 18 37 12 52 74 43 19 20 81 71 59 47 43 85 49 8 91 22 28 85 96 97 44 48 14 21 7 23 56 37 62 49 56 50 2 58 49 60 53 81 37 80 73 59 19 56 33 95 82 23 57 60 11 82 36 47 23 99 93 13 45 61 5 
95 54 9 8 40 54 72 9 19 54 65 67 82 23 68 17 18 66 78 76 68 84 95 15 7 7 26 35 31 5 7 72 17 17 59 96 64 56 67 79 51 23 90 99 92 50 29 1 97 70 36 67 25 26 55 47 53 58 56 92 55 29 95 55 98 57 51 61 60 16 98 71 73 66 36 30 1 84 8 69 7 95 24 75 14 41 42 17 93 39 91 23 98 96 75 94 40 61 53 35 
33 14 72 45 41 87 22 20 60 2 36 53 78 44 11 80 25 59 33 57 90 55 6 54 12 43 61 13 29 22 6 10 23 57 66 6 90 27 85 58 54 72 74 1 24 2 79 27 80 61 31 80 26 49 94 40 21 34 56 84 42 75 33 50 37 9 10 76 13 34 99 66 7 81 72 77 46 89 58 58 76 94 32 84 35 10 86 37 44 52 64 27 39 97 66 79 89 24 70 61 
59 99 90 2 79 46 49 93 32 0 84 19 41 88 33 47 74 30 30 1 46 41 46 83 68 67 49 57 29 79 2 11 21 51 94 84 30 70 78 77 21 71 7 81 78 99 85 63 51 8 14 52 55 2 61 34 28 10 39 8 74 45 56 64 54 93 21 2 60 18 1 6 43 80 57 19 89 44 40 10 93 20 75 43 7 59 94 17 41 57 3 88 80 11 82 70 29 38 29 39 
36 74 49 74 76 76 5 75 48 91 75 78 82 47 92 24 70 27 23 81 81 77 85 53 39 32 88 99 1 5 89 79 31 49 50 87 89 86 72 16 32 71 61 45 84 45 58 80 52 11 94 92 73 18 10 92 78 46 40 30 83 19 46 74 85 76 93 3 66 72 17 50 53 37 66 34 56 9 7 28 60 7 75 68 65 63 45 23 63 49 8 63 71 80 95 71 46 14 29 96 
83 42 48 45 95 96 87 49 2 12 89 14 43 2 64 4 88 5 71 99 60 34 79 10 17 95 68 20 57 79 70 20 63 9 18 69 10 85 11 14 18 30 96 56 49 40 87 11 64 79 78 73 74 77 46 35 25 45 17 0 72 9 25 13 87 93 57 90 53 60 58 97 15 45 30 64 30 22 31 55 63 58 36 28 80 81 20 50 14 53 35 92 77 2 24 62 88 89 8 8 
17 4 72 86 94 20 41 52 10 8 81 11 46 89 60 11 20 43 81 15 65 80 25 6 29 78 70 35 83 97 88 55 98 21 98 81 76 53 25 62 44 45 80 7 25 97 75 40 8 11 65 6 6 97 4 51 56 14 16 16 79 63 31 63 92 76 35 2 99 17 16 40 29 42 64 83 64 42 84 62 30 59 73 83 53 13 31 39 54 14 84 5 67 0 44 60 70 89 16 13 
55 91 32 93 65 94 37 99 14 95 35 20 68 90 68 18 42 79 14 79 54 69 53 18 26 99 51 79 2 3 31 31 26 0 36 97 84 90 92 27 48 1 57 96 46 90 70 36 28 21 33 9 61 27 68 19 85 58 81 42 62 87 2 86 74 35 33 24 58 42 52 91 58 75 85 33 26 76 32 75 53 4 21 70 47 66 31 56 32 81 81 15 95 0 77 23 52 69 74 14 
62 85 70 27 20 78 71 7 2 15 65 56 47 66 49 35 56 79 41 57 3 49 3 20 49 91 98 75 32 9 19 39 6 11 89 23 66 41 7 26 40 3 45 16 23 91 1 7 32 93 91 35 22 46 84 83 40 36 71 17 6 40 12 35 36 5 53 48 80 5 2 67 42 62 5 74 16 62 74 21 22 82 71 48 32 99 99 95 55 62 96 76 86 86 70 6 37 75 62 20 
97 49 71 0 45 98 44 29 16 76 74 83 16 50 28 73 98 9 72 11 19 26 31 62 67 46 88 52 29 52 81 41 42 62 43 66 60 11 18 35 61 69 24 92 64 26 74 35 5 83 72 21 56 71 34 98 3 25 10 42 67 25 33 57 27 72 92 1 97 26 48 23 80 48 85 48 27 26 50 8 18 6 9 12 98 70 56 59 96 2 89 74 12 6 74 38 12 14 68 78 
70 90 49 41 21 97 99 82 65 57 87 50 64 29 78 68 77 14 74 67 3 98 20 14 61 65 85 26 48 97 71 31 32 45 29 84 84 73 85 28 9 20 17 96 18 53 76 77 29 20 27 61 35 40 15 92 12 97 9 87 5 40 71 94 35 48 92 2 89 76 12 49 93 70 28 69 43 14 53 55 25 95 19 61 90 65 27 6 65 20 82 0 37 64 58 1 71 57 39 54 
7 9 19 74 55 20 73 39 88 55 0 86 42 40 78 3 50 45 87 50 98 43 36 25 89 36 60 86 0 80 61 53 36 85 62 97 36 41 32 57 21 61 54 18 92 11 97 7 84 31 39 86 13 29 68 5 53 61 87 80 53 85 15 21 18 23 41 47 44 94 11 91 66 27 61 99 91 51 59 38 16 47 40 41 28 39 65 98 81 19 93 46 27 31 84 71 85 84 65 80 
26 31 48 57 62 50 83 10 55 33 81 14 54 23 21 39 53 16 12 15 72 61 9 14 62 66 12 91 95 36 57 93 0 27 74 55 7 37 56 29 39 84 69 32 62 96 94 71 41 33 52 76 83 16 12 47 30 63 39 22 15 86 85 72 84 83 82 33 79 37 30 33 68 21 29 8 19 13 48 63 79 85 25 22 54 51 25 37 7 54 66 86 72 50 26 74 3 22 22 87 
15 70 31 35 38 55 25 39 98 92 17 2 93 25 31 39 13 43 44 12 36 58 56 20 79 86 71 24 13 93 80 29 3 67 67 42 77 51 16 67 51 25 48 44 9 29 3 32 40 71 49 96 70 88 97 45 32 87 20 41 78 31 0 56 14 28 84 29 21 32 89 58 54 49 30 10 24 96 64 53 71 96 97 81 25 43 78 64 19 28 54 44 29 69 49 42 78 99 12 70 
5 48 31 19 67 36 65 50 6 19 30 39 57 77 19 92 25 20 10 92 7 50 96 87 36 91 31 48 41 61 59 72 71 32 83 77 73 33 0 17 91 45 18 4 7 55 96 47 94 66 1 99 58 40 82 53 69 8 70 83 4 9 7 6 93 18 51 6 5 33 59 63 18 79 35 50 81 74 82 3 27 22 56 0 46 24 61 26 37 52 59 69 19 73 86 42 20 22 3 29 
52 95 47 37 65 84 85 23 59 85 83 81 54 88 37 58 4 2 55 21 84 16 81 48 94 57 3 51 67 23 65 54 51 92 11 85 10 81 65 89 4 49 75 99 45 83 7 23 48 47 3 20 25 84 12 7 52 78 79 33 20 86 31 1 33 67 75 25 70 14 70 27 74 33 84 75 1 55 83 22 13 75 86 38 78 59 96 49 42 20 41 92 1 3 16 74 77 37 12 67 
97 50 52 64 71 10 12 91 66 74 83 67 93 5 98 20 61 6 66 96 97 46 33 24 3 89 1 93 46 29 69 25 78 82 28 14 88 95 75 33 47 97 82 54 62 70 10 76 67 45 86 15 66 56 7 97 54 84 60 26 97 77 6 41 75 25 9 68 5 77 95 47 62 47 21 24 49 70 2 83 88 87 14 58 56 28 28 76 86 49 63 57 2 50 64 29 14 52 99 2 
86 52 46 15 57 62 30 35 38 15 71 53 87 68 36 25 26 75 39 55 35 40 6 86 53 66 90 28 60 94 66 8 82 23 75 16 53 42 7 96 64 92 88 27 66 45 99 32 87 92 28 31 36 0 16 62 29 45 12 46 81 40 71 58 66 35 75 94 6 76 40 63 17 23 38 11 59 38 80 75 36 5 60 33 66 98 45 15 96 14 38 59 17 65 5 8 30 71 85 61 
43 12 79 9 71 9 47 46 39 18 81 2 93 22 78 19 69 26 41 26 72 78 85 3 71 42 85 30 50 56 53 93 26 53 38 20 55 89 57 37 82 50 68 10 94 20 6 51 93 99 17 24 62 13 80 18 25 63 89 77 90 57 75 98 53 96 25 34 17 75 52 55 68 90 69 41 31 19 9 51 86 57 8 51 58 34 0 8 57 43 28 19 70 47 56 52 61 56 38 1 
61 57 26 3 76 48 39 56 47 14 66 45 3 33 14 5 71 33 28 41 84 91 67 5 57 5 79 27 22 46 79 59 70 61 57 83 96 95 58 68 71 70 65 56 2 15 96 57 99 44 60 53 25 38 72 40 76 88 9 96 76 65 36 91 90 55 96 62 78 25 6 63 24 62 43 36 9 78 77 34 60 36 72 45 74 73 34 2 71 88 16 29 34 2 63 93 11 84 40 76 
83 55 24 87 71 7 79 8 85 63 73 10 23 23 85 15 85 43 73 93 70 76 86 31 13 41 74 16 50 96 96 21 70 60 75 58 71 92 61 58 97 25 96 40 48 93 94 29 59 17 5 92 92 61 51 3 98 85 80 90 39 82 20 64 73 37 91 18 67 14 93 5 51 85 87 96 43 74 75 85 92 23 71 62 71 58 81 47 39 30 18 26 65 74 76 68 90 77 28 54 
86 45 56 65 81 82 13 98 71 97 85 13 88 12 11 81 29 60 34 97 96 98 19 88 70 10 73 94 27 61 71 33 13 28 73 91 32 49 39 50 18 74 87 39 87 92 55 12 11 98 38 52 63 30 43 20 44 67 34 39 90 24 68 77 84 16 17 61 48 42 88 36 50 54 57 61 60 97 33 31 77 77 67 43 2 97 46 47 68 36 56 63 88 27 25 53 51 0 66 24 
13 72 44 24 60 93 52 38 88 16 64 94 43 77 11 36 14 21 13 11 42 39 17 58 36 26 12 77 25 13 15 28 43 12 91 31 88 22 38 94 88 96 1 13 76 49 33 58 3 50 19 69 18 12 8 17 84 92 60 13 68 30 33 86 61 21 2 19 97 46 26 20 73 75 87 8 65 90 78 5 41 61 4 61 67 32 26 62 82 25 29 45 26 96 70 40 56 84 16 73 
37 8 5 42 2 81 62 19 86 99 33 5 36 82 5 12 82 79 85 19 23 87 72 2 68 3 53 36 25 44 29 22 42 97 77 15 30 35 94 34 31 53 98 50 3 68 49 88 76 76 8 74 31 19 36 30 14 42 22 48 61 34 2 76 33 37 85 27 52 77 80 57 84 31 17 0 56 28 60 47 78 20 95 49 2 32 2 22 39 85 58 86 3 78 58 33 54 63 90 99 
65 10 43 9 9 94 47 11 81 1 23 87 75 82 26 30 99 84 4 58 5 10 23 88 86 55 9 99 64 83 90 81 1 23 3 88 61 69 19 75 67 44 53 30 38 7 94 71 27 63 77 63 90 98 92 28 49 69 4 36 13 10 35 26 0 31 73 80 13 29 82 12 69 40 22 75 58 78 99 87 91 46 82 43 27 76 14 13 69 86 78 19 99 36 49 86 65 75 28 83 
61 18 90 79 21 66 71 69 44 24 23 30 97 1 40 92 72 73 19 43 94 55 67 36 79 88 99 10 42 14 72 47 81 87 14 94 49 50 27 46 28 45 56 16 57 51 4 80 97 32 82 58 4 87 31 95 25 71 69 12 41 5 70 34 8 65 31 11 90 83 50 85 62 12 37 25 85 45 86 65 25 31 20 58 54 84 63 15 97 28 83 42 79 24 81 26 96 83 99 80 
48 42 28 50 46 74 47 37 99 90 24 82 73 90 64 11 97 34 78 70 10 44 14 42 76 6 25 18 15 50 88 19 63 98 78 85 39 54 45 32 21 83 88 19 6 71 22 17 30 54 25 12 29 79 41 30 87 7 19 86 58 13 81 42 78 12 43 50 50 13 35 90 5 43 9 43 73 7 82 40 43 84 11 7 75 32 92 45 70 81 74 57 5 61 67 67 75 67 60 57 
43 54 1 51 11 15 44 40 17 77 73 80 4 19 4 40 54 76 39 66 19 97 94 73 20 58 52 41 36 72 64 63 98 54 36 95 5 3 44 77 93 94 6 66 15 79 0 79 90 90 99 3 35 22 47 93 54 39 84 40 82 26 47 74 55 32 47 95 54 30 25 34 48 85 69 60 78 78 96 72 97 31 67 95 50 74 62 89 80 49 21 80 1 86 1 15 65 45 82 25 
57 13 63 12 11 12 27 23 71 13 75 16 41 26 48 50 3 33 26 86 22 71 37 68 21 32 11 59 74 93 6 59 55 27 95 21 70 79 23 84 68 79 85 57 40 12 25 40 36 36 60 18 92 98 79 82 69 67 20 92 40 47 22 67 92 69 52 58 61 67 13 33 85 26 39 93 64 32 62 5 91 75 42 74 86 61 44 34 78 20 4 84 48 88 18 23 79 26 63 35 
40 28 30 96 72 58 72 98 73 35 99 13 81 65 78 90 56 69 2 26 84 10 64 21 97 71 87 61 98 79 46 81 86 21 21 64 84 76 52 70 13 81 89 0 26 82 40 51 37 33 39 67 59 46 31 5 77 89 72 51 67 64 87 34 28 15 38 24 76 32 40 48 78 33 59 3 78 92 90 23 54 10 83 97 11 27 29 87 94 46 25 28 75 72 62 55 51 17 54 34 
9 73 23 91 90 64 22 88 93 49 86 24 51 60 41 53 83 46 11 62 78 48 43 56 14 23 45 53 56 8 44 81 11 0 85 73 83 53 92 88 98 65 16 84 24 18 97 5 93 83 59 16 39 14 68 71 44 58 2 15 2 79 0 49 18 8 7 49 82 89 3 68 54 13 94 17 56 29 15 54 23 9 16 44 13 2 87 69 29 9 97 80 64 59 58 26 29 46 60 59 
30 63 31 26 29 16 62 54 49 40 36 5 62 89 51 26 54 41 65 46 4 0 84 2 5 20 31 60 86 90 12 23 25 12 62 92 91 64 60 6 93 12 79 88 66 6 98 22 0 38 44 34 74 73 85 52 6 37 78 3 95 71 95 41 49 12 30 60 80 94 18 67 29 40 40 5 94 41 16 12 81 70 79 25 43 71 43 46 3 31 36 3 37 77 98 69 39 10 11 92 
3 8 66 48 21 97 31 87 79 25 94 88 39 92 70 15 91 52 3 88 20 25 52 9 59 89 40 39 51 30 59 83 5 62 23 41 49 31 5 30 22 51 82 59 74 29 94 96 30 0 32 94 96 20 18 99 47 11 37 99 61 70 8 89 2 3 42 86 16 93 26 97 89 2 58 47 8 85 74 61 75 28 94 28 61 23 6 18 56 70 30 86 97 35 69 2 78 68 65 7 
43 44 4 50 21 51 30 93 12 31 75 32 48 0 49 6 97 83 65 15 9 51 22 42 10 36 99 13 21 21 35 76 38 19 61 84 61 94 29 86 77 51 43 99 3 39 18 56 69 52 22 96 67 29 46 1 65 27 65 44 22 13 17 81 29 59 96 59 23 18 19 64 16 2 68 84 33 62 16 94 1 61 81 39 62 5 60 5 54 64 11 51 75 52 9 27 64 47 54 99 
53 36 56 81 93 80 86 77 33 5 52 12 32 78 95 50 93 35 54 52 85 52 29 52 10 8 34 64 43 72 57 28 72 83 61 3 60 56 7 28 5 30 32 55 56 81 23 39 66 66 76 16 50 63 88 68 60 70 44 29 85 33 39 71 68 84 12 84 88 7 25 91 79 60 54 49 87 19 73 77 51 3 36 91 32 12 99 83 96 53 56 39 99 99 12 50 65 90 20 91 
35 21 7 49 64 1 82 68 26 19 93 36 93 41 76 52 32 87 91 49 24 30 41 92 77 50 67 50 58 42 18 71 11 53 34 54 32 90 70 70 25 10 84 87 40 33 27 54 3 22 62 83 22 96 3 38 67 69 4 96 80 4 40 58 81 39 65 54 31 50 68 61 24 67 82 32 40 22 86 39 86 15 30 63 68 73 43 40 0 85 3 2 63 31 77 31 29 20 4 97 
5 30 24 95 82 68 41 74 44 9 76 26 8 46 87 7 44 69 52 45 30 97 57 90 47 4 50 86 22 76 63 63 73 69 76 46 12 69 59 13 10 85 13 87 84 68 67 25 2 53 50 47 63 46 1 42 4 90 42 35 54 62 39 32 88 0 26 97 15 96 75 17 96 31 13 42 77 36 24 99 32 85 54 25 24 11 15 40 78 50 29 6 67 75 67 48 42 6 5 52 
72 18 45 83 31 55 49 91 8 19 81 72 60 80 74 39 25 85 92 35 16 3 83 7 22 82 32 55 27 0 38 95 26 77 66 77 79 84 56 19 85 57 11 19 80 11 17 97 66 28 34 70 3 58 37 30 3 96 92 97 75 86 76 26 68 89 13 60 43 7 67 60 0 29 97 18 90 41 48 23 30 43 60 27 55 79 54 52 13 1 21 15 49 87 67 93 41 46 75 97 
61 67 72 27 96 24 67 8 91 27 29 57 22 43 59 85 32 89 55 59 74 88 35 15 23 19 87 28 78 11 82 14 39 33 25 53 75 37 26 65 54 45 83 23 2 43 73 88 26 68 58 93 28 21 97 7 31 92 41 11 63 88 48 72 22 96 10 84 87 37 60 93 89 98 62 57 46 36 81 44 64 89 77 72 36 42 79 25 54 68 60 70 68 90 93 32 26 41 65 81 
5 0 64 64 70 46 79 47 18 21 48 97 47 44 84 33 46 96 33 43 99 35 37 54 49 37 83 49 98 39 0 57 21 45 11 82 46 6 41 30 70 71 8 87 44 88 81 65 62 38 55 63 20 74 94 17 49 88 64 14 96 24 79 39 11 60 87 15 33 18 17 56 5 33 84 86 24 94 66 35 4 30 86 55 31 20 13 40 33 44 59 53 6 13 28 34 6 46 55 68 
19 81 69 59 12 96 1 3 98 98 30 22 11 72 46 86 57 66 42 12 86 80 69 17 57 88 5 68 59 7 23 71 59 84 91 21 3 20 1 40 77 23 26 64 12 41 29 56 54 32 15 75 41 45 73 62 45 85 94 48 6 90 44 93 15 7 3 76 74 8 67 66 76 49 69 40 55 52 81 65 18 89 2 19 25 26 95 8 2 95 37 30 71 48 49 31 13 85 51 2 
40 69 63 54 44 17 35 14 72 67 53 9 45 38 67 47 45 56 4 71 31 3 44 18 66 77 14 15 54 46 81 65 39 86 98 34 37 87 61 66 18 11 78 20 70 2 64 14 64 71 78 39 38 85 82 0 18 76 28 11 74 75 60 8 93 84 23 44 79 14 77 56 67 95 30 26 30 26 47 58 31 46 48 92 65 4 80 12 45 21 86 45 44 48 25 59 43 62 70 47 
29 75 82 96 9 92 0 23 65 50 27 62 82 70 43 14 57 16 96 6 17 29 68 47 42 96 67 93 85 57 48 42 85 69 25 46 93 93 17 71 87 65 13 62 5 34 17 17 30 2 16 82 23 24 95 76 10 44 42 72 35 49 75 95 81 57 28 46 51 24 63 62 8 91 8 74 75 3 93 85 67 98 56 24 7 1 66 24 97 71 35 3 60 25 86 33 18 55 66 57 
35 17 89 57 43 37 44 30 22 52 75 27 58 99 55 97 28 65 25 15 55 82 20 74 17 78 22 84 4 66 79 81 84 49 31 78 13 39 77 46 92 62 48 89 93 22 85 15 72 63 96 73 4 5 75 26 78 43 5 44 14 22 68 43 91 36 34 15 75 16 64 50 54 53 3 81 33 11 42 7 5 12 80 54 35 59 0 13 39 29 2 73 62 44 96 48 33 65 21 22 
18 85 84 22 96 56 80 45 10 65 23 54 16 7 88 14 77 88 90 72 48 83 58 95 94 44 19 46 75 69 92 57 9 17 18 91 89 71 96 91 24 72 47 82 81 13 13 37 59 25 69 55 5 98 60 34 99 57 58 43 4 83 96 2 43 9 32 99 99 43 78 58 10 81 30 37 59 74 54 79 14 94 89 31 29 1 76 14 29 8 24 22 23 20 56 79 23 45 64 7 
68 24 66 17 77 64 17 42 0 69 59 56 81 10 99 50 29 33 18 92 12 49 93 14 55 31 40 39 54 4 6 56 65 70 13 10 33 16 78 72 38 55 52 53 31 46 38 46 97 70 43 86 7 19 34 73 13 9 28 30 44 50 80 36 10 79 77 72 94 90 84 85 58 95 38 20 7 97 46 97 81 99 54 17 80 50 46 62 93 22 81 36 5 13 72 21 75 94 5 7 
40 61 28 20 4 58 28 70 90 16 52 5 44 45 95 74 65 31 21 93 79 41 3 5 16 70 94 66 87 57 10 83 59 98 0 65 68 55 18 20 28 83 83 81 44 7 91 71 99 6 47 30 75 15 72 49 63 64 84 6 91 24 26 0 70 56 51 92 29 39 9 48 41 29 27 20 15 62 13 62 89 14 5 85 4 67 50 16 32 88 12 31 56 89 92 26 2 88 30 17 
89 34 52 68 17 83 32 0 18 57 73 25 81 80 6 18 75 90 8 50 48 33 41 8 64 21 65 93 83 30 8 12 98 7 39 55 47 24 43 80 33 13 0 46 85 23 23 5 52 23 62 95 3 9 96 89 19 94 71 65 77 45 89 93 65 63 11 20 28 61 0 4 24 94 93 4 55 84 86 6 51 75 5 59 61 16 64 38 51 60 24 39 19 54 37 93 81 85 47 5 
24 89 33 28 42 3 4 11 41 63 62 62 8 65 44 87 89 16 57 7 2 75 76 9 83 68 45 94 60 57 11 53 35 33 40 92 60 17 57 47 67 83 0 27 42 82 96 17 88 90 51 92 69 2 93 73 39 56 64 93 32 13 75 36 69 0 76 20 2 19 93 88 59 88 90 74 67 94 87 91 66 12 19 73 40 81 53 21 68 41 78 39 51 19 24 94 30 95 93 48 
12 38 59 78 80 20 43 92 41 40 27 43 31 14 24 15 83 89 44 15 82 76 64 90 87 51 85 63 29 78 36 65 54 1 52 25 61 36 31 83 81 65 31 83 63 52 26 60 90 14 32 77 33 33 25 28 64 94 67 83 15 32 48 5 80 53 75 69 39 91 91 1 86 92 64 78 42 1 14 1 4 47 63 1 40 7 93 11 64 72 89 54 36 98 62 21 93 5 80 86 
18 26 86 13 46 14 33 95 55 1 39 19 23 25 61 6 60 22 65 81 81 16 79 81 48 39 76 46 82 78 95 80 5 44 40 34 35 34 22 40 23 9 10 32 97 87 24 83 22 92 28 65 1 99 45 94 6 48 48 62 59 68 61 56 82 99 41 66 15 61 32 76 70 13 33 54 94 82 66 18 19 14 98 35 94 68 8 62 36 0 34 3 52 10 97 16 27 7 38 56 
64 11 2 35 92 84 10 3 72 33 78 98 86 87 23 79 85 8 99 50 68 68 44 48 12 13 63 98 25 73 70 0 82 43 52 85 52 91 68 53 42 37 29 75 58 57 8 5 81 14 94 20 67 44 92 60 9 28 4 68 32 61 78 46 27 86 14 86 52 53 0 91 31 30 66 33 6 68 88 97 16 55 46 38 36 15 81 85 29 80 3 28 4 22 25 22 33 79 65 70 
62 19 89 52 88 23 13 88 75 17 28 27 72 7 54 31 81 54 76 50 85 64 92 76 1 1 71 4 66 35 60 97 55 92 15 58 17 37 6 56 9 60 83 79 18 49 62 26 45 96 72 99 37 21 48 78 18 97 40 20 0 73 64 95 75 33 55 8 6 27 30 86 56 12 73 53 10 41 58 85 3 62 89 56 33 31 22 65 92 39 81 10 4 54 87 57 69 62 8 18 
62 62 40 88 36 73 78 1 24 80 75 99 72 99 79 97 8 45 14 65 59 39 73 67 97 78 19 73 87 54 74 88 15 81 76 11 0 41 75 19 24 2 25 92 36 80 87 10 19 91 32 5 23 72 21 61 17 88 28 68 79 42 77 66 79 33 87 64 9 97 67 24 89 55 30 56 82 32 52 3 38 39 1 83 28 66 91 17 90 64 56 67 38 49 74 48 55 38 32 25 
91 88 18 10 24 89 24 79 4 8 11 96 29 94 52 58 53 79 49 72 93 31 97 88 56 56 76 15 31 59 51 4 74 44 89 91 49 99 54 17 92 84 23 93 36 75 30 87 47 52 83 12 94 85 15 89 93 70 63 25 14 64 61 7 94 21 35 93 40 51 9 54 47 27 80 47 63 4 22 60 62 56 79 7 9 97 92 89 16 84 40 91 66 66 89 76 86 0 4 94 
57 85 23 46 33 62 2 92 61 9 64 70 86 16 51 7 9 44 18 71 27 53 38 38 65 13 7 18 60 89 41 21 15 19 46 9 54 36 2 46 71 31 0 37 79 83 6 46 52 46 29 89 96 86 86 8 12 64 36 69 90 79 85 13 16 38 34 64 18 22 55 7 21 46 55 49 1 63 49 75 84 94 39 26 32 51 6 59 95 84 3 1 89 59 36 28 46 9 58 89 
32 83 65 93 23 41 96 95 83 20 11 22 66 56 6 62 47 39 16 29 18 13 16 49 72 4 91 5 77 33 30 1 77 4 97 30 76 9 3 25 94 80 48 71 50 5 33 49 20 67 27 8 76 30 59 83 29 15 36 0 7 89 78 49 69 65 42 36 2 49 69 25 70 84 85 82 71 57 5 63 5 38 48 99 46 55 65 70 46 84 62 49 47 27 71 11 60 65 24 70 
71 2 93 77 87 38 68 67 23 31 76 20 52 17 46 22 97 49 73 79 16 90 42 72 64 39 59 1 5 64 55 76 8 83 59 99 20 2 76 22 12 92 89 64 54 92 17 12 79 16 72 4 35 9 54 37 43 58 69 62 98 44 16 81 61 81 92 6 83 60 46 87 35 75 57 3 71 6 54 87 96 63 24 46 99 34 1 96 92 92 38 70 65 78 10 95 62 92 95 10 
94 86 12 90 76 57 10 18 98 95 7 14 42 7 8 1 80 89 11 14 3 88 84 0 71 65 38 9 26 51 48 58 38 15 1 3 2 90 83 79 37 84 95 9 95 72 9 98 45 49 13 73 87 99 34 30 20 23 63 95 26 70 15 96 71 1 37 19 39 97 96 63 22 25 55 36 52 53 61 31 71 83 90 38 78 88 61 31 80 32 5 10 22 35 65 67 20 25 5 72 
25 78 10 43 26 57 61 76 33 58 7 62 2 50 95 22 94 24 16 43 58 29 84 24 90 35 81 15 15 58 16 88 57 7 32 57 93 77 44 55 6 64 35 81 86 99 66 87 72 51 27 70 68 38 13 58 94 5 24 80 86 60 10 65 83 29 78 75 35 40 96 54 31 91 46 82 7 38 77 11 40 84 2 16 88 10 31 48 86 15 1 6 70 85 24 61 71 99 81 36 
31 59 42 34 83 66 18 19 16 62 96 20 6 15 26 18 3 54 42 79 1 81 60 66 71 43 21 6 9 10 12 39 71 70 29 69 28 90 42 18 39 96 13 92 37 9 30 42 32 33 43 17 64 24 65 62 33 98 25 86 72 33 91 54 73 0 1 16 48 2 83 66 2 15 86 50 82 74 87 25 65 4 25 80 51 72 57 35 31 43 25 0 85 10 82 80 62 33 99 20 
11 87 23 51 34 24 66 34 45 85 51 64 28 78 8 98 26 60 19 54 15 58 32 96 32 89 62 17 2 11 90 68 11 32 17 25 34 14 30 99 86 99 52 25 18 28 41 53 4 97 15 89 3 82 90 70 45 64 82 97 20 31 2 31 23 2 2 72 40 6 53 19 45 44 2 73 67 78 99 8 23 34 86 74 48 43 3 2 11 28 75 48 86 52 60 31 6 33 57 80 
90 71 67 81 21 50 51 37 79 15 86 6 37 96 51 75 73 63 4 88 4 91 84 34 70 83 47 71 13 68 42 29 26 42 72 53 64 64 33 80 90 79 71 77 23 46 74 94 40 51 20 4 14 29 29 83 45 99 11 3 12 28 25 35 94 75 89 56 8 68 60 61 43 3 45 96 9 57 32 94 79 10 72 10 58 30 42 55 23 26 61 27 23 4 23 46 74 49 41 88 
78 83 50 74 84 47 96 23 43 9 44 6 91 62 11 14 0 20 4 11 15 48 63 95 57 97 59 43 52 69 5 98 82 8 5 14 59 87 76 66 60 21 42 92 44 91 81 8 60 34 34 41 39 43 52 3 8 78 73 4 50 94 91 54 83 48 4 69 88 29 98 81 17 53 71 83 78 70 54 65 9 78 32 70 81 8 17 35 58 64 14 6 58 45 37 37 31 46 68 63 
25 36 65 40 86 7 49 3 69 95 99 7 72 5 79 87 62 37 48 87 40 74 41 62 38 61 7 41 92 23 64 20 61 58 82 31 63 24 79 48 64 21 43 72 98 34 30 82 10 42 92 71 42 6 94 78 86 43 27 80 23 6 72 92 55 40 7 59 28 23 2 74 77 93 46 78 81 30 53 41 53 95 25 15 39 93 22 32 4 83 19 48 64 60 48 3 40 49 3 74 
17 22 44 41 62 46 93 63 73 64 29 19 90 91 20 64 25 81 88 63 63 92 67 23 10 61 97 37 80 73 51 13 13 21 36 5 72 73 63 9 80 13 13 31 55 18 44 8 78 54 96 42 66 42 13 95 79 24 62 78 15 98 33 93 93 25 58 55 98 57 96 86 60 96 9 67 54 17 89 25 35 67 99 43 26 30 63 74 33 38 35 47 16 26 24 80 49 78 67 77 
6 39 32 9 22 74 98 6 96 92 80 37 80 89 92 69 23 40 52 83 29 30 89 22 61 21 28 88 61 31 98 60 22 83 0 42 98 11 71 0 88 98 32 18 53 92 15 24 5 51 41 94 7 41 67 88 60 36 10 16 96 45 63 89 51 12 60 65 4 82 64 29 84 20 93 22 81 87 88 76 91 28 21 63 95 78 66 26 98 82 28 75 40 19 55 82 61 70 98 74 
12 35 93 5 62 93 36 87 9 62 76 25 70 63 8 94 72 62 52 15 59 28 5 95 63 62 9 57 28 63 32 49 9 92 19 44 48 86 28 0 38 78 50 39 71 71 51 39 4 17 11 66 66 98 22 87 94 21 37 61 28 48 37 50 8 46 77 54 28 14 33 29 18 71 35 82 52 24 88 66 45 10 34 25 45 75 57 43 77 53 36 77 8 80 53 85 69 72 20 15 
30 26 76 26 21 16 58 19 45 88 25 27 0 45 94 67 90 32 81 7 44 18 5 87 85 97 45 82 44 76 70 36 52 22 75 23 41 30 63 80 20 44 58 54 96 8 74 35 66 32 95 35 46 55 28 34 11 99 8 13 1 42 37 23 61 93 13 36 88 69 38 94 47 42 78 64 79 80 2 39 41 32 62 67 88 72 66 66 78 11 67 35 27 31 5 53 56 92 31 29 
59 63 16 90 36 14 5 19 79 96 83 50 87 8 2 27 30 23 21 59 10 45 36 54 68 75 32 99 46 90 35 50 42 19 72 94 29 88 23 0 18 54 35 40 43 31 35 51 80 97 12 57 2 4 97 23 82 45 60 63 7 20 20 27 37 15 30 32 7 43 73 36 66 98 89 49 86 57 74 27 38 29 64 0 55 85 58 47 54 54 9 87 83 1 82 72 72 4 23 94 
21 55 94 6 79 81 82 81 0 8 26 60 20 25 19 32 37 39 17 45 16 25 37 38 89 82 42 46 54 45 62 6 25 21 18 33 71 91 68 37 65 21 59 96 97 97 92 57 20 75 40 16 23 51 90 51 78 62 83 91 17 39 3 23 41 97 74 63 41 95 10 19 37 63 38 41 58 34 79 47 12 60 87 46 16 35 84 28 7 38 49 33 7 61 82 33 30 26 16 87 
36 29 48 28 4 87 86 41 47 64 53 11 24 19 40 34 92 86 17 4 30 26 81 42 96 60 76 91 88 45 63 76 29 11 71 97 93 76 59 62 96 22 1 79 6 32 17 60 29 20 31 43 43 1 10 80 42 91 45 83 83 81 24 56 44 23 42 24 33 64 38 18 84 53 83 93 40 38 25 87 59 28 45 77 12 96 0 82 52 51 55 28 14 83 9 30 56 29 69 75 
24 79 98 39 17 4 44 83 15 33 5 65 72 75 60 70 3 98 76 35 89 44 88 42 23 94 17 86 99 94 9 44 34 74 11 4 49 68 99 19 87 71 52 85 74 32 50 50 85 88 53 77 70 81 35 9 84 79 45 60 19 97 25 61 3 89 10 5 89 8 16 99 83 93 94 60 91 44 38 45 3 38 47 27 63 47 32 46 10 26 52 36 53 52 93 52 38 23 86 21 
1 65 68 89 69 38 87 16 69 66 21 51 62 7 30 85 24 33 96 99 81 82 22 83 93 48 70 47 52 1 31 10 65 51 10 52 75 60 48 26 41 23 77 93 45 15 75 67 60 8 18 81 84 52 3 83 79 51 23 69 93 2 93 79 16 85 6 84 74 75 88 50 58 50 97 61 66 71 45 73 1 43 35 5 73 27 4 1 7 33 28 10 45 31 53 52 43 27 1 81 
70 92 11 61 62 56 45 48 15 7 97 51 61 87 97 49 6 28 28 85 60 69 41 26 64 84 14 70 54 47 82 35 6 7 22 13 75 89 34 11 78 82 54 97 73 27 98 90 76 62 75 0 39 48 31 41 5 44 13 51 9 18 81 42 28 39 80 11 78 72 55 36 16 9 96 91 61 61 10 37 15 30 70 56 0 62 9 75 98 23 12 0 24 91 10 26 86 1 77 76 
35 2 8 45 88 59 35 94 96 22 15 33 22 56 0 15 19 78 68 84 37 54 1 69 99 88 58 11 97 28 98 74 98 50 74 93 64 29 8 16 8 56 75 49 3 19 17 88 88 36 7 84 59 29 68 95 85 73 60 53 17 81 90 27 70 93 8 95 42 39 14 50 75 11 97 59 96 91 30 30 22 54 6 63 32 27 23 92 59 83 60 76 38 7 61 34 77 51 14 5 
63 64 49 5 98 14 66 2 46 2 46 55 23 85 25 70 95 89 12 62 81 30 15 1 55 15 48 75 29 15 72 74 67 4 2 71 97 30 77 82 97 1 97 82 45 59 65 55 93 11 3 19 95 1 60 46 97 37 82 17 91 85 43 82 98 89 56 54 12 63 70 67 1 3 79 87 93 80 9 0 7 12 58 61 36 53 76 32 69 28 87 74 11 70 94 77 72 28 91 9 
2 28 66 61 9 38 49 22 30 60 81 51 15 36 75 99 22 21 85 44 72 65 87 41 28 50 74 75 72 64 80 7 80 45 59 64 11 98 26 59 2 14 54 58 37 52 6 64 27 46 25 65 81 87 63 30 32 12 78 52 51 27 58 34 79 7 60 8 65 32 55 18 75 70 75 63 99 84 65 66 8 7 75 10 39 87 90 1 97 21 74 56 69 69 21 61 49 86 86 93 
0 12 11 99 2 93 36 44 55 83 66 64 13 97 64 29 61 16 77 67 56 12 46 95 50 35 61 36 30 53 71 51 48 69 30 54 23 23 46 80 71 54 12 34 6 8 59 69 96 15 87 14 89 30 23 82 58 29 99 27 48 29 58 10 76 87 40 15 30 75 51 11 41 28 72 36 70 79 76 74 96 51 84 87 99 91 8 87 92 42 46 50 81 33 31 67 58 48 38 66 
34 70 14 12 2 94 4 6 46 86 76 91 53 13 88 42 44 86 53 87 58 22 15 1 58 66 27 16 32 17 7 4 5 35 8 25 57 27 35 36 58 15 62 98 59 81 52 84 62 15 87 23 58 47 73 96 67 32 53 19 11 53 63 7 57 7 51 53 48 1 14 30 50 55 86 70 9 26 23 67 18 51 81 65 37 10 20 96 44 42 65 98 75 74 51 73 63 30 70 36 
85 37 55 41 86 9 72 83 69 9 5 29 92 74 87 51 38 2 16 79 13 17 64 15 75 52 6 44 83 19 74 11 17 89 97 39 50 47 97 78 41 49 35 20 20 72 2 84 47 69 50 6 49 48 61 93 97 84 96 50 93 66 45 80 92 65 44 41 13 17 8 29 30 23 44 10 22 3 1 31 46 11 69 54 54 72 12 19 99 94 14 98 24 36 18 44 98 60 93 16 
64 40 2 73 11 30 88 14 73 74 0 98 24 25 21 45 74 96 86 51 6 57 51 11 61 69 30 71 90 31 67 78 15 44 85 82 30 95 56 0 66 91 0 48 73 27 43 21 13 33 93 8 50 78 55 99 8 76 71 62 30 25 22 93 94 32 75 93 33 98 94 15 17 38 40 81 21 24 70 72 97 42 28 10 95 84 7 17 57 46 36 47 44 11 39 76 84 13 72 76 
5 46 13 89 26 72 8 61 64 49 30 4 65 84 88 9 45 24 77 37 16 70 1 24 69 17 93 22 23 70 78 65 34 32 14 69 45 57 36 20 37 25 48 4 48 99 23 89 3 6 4 11 48 53 87 23 37 94 88 77 97 28 83 26 12 79 99 83 81 0 33 18 45 33 7 39 27 94 24 34 82 29 81 11 39 3 61 6 87 51 25 68 51 18 51 93 62 28 27 7 
27 78 54 19 60 40 55 31 74 90 96 24 90 49 34 53 55 67 31 67 97 87 30 39 81 45 88 97 86 82 87 38 31 46 64 83 94 11 0 47 41 46 49 43 79 11 82 73 89 38 85 0 77 91 26 14 99 57 52 69 46 98 61 46 57 29 41 35 59 30 11 3 71 27 81 36 64 55 5 88 49 11 92 64 40 78 62 69 76 37 38 71 15 27 95 92 25 95 75 1 
70 72 19 31 94 8 60 81 3 72 12 60 62 59 96 15 74 85 84 60 65 49 91 66 97 6 29 80 74 87 98 39 16 38 17 47 88 2 68 60 18 15 74 6 46 25 51 13 99 75 31 59 42 59 98 14 3 67 29 35 30 86 88 3 86 83 92 79 90 32 35 11 70 59 56 55 3 30 27 78 38 65 71 22 35 8 59 7 11 97 25 59 3 15 3 51 37 24 24 76 
88 59 97 48 91 5 16 53 86 33 35 98 52 67 69 17 24 15 18 73 71 9 41 6 26 2 79 69 0 96 93 28 53 19 4 41 81 9 44 94 71 35 31 29 74 80 12 33 77 34 0 0 68 2 95 46 82 89 58 11 6 32 68 16 15 23 18 36 75 18 56 88 53 44 52 55 34 61 21 36 45 29 68 49 90 37 1 29 45 18 34 27 22 15 16 65 20 20 47 36 
50 37 94 29 14 75 45 29 36 93 42 43 5 37 71 70 97 66 35 22 37 73 42 39 89 91 65 49 69 37 73 44 46 93 32 56 52 49 67 33 22 13 85 87 49 38 63 20 48 91 31 8 71 83 63 26 15 57 72 94 14 3 26 2 79 75 37 61 56 29 20 52 66 52 54 19 25 83 14 88 77 83 55 85 43 80 56 8 76 75 52 70 63 94 81 77 97 58 6 15 
34 52 86 67 49 63 43 98 96 33 72 56 82 60 98 0 69 3 89 29 88 93 53 35 39 21 23 37 52 43 26 8 46 97 93 92 19 58 82 42 84 19 23 78 36 35 85 49 21 0 79 5 66 82 80 24 92 4 15 18 99 53 49 43 71 81 75 41 96 36 58 10 27 50 9 36 79 11 27 44 22 29 84 80 99 7 36 25 52 4 65 52 99 5 23 40 43 96 82 24 
36 90 20 45 18 73 74 48 86 17 36 45 13 15 10 2 11 88 49 73 72 93 93 72 80 71 21 68 48 9 42 55 62 35 79 45 37 45 76 60 74 36 84 96 26 65 73 80 94 68 79 18 55 42 32 8 74 46 46 9 59 24 25 41 71 11 71 81 80 62 89 54 60 9 4 22 77 21 0 88 48 51 79 95 63 36 57 57 49 19 95 64 35 59 81 26 28 84 33 13 
98 59 24 9 94 36 91 29 34 99 95 3 68 62 28 52 6 66 88 15 8 33 94 81 22 99 5 17 66 40 91 13 0 48 78 37 32 40 1 74 52 60 10 34 59 85 71 21 49 61 26 43 60 57 29 93 18 7 38 56 24 91 4 6 74 79 54 50 4 33 51 98 9 68 74 51 29 59 43 15 8 29 46 35 17 82 84 10 77 85 27 14 9 6 53 94 64 77 36 88 
69 88 88 19 31 62 58 28 50 49 76 96 91 45 4 17 59 93 65 30 1 9 4 95 64 45 88 30 38 77 48 95 94 33 53 43 67 23 82 67 38 42 98 41 86 98 69 11 70 62 14 63 50 64 9 72 38 91 80 86 76 17 67 79 80 19 12 52 85 70 75 74 73 19 30 47 36 79 48 79 69 52 95 3 70 6 27 79 15 85 65 79 49 9 8 12 67 55 63 52 
72 68 44 16 6 16 87 20 75 56 1 8 82 19 34 92 56 2 21 17 47 26 8 75 50 42 68 35 62 77 65 90 5 16 41 28 26 92 49 21 17 39 29 86 99 76 89 56 27 56 0 54 89 3 0 92 19 80 17 50 79 72 39 65 77 23 98 44 25 32 21 55 99 42 75 33 85 91 43 34 20 50 14 59 71 59 29 60 88 22 77 62 28 56 64 27 34 9 56 95 
31 11 70 13 76 85 99 36 39 91 9 82 27 33 65 26 19 35 8 61 4 45 76 40 98 2 48 39 76 93 70 81 7 25 24 66 94 69 1 81 31 93 26 72 55 4 93 89 34 91 80 58 41 0 88 50 41 6 32 81 93 44 37 30 23 68 76 36 47 62 98 20 99 5 62 24 38 29 52 10 52 42 17 94 17 44 67 62 81 19 46 13 55 97 32 6 13 50 9 58 
84 75 45 99 20 58 14 74 22 16 8 51 44 64 51 99 9 40 45 75 78 54 84 47 24 33 11 37 86 75 3 84 41 60 47 3 70 76 4 74 80 82 4 39 52 27 43 16 81 97 60 84 63 10 2 75 78 71 74 84 18 72 34 50 74 43 50 80 33 37 54 60 32 51 29 69 22 16 49 37 13 59 70 91 69 12 83 74 18 72 30 5 57 93 3 3 90 90 17 74 
61 46 12 12 90 86 50 99 35 14 83 2 72 45 70 55 0 12 3 66 27 35 2 93 50 13 9 14 19 41 49 34 73 29 17 31 82 92 43 20 75 91 27 35 83 83 73 40 60 13 38 24 47 37 58 73 86 64 77 24 7 45 96 2 62 74 41 63 55 12 33 56 97 43 84 8 18 43 66 38 61 79 53 73 68 94 75 31 53 40 94 2 23 21 53 24 88 21 48 6 
78 3 19 63 59 55 58 77 73 62 81 45 14 31 79 47 3 93 76 61 43 18 76 24 55 66 56 6 15 69 67 70 43 21 13 61 87 71 78 79 60 95 62 17 68 49 72 4 16 99 97 45 20 73 31 18 10 84 58 26 79 74 17 85 54 1 7 6 14 90 99 64 83 60 34 46 76 0 17 74 27 15 51 73 47 99 68 65 82 82 17 90 79 21 14 93 75 51 2 82 
4 37 10 69 25 57 28 56 59 77 97 79 71 54 61 96 62 48 50 19 49 13 76 36 61 10 3 56 85 52 45 10 29 27 89 79 63 55 25 67 8 32 16 18 42 67 95 65 67 65 5 58 48 68 52 71 63 40 90 45 54 60 28 4 61 65 78 56 89 2 79 4 54 68 47 6 82 79 70 66 39 50 90 72 31 12 39 99 2 28 42 51 0 38 20 81 43 46 49 86 
83 13 96 49 24 53 53 77 56 26 77 78 54 94 88 35 38 85 80 88 57 17 52 48 32 23 68 58 88 27 64 64 76 17 52 92 55 8 94 42 80 79 84 49 27 14 79 65 60 98 60 74 50 76 14 91 9 59 32 81 12 47 17 69 58 13 5 83 51 13 90 65 25 55 7 95 76 81 4 72 79 39 42 25 3 28 43 16 13 97 17 64 35 80 63 31 99 10 61 4 
