25 80 58 4 20 1 44 23 58 56 52 59 21 28 20 36 53 37 65 67 32 13 75 10 19 89 36 78 33 25 99 69 69 71 98 17 73 49 18 41 22 53 63 75 99 49 56 86 68 19 23 92 73 22 64 3 67 1 62 3 35 11 87 51 79 8 49 81 12 88 49 11 40 26 35 40 64 54 2 97 97 66 49 0 20 21 18 19 38 49 46 25 29 98 49 38 49 27 95 71 
73 29 87 99 38 54 56 16 44 48 14 10 18 90 22 38 21 62 43 89 56 76 18 62 71 10 77 86 11 88 49 75 48 61 98 71 46 74 74 53 57 3 52 23 84 68 18 70 8 2 62 47 88 47 45 24 0 42 72 43 71 41 50 65 13 11 26 57 29 46 98 45 5 6 25 6 15 92 9 8 68 73 4 88 0 85 80 30 17 98 80 29 99 61 34 29 31 80 21 87 
23 21 68 74 46 46 20 25 3 17 60 16 43 78 47 41 30 35 9 48 35 23 95 92 4 78 61 35 88 44 53 23 67 75 14 31 54 55 33 14 40 52 66 2 91 98 46 36 51 36 47 65 24 69 53 16 66 84 60 35 82 86 30 59 3 42 98 28 89 72 41 72 57 0 48 94 57 53 65 98 7 49 67 83 4 27 69 81 33 57 46 65 74 95 6 90 77 75 7 89 
69 41 62 26 87 18 20 0 77 33 17 87 45 94 40 17 53 98 99 36 89 34 4 5 36 34 15 71 34 57 26 90 29 83 31 42 34 22 65 45 35 77 57 64 47 42 94 99 97 90 51 23 21 10 4 24 99 76 36 32 30 26 34 19 56 94 89 47 70 51 84 67 2 23 50 15 67 97 57 45 53 13 6 87 90 34 20 0 13 32 58 92 48 42 35 16 91 73 58 69 
39 1 83 23 72 56 10 33 26 49 82 52 53 26 59 9 88 53 84 30 44 23 80 43 82 26 65 69 30 29 5 68 84 30 53 50 55 95 59 7 84 12 52 30 85 23 46 27 79 97 54 27 49 72 50 5 58 54 21 83 53 77 7 68 90 79 54 34 52 40 65 24 5 22 44 76 25 73 20 19 99 54 52 85 68 16 56 66 73 57 58 8 59 42 18 29 9 87 39 13 
78 29 42 35 84 44 60 67 32 87 40 56 15 9 94 82 96 63 3 11 95 96 64 81 37 20 9 40 61 75 51 2 7 4 80 62 27 97 2 61 20 14 46 14 37 98 90 9 83 24 34 26 28 18 52 51 96 14 89 55 6 98 2 36 61 85 14 88 36 90 98 67 55 81 59 60 39 16 14 73 27 92 78 60 76 28 29 84 58 4 84 95 72 94 92 65 85 65 93 29 
20 59 2 10 57 17 69 36 2 84 65 0 17 94 1 98 50 21 67 30 71 75 93 17 22 95 22 20 11 44 8 68 23 27 0 61 68 97 23 9 41 9 40 29 93 35 85 54 63 86 31 19 37 87 96 3 25 22 83 13 87 93 63 87 60 11 4 75 79 34 2 83 78 60 94 80 15 58 58 42 63 67 12 97 6 39 86 74 85 23 28 8 53 96 38 33 81 82 20 58 
69 48 72 90 99 96 79 25 30 16 86 8 38 31 66 59 20 72 98 11 42 65 8 85 28 43 94 51 8 5 50 29 71 66 40 98 97 31 75 16 72 33 23 66 8 2 74 17 1 70 12 33 7 45 99 68 25 91 2 87 30 99 25 24 37 25 26 71 68 2 55 21 59 76 93 58 32 66 15 95 29 52 89 51 62 10 5 69 72 15 79 50 7 77 34 59 39 64 63 42 
44 75 90 92 32 85 34 30 39 60 25 4 38 14 31 83 53 73 95 12 53 57 84 16 2 39 32 1 36 36 58 5 93 70 45 30 14 74 64 89 93 83 40 3 79 93 21 72 69 30 96 6 4 65 89 30 85 12 99 1 6 96 68 25 18 62 74 13 55 28 10 43 30 21 89 97 87 69 84 98 66 4 97 73 44 68 46 62 54 45 11 20 79 9 55 63 28 56 36 74 
85 14 45 32 86 86 59 7 23 89 26 73 3 75 16 18 87 30 16 53 18 13 5 75 8 46 65 77 35 43 76 94 90 98 20 96 36 15 3 73 99 82 30 37 78 17 31 30 23 90 38 44 85 45 12 26 97 52 22 29 19 72 72 67 40 56 63 7 58 0 99 47 43 11 89 34 85 87 86 11 37 29 64 70 67 64 61 85 69 83 88 41 96 83 27 39 27 73 82 1 
98 92 57 1 6 49 10 4 97 40 11 15 29 66 91 34 79 15 38 81 2 94 45 7 21 7 9 68 97 41 62 46 41 63 77 84 93 80 77 87 86 17 8 9 86 98 25 6 75 70 93 88 94 90 81 14 52 33 10 32 81 55 66 14 38 83 89 30 61 87 18 92 24 21 32 8 85 24 21 21 9 52 6 64 26 10 30 50 79 72 55 54 94 91 70 70 15 2 87 57 
20 66 6 17 90 6 4 14 51 57 40 11 38 13 47 83 70 3 6 2 99 92 28 42 77 27 59 12 30 68 91 95 98 22 28 71 2 88 71 74 34 45 92 75 90 62 18 71 82 93 32 92 48 23 3 84 18 49 64 42 12 86 47 58 13 95 12 55 6 73 77 52 30 11 96 11 96 31 47 94 69 7 45 71 57 79 58 20 28 53 29 54 29 47 65 77 67 4 99 35 
59 22 59 28 97 88 53 19 58 44 92 78 64 17 23 23 3 36 60 1 5 72 39 82 81 73 85 96 18 38 76 13 84 89 47 62 5 79 70 25 46 43 3 58 16 0 93 97 59 59 38 34 63 81 29 16 8 69 69 42 72 29 7 55 75 18 72 98 84 65 3 90 33 71 95 18 91 44 56 43 71 72 82 68 7 33 39 22 85 1 15 93 25 16 1 27 30 9 19 64 
76 97 16 78 63 86 9 94 45 4 62 74 87 18 47 4 25 48 94 91 90 29 42 8 27 11 45 24 15 88 6 68 50 4 22 45 15 72 48 2 88 17 2 38 25 2 78 58 61 57 25 15 5 64 35 27 45 67 3 10 32 38 12 34 57 53 8 84 7 74 8 6 46 86 16 48 7 19 53 30 11 33 44 85 15 11 4 74 34 80 19 81 21 29 41 35 71 85 42 53 
25 92 49 90 36 60 85 46 59 54 7 1 54 19 8 27 39 98 92 53 3 49 14 29 92 62 62 93 82 16 37 41 90 81 60 82 26 95 68 78 39 82 4 33 63 36 15 28 71 12 64 89 12 51 23 82 91 88 38 46 35 1 80 37 30 90 20 62 68 86 73 18 79 36 73 72 22 76 48 76 69 61 50 16 9 33 55 64 0 51 57 80 98 73 75 96 73 91 74 58 
38 34 81 76 13 39 69 12 43 6 60 60 66 47 41 19 93 52 33 67 37 25 8 65 19 99 67 1 50 79 92 15 95 18 23 58 12 72 4 31 86 34 89 30 26 59 57 3 53 40 57 15 59 64 2 51 37 60 79 42 31 38 76 23 89 55 35 70 47 75 27 88 30 9 14 39 89 48 43 82 98 0 7 28 21 20 47 40 78 40 83 2 86 49 54 60 50 68 38 51 
63 39 41 22 13 19 59 71 58 15 10 58 50 76 72 31 21 2 48 79 84 65 24 97 24 44 12 80 99 90 59 5 40 21 46 27 53 27 29 43 79 95 58 77 57 89 87 6 89 6 36 68 20 2 60 43 56 14 36 25 75 60 6 68 94 28 6 6 91 38 3 69 62 70 56 5 53 31 32 75 26 19 67 87 70 57 98 88 64 8 6 50 40 91 99 8 76 97 42 15 
54 28 41 63 92 20 59 20 24 1 32 88 4 57 65 32 1 79 15 12 30 33 60 90 4 39 67 93 44 16 41 58 56 48 48 39 53 78 91 52 76 8 22 31 95 22 79 47 75 23 41 95 44 18 68 67 68 95 85 91 56 68 16 87 63 58 71 75 68 72 69 44 67 0 50 18 11 39 84 60 98 18 79 81 28 50 93 84 16 96 74 98 73 57 6 6 28 23 38 50 
95 49 99 24 9 32 9 31 31 95 53 47 67 99 45 14 74 74 92 89 88 17 96 46 26 16 47 63 91 51 86 39 96 82 24 0 68 32 34 17 72 64 53 68 98 11 32 38 48 26 52 18 7 75 97 68 21 65 71 59 44 21 34 52 4 2 41 96 63 5 9 56 22 78 44 95 94 6 15 94 49 65 21 51 55 93 97 22 24 11 71 76 99 90 74 96 51 98 48 52 
97 95 26 59 1 62 50 53 77 7 75 88 12 72 7 88 26 36 95 37 81 27 98 11 55 17 46 79 9 14 0 24 95 85 58 4 5 60 88 80 89 46 74 30 78 90 47 41 73 7 99 42 98 37 36 45 65 39 35 5 53 85 81 84 69 36 52 2 93 11 37 30 91 64 54 54 55 48 8 6 68 87 1 27 60 56 26 72 33 99 36 14 92 71 72 53 51 43 5 94 
66 76 5 73 67 41 99 34 23 69 83 96 98 28 65 54 14 24 75 6 51 82 58 10 42 57 12 97 88 83 88 86 60 74 61 63 49 96 35 72 61 98 58 69 13 89 72 42 50 6 47 69 31 12 16 61 19 83 38 69 53 36 17 87 79 82 68 98 61 26 8 38 58 38 51 2 71 39 10 50 90 90 71 75 68 52 10 36 43 12 12 6 3 21 56 1 99 31 82 64 
74 31 1 99 67 50 74 88 57 85 45 32 27 55 34 47 15 43 12 1 38 37 60 86 80 66 78 0 95 14 59 28 17 22 11 55 46 50 97 65 43 76 27 43 57 70 56 57 44 64 43 57 27 34 70 43 48 76 2 21 53 11 80 2 38 79 49 38 23 13 90 91 17 68 43 67 48 62 14 28 43 68 34 69 43 74 56 91 57 59 56 98 55 61 53 18 37 63 31 80 
96 40 81 5 22 56 98 92 67 80 46 34 24 50 61 67 18 85 60 60 9 98 49 69 54 60 16 88 2 38 25 45 99 50 60 58 88 12 71 34 56 99 91 94 51 11 77 49 52 84 53 61 94 18 0 64 10 62 35 40 36 7 8 61 70 92 45 24 29 13 86 77 53 20 42 44 3 27 49 9 21 47 36 22 86 83 41 85 14 8 69 86 36 83 99 56 15 70 83 18 
82 79 47 69 7 63 25 37 21 13 53 41 96 73 68 19 81 32 13 63 64 69 74 50 46 53 99 26 42 11 83 44 34 33 35 59 98 7 59 71 93 26 78 8 58 19 37 11 29 77 35 94 94 67 67 44 66 78 82 63 69 67 80 50 63 44 45 25 77 25 24 31 27 97 54 98 55 64 96 41 65 7 75 9 73 86 59 56 16 58 43 92 42 47 38 36 95 83 77 80 
2 8 97 49 86 31 64 39 71 81 19 30 8 46 41 2 41 99 23 27 99 0 43 35 51 51 49 82 79 67 84 37 59 77 45 6 20 39 61 18 94 98 84 51 35 97 22 68 73 70 25 79 77 88 96 18 14 70 2 52 15 16 25 38 13 39 36 64 63 6 79 61 15 34 23 92 6 69 17 99 51 86 31 50 60 12 93 27 60 17 44 59 59 25 4 93 60 63 31 37 
36 27 65 88 28 97 99 57 1 77 71 55 53 24 29 58 13 33 34 20 48 99 19 97 51 31 74 8 67 69 13 51 83 35 8 85 63 88 68 98 23 10 7 60 68 55 37 41 19 90 31 79 48 9 32 11 18 9 94 93 72 40 2 84 63 6 78 5 21 67 18 52 57 0 57 71 16 36 69 49 20 61 45 26 58 3 50 26 74 11 4 19 13 80 43 62 26 51 53 68 
38 45 62 65 12 50 33 74 89 18 69 84 38 98 76 44 19 88 66 16 85 63 89 25 35 51 71 59 70 63 61 22 53 31 75 75 78 4 28 94 82 42 71 93 50 26 70 17 3 0 70 7 72 63 12 49 18 38 22 98 52 69 69 20 11 53 93 92 71 83 73 16 60 40 73 8 88 12 21 61 90 97 12 37 6 47 45 26 10 20 93 87 44 74 57 8 25 97 49 50 
57 47 52 26 24 99 2 77 36 66 32 56 60 60 39 28 17 32 76 24 98 62 71 78 74 21 21 0 41 42 34 96 54 27 86 42 44 99 11 27 62 97 84 50 64 64 56 19 47 38 34 47 4 23 8 11 21 95 62 10 47 54 36 21 4 32 46 46 60 10 83 41 57 32 4 23 55 2 34 61 97 24 26 91 86 17 52 38 19 56 31 84 33 94 39 7 29 78 80 24 
18 26 94 76 30 96 96 19 93 97 33 24 19 26 9 25 41 84 76 59 54 3 20 65 21 9 52 13 9 84 45 23 96 63 16 41 13 28 44 14 34 27 82 59 85 54 78 11 33 22 83 94 31 40 33 96 9 40 82 79 10 14 80 22 11 30 18 64 86 70 73 20 78 60 96 98 86 90 9 46 97 80 70 75 77 84 23 55 27 50 62 97 51 5 65 35 19 94 91 17 
53 74 90 10 56 90 91 25 36 58 58 26 71 41 63 51 6 23 49 81 44 28 19 75 35 1 29 41 72 44 27 57 69 65 79 26 6 30 43 36 97 55 22 12 97 2 48 84 48 85 52 82 95 85 77 1 87 53 74 84 66 60 43 90 44 75 1 74 98 22 89 47 54 52 80 98 84 26 9 23 89 4 47 62 58 90 20 48 19 86 19 40 28 13 18 37 4 75 95 24 
77 66 60 19 79 30 52 78 48 59 52 97 67 59 98 29 7 3 29 66 95 31 21 17 92 64 92 67 66 82 81 18 86 14 84 62 95 41 7 7 73 9 51 17 6 32 45 51 59 75 11 60 98 97 58 23 92 0 2 35 98 47 88 54 11 13 50 5 80 76 88 44 10 41 6 74 52 16 73 64 62 79 67 15 33 63 9 98 1 94 43 4 19 99 23 38 66 31 73 57 
64 72 19 79 52 43 75 14 4 6 13 5 36 46 27 97 57 19 38 83 26 49 75 96 38 73 6 37 8 97 98 76 64 36 0 99 23 26 84 60 77 10 6 72 72 33 85 23 44 22 18 12 13 54 83 74 52 46 66 51 97 27 95 4 16 49 12 24 55 27 80 51 76 42 38 66 96 51 60 26 26 10 36 58 8 25 14 54 71 2 45 44 57 96 2 27 44 35 10 10 
48 37 44 45 93 19 39 20 70 73 33 17 21 27 52 22 32 33 80 31 63 28 66 16 56 37 46 87 23 89 99 73 2 9 47 45 36 72 21 28 95 91 47 27 95 56 75 6 69 7 49 87 82 24 90 31 25 5 84 3 51 15 90 97 56 51 93 75 68 67 34 24 71 56 74 2 6 86 60 12 79 34 22 17 2 96 95 49 69 13 35 79 74 26 43 34 55 26 10 67 
74 12 48 66 37 45 79 69 96 17 67 3 21 91 58 30 49 22 4 34 96 0 11 66 97 6 26 64 75 58 23 9 90 24 3 84 71 89 89 4 25 19 41 78 93 77 46 20 1 54 13 78 82 91 21 66 7 46 56 35 32 92 51 34 40 95 89 73 15 45 60 67 11 75 69 35 93 21 37 60 59 21 35 41 75 42 67 62 46 47 92 95 45 0 75 24 64 52 72 21 
18 92 8 98 21 67 15 37 26 2 7 10 42 90 25 84 54 92 48 86 76 48 3 57 68 9 69 80 26 36 95 56 0 71 46 21 10 92 24 12 64 61 96 10 88 34 84 61 77 42 21 54 78 66 7 63 59 4 39 14 73 90 51 34 13 41 45 8 87 17 14 20 83 30 73 81 23 5 54 30 30 15 8 27 88 53 62 91 11 60 49 91 42 67 39 43 80 23 10 47 
12 51 88 89 62 92 33 93 60 90 29 45 6 60 24 19 58 72 76 83 24 10 26 21 89 95 3 39 99 25 0 42 65 9 55 43 50 96 32 36 95 54 8 96 68 80 45 91 64 59 63 17 62 78 22 2 86 73 35 42 32 82 7 14 81 80 73 74 67 9 91 8 48 0 72 33 14 72 12 20 65 60 21 96 64 11 89 41 97 41 4 4 44 51 15 93 81 63 73 38 
1 24 21 63 22 73 76 78 46 23 20 32 43 20 53 27 71 82 71 65 1 84 89 45 74 47 9 1 38 96 3 92 76 24 66 36 43 92 92 46 69 42 1 36 96 2 80 84 24 82 5 48 68 54 83 81 28 7 60 0 78 20 84 22 87 50 27 39 53 82 65 89 59 97 8 89 45 36 61 2 36 67 95 49 16 50 52 29 16 30 72 76 81 25 87 81 0 34 2 71 
85 11 22 23 92 11 28 30 29 62 40 85 26 15 67 4 54 41 14 3 83 1 78 23 81 35 56 90 81 63 54 82 87 18 99 28 16 69 69 46 10 25 34 1 77 56 11 37 41 71 29 85 45 32 68 55 64 17 84 99 35 50 64 99 98 20 76 84 82 74 76 79 98 13 5 18 12 50 46 52 59 59 63 21 22 90 1 35 68 12 6 26 2 66 86 34 40 68 82 71 
11 59 48 44 26 21 99 68 24 46 85 33 38 61 2 57 2 67 54 39 19 67 2 85 93 36 95 15 23 95 88 1 59 44 81 13 14 49 0 19 41 16 34 84 67 46 37 36 44 13 9 95 29 7 33 94 21 47 64 51 44 68 75 50 54 4 36 34 66 43 39 99 63 55 32 21 86 54 9 69 9 65 69 42 64 92 2 32 71 72 91 68 51 32 37 62 92 43 27 42 
73 48 92 9 22 84 40 44 51 64 33 98 98 58 35 42 43 93 57 79 61 10 38 71 48 71 80 46 72 54 9 88 17 91 15 39 25 82 52 69 78 33 37 30 40 10 34 35 69 87 91 79 80 18 97 52 22 76 56 40 31 85 51 33 92 34 5 54 45 82 87 61 30 52 94 41 78 33 90 39 67 25 75 76 23 44 82 84 50 47 92 54 9 79 27 58 51 49 41 47 
94 11 93 98 92 94 86 35 51 64 87 95 81 32 61 82 84 91 7 85 92 89 28 90 82 65 36 27 98 49 43 45 52 50 83 10 72 34 12 16 2 63 6 23 11 75 73 37 29 20 80 61 0 50 48 54 26 98 2 84 24 54 12 3 71 42 92 39 58 89 77 24 80 45 54 91 4 59 20 81 27 50 35 30 38 17 48 48 61 23 50 22 39 23 59 47 2 48 20 83 
98 51 35 91 1 51 31 20 34 31 85 90 50 58 70 94 30 83 37 42 34 80 59 51 41 57 8 0 71 92 28 81 87 51 13 90 85 48 70 8 55 12 28 68 74 76 9 68 15 20 35 71 2 24 77 29 11 63 60 81 36 85 71 92 10 94 87 83 87 89 62 5 12 66 26 88 74 62 38 20 54 67 68 99 57 43 9 30 89 90 93 48 62 96 1 90 39 27 78 7 
37 89 27 9 68 92 62 84 67 31 7 29 63 76 50 62 59 43 54 44 63 62 66 52 12 84 94 98 30 3 49 27 61 49 46 2 5 35 33 25 37 21 55 29 74 36 64 56 7 57 76 41 8 74 80 77 92 2 27 52 59 17 76 37 60 33 30 47 93 10 45 16 4 29 91 63 75 15 11 77 35 8 32 11 22 62 81 43 72 22 99 8 26 70 80 71 2 56 47 19 
90 10 20 56 60 6 10 27 37 80 65 57 45 74 73 89 87 7 64 98 29 11 7 2 10 38 92 56 26 94 66 84 34 30 53 40 33 97 40 65 21 80 49 88 46 27 11 95 4 25 61 58 75 57 42 18 84 36 56 51 42 80 46 49 90 79 89 6 82 69 69 37 7 66 28 98 82 96 91 61 28 43 57 4 90 73 56 24 68 20 29 86 60 38 43 74 5 1 79 81 
44 83 14 52 95 67 12 15 97 64 11 39 37 26 11 50 62 31 29 37 74 56 42 84 29 80 73 99 49 83 23 61 23 19 54 64 37 51 24 96 42 9 6 61 57 81 60 41 42 90 6 55 29 81 39 5 33 12 49 80 76 86 98 9 55 16 61 50 4 89 32 31 70 96 33 7 69 57 50 22 23 35 22 59 83 74 44 5 59 29 42 25 27 9 91 51 20 38 4 99 
90 33 13 78 37 16 46 41 77 42 47 35 33 10 41 46 38 53 58 40 1 81 57 55 30 97 2 50 93 74 42 45 37 73 90 91 3 82 28 43 65 63 19 26 68 46 24 94 15 78 60 30 17 49 52 72 33 29 7 94 59 68 3 46 14 70 99 92 96 1 87 73 9 24 84 33 64 67 26 65 22 50 7 31 4 28 21 29 35 98 99 44 71 55 36 0 68 31 85 32 
48 67 64 44 36 3 36 98 56 54 63 1 54 45 66 27 98 78 48 95 26 99 9 54 14 28 56 61 9 29 7 66 94 0 90 78 60 13 51 28 18 11 12 96 93 74 53 70 99 49 16 20 76 37 82 13 83 39 71 28 23 23 33 76 71 77 93 21 47 17 75 59 28 1 12 25 5 30 56 13 83 11 29 69 82 92 76 77 5 91 50 84 23 67 43 81 23 66 62 59 
18 45 42 30 63 77 63 44 11 40 48 2 25 60 27 27 87 79 93 67 43 52 92 27 73 29 30 29 94 90 16 2 44 1 23 43 6 14 61 24 19 41 76 22 38 17 74 89 93 95 13 33 66 75 21 4 57 83 98 68 63 34 99 5 19 34 71 1 79 13 63 91 57 12 64 86 38 57 31 66 18 3 58 61 46 76 94 79 11 10 93 78 84 1 52 35 57 32 16 72 
36 65 21 12 68 70 17 72 77 85 50 24 36 80 66 33 55 54 57 28 58 32 77 71 7 56 10 82 55 86 69 21 2 87 13 7 90 74 18 62 11 25 13 38 5 5 53 35 72 6 88 47 75 45 53 27 93 86 69 81 33 32 79 14 41 83 13 45 5 90 59 31 31 92 34 36 38 3 73 46 75 47 95 44 27 53 5 22 66 36 53 48 63 48 80 48 49 84 92 44 
22 59 81 23 98 27 16 26 98 2 0 13 82 54 73 12 59 62 26 33 89 74 83 19 36 15 15 87 30 75 46 1 64 59 63 81 80 25 92 32 39 37 49 50 46 27 54 25 10 95 55 34 64 91 74 6 98 24 36 28 19 35 68 68 13 14 69 79 9 43 93 94 31 21 45 36 91 85 58 72 35 74 8 66 93 40 67 9 79 5 44 97 25 65 45 42 67 51 71 24 
25 93 39 36 67 69 27 47 40 12 38 26 41 32 82 70 81 24 65 76 32 30 82 56 61 24 25 1 12 7 54 56 99 74 82 94 23 10 79 27 91 9 5 41 25 40 84 16 4 12 68 67 93 12 38 95 72 29 17 75 50 26 13 11 77 82 3 56 63 39 25 52 10 8 67 55 35 47 62 42 10 55 68 95 53 3 81 8 9 20 60 42 9 55 89 61 73 67 41 59 
6 33 42 94 98 92 61 18 7 40 49 19 10 34 22 86 90 62 86 49 27 60 54 96 99 86 32 43 36 34 32 85 22 3 45 62 27 70 14 32 92 80 84 14 26 84 45 49 66 58 45 12 13 37 92 43 51 53 41 23 53 18 41 4 33 70 63 26 73 78 18 16 67 2 87 97 12 67 81 45 34 66 59 16 64 65 29 13 84 93 89 2 82 72 59 62 84 98 2 59 
79 3 62 65 93 15 55 35 93 32 3 12 62 99 39 81 40 77 17 41 99 53 30 80 81 11 38 29 38 54 48 98 95 61 24 97 16 71 63 24 29 21 46 40 6 80 77 95 9 36 1 87 24 86 95 90 48 69 95 47 77 47 97 9 3 25 83 43 36 57 63 64 51 66 38 68 9 42 41 42 6 23 20 87 99 87 92 62 13 42 5 50 71 28 23 98 92 91 40 79 
75 73 23 19 29 90 36 83 69 85 12 6 4 81 10 29 55 90 78 26 80 15 40 81 10 22 80 95 53 10 97 37 39 93 84 17 97 74 59 55 32 56 81 71 12 76 67 49 9 3 48 9 87 28 65 68 68 92 0 34 12 95 45 25 54 58 1 86 64 54 19 3 3 4 53 53 8 60 48 31 66 11 14 74 76 16 39 55 74 11 53 14 99 45 41 71 34 91 7 22 
6 57 24 95 1 24 6 32 72 51 40 11 11 70 96 47 93 0 54 65 11 59 65 30 84 53 67 84 76 18 12 50 2 35 79 47 4 81 2 89 26 82 56 37 23 75 31 55 52 95 58 8 13 87 99 48 65 67 69 18 67 39 38 60 38 33 79 23 38 82 45 34 56 16 38 10 97 67 27 86 38 38 96 8 2 92 32 27 50 94 19 82 13 63 21 45 32 15 85 7 
53 8 18 48 20 70 24 8 16 89 74 0 38 93 75 3 87 73 19 63 17 30 52 33 40 74 35 62 5 72 16 27 83 15 45 40 12 55 46 97 13 94 74 17 10 43 64 46 60 39 24 48 44 65 96 73 57 91 74 97 85 53 88 32 80 30 34 84 29 69 94 19 12 10 38 61 48 64 57 77 37 5 27 42 13 40 7 56 0 15 6 40 0 93 77 12 22 89 1 58 
6 0 26 40 21 36 91 84 49 25 80 12 17 96 17 33 10 94 74 16 17 13 73 42 81 25 56 48 99 38 7 69 13 33 58 98 0 12 99 6 81 50 17 56 90 7 61 81 56 16 7 75 79 98 69 22 66 33 24 97 61 58 60 52 56 4 32 23 96 87 44 11 80 86 82 91 94 11 4 7 42 61 85 95 80 89 98 34 57 60 41 69 74 8 10 85 12 8 22 22 
47 53 18 84 85 74 17 83 22 52 36 97 98 99 73 62 62 79 70 25 31 74 64 54 23 54 19 67 61 98 27 50 71 69 55 75 6 74 94 46 21 81 59 40 22 94 5 7 90 0 79 79 64 1 44 90 15 68 94 70 87 17 12 49 41 40 74 97 57 9 75 14 25 59 53 89 79 71 72 10 12 59 96 44 71 54 93 67 12 95 56 62 5 66 96 6 52 9 28 67 
19 19 54 30 52 53 8 26 77 42 31 99 67 5 34 32 69 76 84 56 24 59 0 11 9 69 67 25 18 97 58 64 12 9 19 89 76 36 62 5 20 42 29 54 13 93 87 91 47 93 20 76 84 51 2 49 89 9 37 26 37 60 45 31 23 3 84 73 87 23 95 5 20 0 42 35 56 84 94 65 27 61 29 97 44 7 14 8 6 22 47 9 98 33 85 82 14 84 95 37 
66 71 97 9 56 31 42 86 61 49 68 30 70 25 3 2 76 5 69 89 60 41 32 27 37 21 12 92 43 57 23 93 76 40 74 99 13 12 30 31 44 97 39 31 71 85 63 91 39 58 42 18 18 86 25 78 50 3 12 4 43 21 69 97 39 69 9 86 43 75 1 11 41 47 78 42 32 68 88 80 79 25 53 92 54 0 48 79 81 4 12 92 50 97 27 89 89 67 59 50 
70 43 12 16 7 24 1 36 87 90 55 33 58 36 71 40 38 52 91 59 61 51 53 31 68 29 56 25 87 53 31 99 86 28 77 51 51 60 73 22 77 93 67 98 61 95 3 88 51 1 2 32 11 45 18 25 68 20 37 46 9 84 73 45 18 4 78 5 1 26 97 2 78 6 56 4 28 83 5 62 41 28 24 27 67 65 67 78 31 62 84 34 87 27 13 64 35 64 23 80 
73 39 93 50 34 84 82 61 14 52 46 20 55 77 92 89 57 92 44 30 70 40 72 26 36 87 24 28 5 59 10 30 67 82 58 1 28 41 34 30 65 61 1 20 83 75 9 45 89 54 66 50 34 94 69 43 30 47 57 45 32 67 73 54 39 20 31 90 45 45 27 88 43 11 62 17 47 11 68 2 30 46 96 4 78 23 72 83 23 92 73 87 92 20 35 3 96 21 64 19 
74 57 73 25 97 77 62 66 40 32 91 86 61 41 11 93 57 16 40 63 60 86 46 27 29 43 85 43 99 92 89 55 5 93 13 83 67 8 48 89 26 70 30 72 90 86 93 86 98 84 93 48 36 28 94 31 58 83 34 89 28 17 15 30 98 64 78 84 41 59 76 37 5 91 27 80 5 34 44 77 98 32 80 53 69 31 13 73 64 14 26 5 51 89 61 8 55 99 64 34 
26 95 82 30 44 41 92 18 18 80 4 67 21 88 76 5 93 10 45 83 99 29 66 71 88 4 60 53 6 89 64 20 56 84 47 52 85 28 92 70 25 25 95 53 71 35 17 18 34 22 76 31 23 82 84 47 10 33 19 29 25 47 93 78 77 5 62 19 34 85 56 40 73 45 47 62 52 82 40 87 30 66 38 15 95 85 11 77 14 89 62 96 82 76 99 59 26 43 32 48 
72 36 42 48 3 87 40 53 7 96 67 52 46 15 37 1 45 38 64 21 76 59 53 14 89 73 90 1 22 57 36 85 79 24 36 26 35 43 60 24 81 98 25 9 29 13 95 52 7 31 29 23 32 36 37 12 60 54 3 51 11 12 66 43 6 54 86 58 45 11 41 98 54 71 27 62 49 47 43 32 18 83 85 4 66 56 69 44 78 30 33 41 51 51 62 2 11 21 67 9 
96 60 26 99 14 84 87 71 92 46 26 1 82 64 68 6 49 58 17 71 94 66 77 55 60 19 73 75 48 10 15 61 38 37 8 51 45 0 44 72 67 41 31 55 10 7 83 50 75 58 58 82 65 53 50 54 4 40 90 68 14 96 62 75 37 28 18 78 7 4 98 89 70 45 90 86 48 63 89 41 22 13 51 31 51 4 4 84 3 73 21 27 5 12 69 32 50 57 36 32 
59 8 82 58 45 37 15 86 78 12 78 97 55 19 60 40 80 26 15 6 99 22 15 27 88 13 23 58 17 61 18 69 66 75 83 32 63 74 63 79 85 56 3 24 57 15 2 96 83 48 88 32 86 33 35 39 69 16 8 99 1 12 1 41 28 66 22 77 42 87 65 89 25 89 43 37 70 78 32 82 97 22 22 55 78 19 17 37 18 25 33 46 16 93 64 0 49 60 77 47 
56 81 70 4 22 91 6 3 48 60 86 52 27 91 45 81 41 75 49 28 80 35 36 38 28 24 99 63 0 98 26 72 66 0 65 81 71 39 97 40 36 20 13 89 46 23 82 36 28 30 92 80 67 31 56 37 94 39 75 12 59 7 5 34 51 63 86 70 69 97 11 11 98 90 36 41 33 75 80 91 46 59 21 97 31 56 82 78 18 4 7 97 72 76 44 31 77 63 45 92 
21 52 8 64 86 79 27 56 3 99 19 69 21 8 21 15 56 47 8 85 96 99 87 64 88 49 37 77 30 99 3 32 61 84 44 27 68 35 66 82 39 30 40 8 99 61 55 66 97 92 17 26 39 73 52 95 59 93 71 99 52 48 59 73 29 31 0 80 67 13 46 63 62 69 78 27 45 84 99 86 15 74 58 57 17 21 85 32 8 33 31 9 97 21 29 30 71 18 19 83 
28 74 74 79 28 0 29 94 79 42 37 71 70 65 2 78 80 40 46 57 93 52 24 99 82 43 5 21 65 32 74 44 48 89 63 74 65 70 85 60 73 46 38 21 94 62 85 73 69 6 40 77 8 23 58 44 34 10 92 57 64 79 63 91 72 35 75 57 37 11 31 27 50 77 41 64 22 85 7 43 76 62 82 67 54 77 66 38 43 89 70 17 52 91 17 97 7 28 48 2 
75 84 50 43 92 94 3 65 28 45 25 34 12 1 68 37 63 35 74 53 43 61 33 83 85 25 57 52 40 95 2 50 17 73 83 38 61 59 54 50 82 43 26 79 10 14 39 94 6 8 8 43 95 41 19 30 59 97 1 93 46 1 27 10 33 17 33 93 74 12 72 81 65 7 58 59 91 6 41 42 93 33 52 81 75 22 43 34 65 74 60 77 54 17 1 16 36 81 0 4 
39 30 13 80 57 16 66 0 25 53 9 53 66 2 85 19 47 35 2 71 73 53 10 6 12 91 40 10 1 20 44 83 75 69 75 9 74 46 53 48 69 38 12 31 38 66 47 29 62 89 66 18 49 85 20 66 56 45 6 27 14 79 86 55 32 52 72 91 71 94 19 29 2 53 4 81 29 98 74 28 26 95 53 9 66 47 17 24 5 73 9 34 89 62 9 98 68 16 59 81 
69 48 25 21 22 95 48 33 91 97 31 14 93 10 59 21 31 38 29 31 69 75 33 1 51 28 57 70 36 32 5 1 64 19 58 47 47 4 52 92 12 20 41 41 40 62 91 90 90 51 8 21 74 96 40 95 24 62 71 77 72 53 21 6 52 44 38 47 46 59 69 55 87 10 92 3 30 50 33 21 25 98 35 73 1 52 76 80 36 71 50 9 0 98 31 48 65 50 41 77 
11 81 30 88 45 40 33 18 49 87 81 48 85 86 53 51 17 66 92 88 51 87 22 72 27 32 72 79 7 86 44 76 86 98 11 57 18 2 39 13 95 88 44 73 26 75 99 3 76 2 21 83 68 68 48 20 19 59 22 83 13 95 78 30 66 9 65 88 42 15 14 99 62 78 41 30 4 55 40 89 17 34 69 61 60 60 74 88 22 22 75 44 96 74 8 11 68 58 27 79 
89 87 58 6 88 88 36 17 47 67 0 53 67 39 63 82 67 31 19 64 73 74 67 10 0 47 57 1 97 94 37 24 2 52 32 77 38 23 37 1 18 46 3 55 39 40 64 42 65 46 88 80 27 6 45 29 41 25 13 69 7 41 52 49 90 31 23 36 59 31 33 45 50 86 66 3 33 59 86 34 34 21 83 20 26 87 69 82 35 81 20 99 6 94 71 81 5 7 16 59 
21 95 56 11 47 31 32 89 32 0 16 80 25 99 3 16 32 20 43 47 5 6 91 87 60 94 38 76 95 82 22 34 10 12 80 62 49 26 10 54 78 4 54 41 56 80 41 16 59 22 16 2 8 21 93 50 15 84 77 26 16 52 81 69 35 49 27 58 64 99 30 16 29 87 81 38 17 22 15 52 9 81 83 57 40 33 58 82 40 17 89 19 59 70 61 85 24 47 32 59 
71 69 58 49 62 4 84 25 1 70 44 0 34 92 80 54 29 75 15 65 59 20 53 43 50 12 91 84 25 89 72 25 87 17 50 39 45 20 99 60 67 99 1 56 44 23 60 3 11 7 83 57 44 26 58 86 55 77 62 19 69 32 1 44 96 78 24 56 26 38 39 94 85 3 60 65 65 19 50 10 89 72 10 4 59 11 7 0 39 58 95 59 14 39 22 9 54 77 62 82 
44 3 27 78 21 66 52 17 79 32 22 14 36 42 45 97 15 54 80 37 5 2 32 54 98 47 44 6 53 97 4 19 25 66 67 66 80 69 73 58 84 18 29 54 29 83 23 43 50 80 1 14 95 82 19 37 14 36 93 92 20 79 20 18 79 20 71 5 38 44 80 6 33 75 97 68 81 76 12 68 82 16 7 81 83 93 92 57 9 25 4 20 21 23 8 7 35 1 0 47 
71 82 88 39 1 10 5 91 7 36 41 43 52 67 45 20 50 56 81 77 17 71 21 8 90 48 27 34 45 12 89 4 95 32 9 44 46 37 66 91 62 24 33 24 87 44 75 9 44 15 48 76 88 9 5 74 96 35 66 63 44 70 55 92 93 1 52 56 82 8 82 72 33 3 40 15 1 32 34 66 53 37 44 52 32 48 23 36 83 87 72 38 58 62 89 55 86 18 51 65 
6 85 92 30 13 19 74 0 60 55 37 33 97 14 22 80 3 99 91 44 58 97 21 87 29 85 95 5 30 70 69 38 6 69 16 33 98 12 44 83 85 48 44 88 35 63 57 20 50 55 66 44 3 16 21 86 18 42 57 86 21 70 31 59 86 38 87 46 52 12 17 48 80 48 96 10 29 56 53 16 4 76 86 18 68 53 5 59 45 42 36 43 87 18 91 28 37 72 80 63 
43 72 93 59 5 38 71 71 77 93 46 56 83 65 66 45 38 39 32 82 42 4 3 14 27 41 60 61 5 31 48 13 42 3 97 69 8 39 36 14 79 24 65 84 25 67 99 5 5 99 26 12 32 85 42 9 78 88 51 90 88 42 25 61 26 6 48 4 16 78 60 13 9 64 97 52 23 33 91 74 92 13 40 51 92 85 50 66 49 98 98 27 71 13 21 97 3 8 95 14 
86 92 61 7 6 15 95 68 85 56 57 28 65 84 17 57 82 43 30 59 77 72 67 36 90 21 24 15 89 91 80 93 54 24 2 68 13 70 38 16 11 99 58 43 54 41 65 64 86 72 2 90 77 29 54 94 4 54 68 73 0 27 77 19 12 91 92 65 79 44 66 1 84 71 0 27 28 35 53 26 4 27 63 97 0 82 10 95 23 3 99 29 23 17 50 86 4 85 77 68 
88 45 15 5 42 83 2 52 59 43 44 77 56 69 20 15 93 3 55 80 77 37 5 70 84 13 93 36 29 69 27 78 92 7 50 98 7 92 89 59 23 32 30 35 85 65 57 11 81 47 29 78 15 63 52 20 5 94 96 28 4 84 46 63 46 83 94 94 56 26 71 18 95 91 32 31 84 28 7 87 88 2 9 59 77 98 90 99 19 29 42 33 65 41 89 56 80 88 3 27 
20 52 31 98 60 4 29 13 33 38 77 74 74 9 94 81 83 29 74 58 25 13 44 77 72 61 20 55 88 24 90 75 81 15 33 4 35 6 97 13 68 86 55 4 39 32 12 83 44 53 41 19 25 95 41 63 1 39 79 26 3 51 30 4 9 30 18 34 5 30 8 43 41 5 37 73 14 62 87 84 22 10 1 97 57 83 69 11 80 8 23 95 93 22 31 57 94 22 73 58 
97 27 27 63 91 30 36 45 72 44 72 22 99 7 85 45 66 76 88 93 28 80 51 28 97 45 21 62 42 22 94 75 2 74 81 53 47 10 71 80 53 18 79 48 12 65 90 41 28 30 27 57 46 34 3 84 93 51 65 95 18 3 90 48 19 38 27 37 53 64 43 7 33 75 50 30 48 7 34 34 27 90 1 8 58 62 71 22 55 33 82 15 1 45 16 43 13 80 12 59 
9 17 26 84 60 35 87 52 49 70 76 72 79 60 27 60 40 93 20 4 68 2 57 64 97 99 36 87 56 47 48 75 35 73 78 36 81 75 21 46 45 57 20 0 7 3 11 10 87 35 62 85 48 63 1 34 24 26 26 12 52 12 75 26 34 71 67 88 85 27 45 92 82 85 15 96 0 68 91 43 49 64 51 57 51 80 54 59 23 61 75 42 45 7 62 98 68 27 35 62 
28 14 13 54 30 74 88 70 22 98 35 85 60 30 57 76 32 36 84 64 58 13 50 73 46 51 36 32 47 98 40 16 66 85 39 12 73 87 11 64 69 94 97 18 9 32 91 94 88 75 20 85 41 97 96 61 41 89 21 81 4 48 86 0 99 11 35 95 89 24 1 88 41 44 71 68 4 0 9 35 47 31 53 74 39 70 32 98 44 24 38 12 54 80 15 36 55 21 72 77 
36 66 53 80 41 63 69 45 72 75 16 15 77 61 35 0 74 95 94 8 12 81 98 44 39 71 53 11 5 35 14 20 96 29 7 82 79 56 69 75 63 40 23 23 50 79 15 13 52 77 94 79 4 43 77 43 13 9 3 72 18 96 25 98 67 36 12 65 61 18 13 0 43 15 23 73 2 93 32 47 66 28 57 68 82 19 43 28 89 17 46 41 6 5 26 1 38 20 67 65 
68 1 65 11 33 34 82 14 12 31 90 80 63 67 82 57 76 41 97 27 31 63 73 97 77 53 68 35 80 21 76 18 83 51 87 12 41 62 18 99 25 12 22 82 77 51 49 36 19 28 63 87 55 88 52 88 46 89 31 90 55 18 59 28 60 98 37 59 59 14 91 70 57 48 19 28 58 83 51 87 19 61 95 6 65 40 36 62 31 52 87 69 73 63 81 95 85 2 98 56 
2 40 67 77 60 40 37 13 48 36 23 96 80 75 43 95 84 6 79 99 86 7 5 59 67 53 17 51 20 44 87 55 36 64 32 98 58 80 57 51 5 57 45 77 81 99 82 83 22 15 91 75 0 5 49 62 57 56 52 64 59 64 6 92 79 19 46 43 74 51 58 1 74 71 10 80 68 16 52 76 9 38 84 3 69 27 9 29 15 47 84 62 66 25 29 51 40 81 79 23 
37 26 76 3 86 38 89 52 23 35 54 35 93 52 21 57 21 73 39 92 64 43 23 78 11 80 52 64 43 29 81 14 79 68 47 17 95 29 30 37 35 55 47 0 44 41 74 46 55 70 18 35 18 68 25 38 64 40 66 48 67 16 15 24 68 66 32 83 3 21 25 15 92 65 56 96 85 28 91 79 76 98 59 22 7 17 53 39 35 6 91 65 78 73 18 56 8 32 54 89 
71 65 15 97 21 13 63 25 91 81 37 26 88 35 60 33 16 30 51 74 98 5 43 64 62 1 9 88 6 33 98 40 75 54 47 93 84 70 82 76 55 6 83 29 3 10 91 65 17 20 75 1 69 86 67 6 56 44 84 56 8 29 42 22 79 51 50 11 79 29 53 22 29 48 81 22 97 78 12 60 97 39 25 46 66 88 30 1 20 85 15 30 92 73 28 40 34 65 95 25 
43 77 78 78 45 30 28 11 85 17 42 47 38 46 46 0 76 45 68 79 29 48 55 79 43 37 24 43 78 75 34 76 80 23 55 47 58 77 63 31 89 31 65 3 34 10 30 18 54 74 42 47 17 66 35 71 81 52 29 33 33 70 95 68 66 67 8 79 78 60 74 49 27 81 25 50 70 70 39 22 61 89 38 29 34 11 28 74 61 75 67 91 44 78 51 42 12 32 55 41 
95 89 89 99 60 83 63 98 82 11 91 99 93 94 43 32 17 62 20 89 44 86 90 18 38 34 89 64 0 34 14 45 94 44 53 80 80 12 77 1 26 52 73 37 50 80 34 14 90 72 45 46 95 52 46 61 69 15 69 71 12 78 24 90 71 19 17 56 18 1 66 65 77 26 90 52 67 32 85 46 97 37 43 11 76 69 48 47 35 68 36 0 5 60 26 22 49 43 14 91 
44 37 83 13 1 69 21 96 18 26 63 80 33 24 0 10 23 90 32 90 62 22 73 49 66 31 83 36 2 54 19 49 60 69 50 45 44 92 90 53 9 57 33 20 83 41 18 9 78 55 28 17 92 4 44 20 93 72 23 76 20 0 88 22 7 68 78 12 43 48 69 3 89 49 18 18 52 5 40 67 79 95 34 72 18 23 94 8 80 14 66 3 52 33 85 7 61 59 76 20 
85 92 71 31 69 83 70 42 58 40 19 11 8 3 1 47 23 23 74 45 97 50 65 55 30 80 23 62 69 98 47 48 48 29 23 79 39 95 69 41 13 9 90 67 11 58 18 82 77 23 16 26 42 96 63 93 5 73 89 44 81 24 87 64 58 62 61 28 81 12 60 13 79 17 29 26 73 65 24 33 66 19 32 49 91 59 0 21 51 57 51 46 83 38 56 48 97 40 70 91 
25 19 46 39 38 7 61 12 81 51 63 8 99 45 75 5 54 99 77 64 26 80 22 90 64 63 75 65 67 51 41 42 29 60 23 84 59 36 52 81 61 37 67 95 4 42 12 22 10 41 89 56 75 97 89 98 84 80 91 57 20 90 14 59 58 66 52 90 30 59 49 85 71 99 1 62 61 93 20 60 38 61 60 55 30 5 88 24 39 96 17 89 66 61 74 48 11 61 56 23 
59 13 73 48 12 36 88 98 37 56 90 8 27 94 43 59 43 75 0 22 92 4 55 37 63 73 80 19 26 26 15 90 42 38 62 54 48 73 80 1 54 91 86 88 65 69 17 54 17 52 80 11 13 92 39 94 29 10 72 43 77 65 42 50 58 49 95 24 83 25 58 57 18 71 88 25 75 66 90 75 78 55 32 74 8 3 65 34 26 31 35 60 73 41 8 45 9 35 96 4 
56 97 97 32 22 76 21 39 87 28 67 70 68 41 37 61 82 37 19 83 43 33 32 69 62 39 13 66 17 59 70 47 13 52 65 40 13 89 52 83 99 83 11 70 20 14 18 91 83 87 55 12 51 24 35 80 24 70 53 85 19 90 96 34 96 11 31 79 57 3 61 11 44 24 82 89 50 77 15 8 22 1 17 76 12 15 32 56 46 67 53 90 78 7 34 79 90 50 18 63 
40 53 73 73 94 27 0 58 61 46 72 28 53 51 11 13 72 94 20 1 86 21 28 85 8 95 89 28 15 4 14 19 36 80 23 19 89 63 14 53 11 11 86 95 62 67 7 10 28 22 38 47 34 81 95 22 7 46 8 27 90 66 36 59 35 63 91 67 41 93 35 2 42 65 60 89 38 72 68 35 0 3 75 27 51 19 25 5 96 91 51 22 9 51 27 75 50 59 6 64 
