99 17 62 0 35 85 53 35 88 19 86 5 6 24 69 50 47 61 51 56 38 79 90 50 58 19 95 26 38 61 61 74 91 56 18 68 62 33 28 32 4 9 94 74 86 32 51 72 30 12 44 60 4 81 93 50 69 66 35 52 10 36 81 67 3 58 92 30 5 20 97 53 36 20 9 31 37 33 59 90 81 10 49 27 86 47 66 5 86 66 32 19 41 65 18 10 70 65 76 67 
4 82 5 81 27 50 49 49 62 0 23 59 34 5 73 44 17 44 59 60 28 77 60 86 41 7 23 34 28 75 14 7 44 24 4 56 10 20 84 76 13 39 20 20 55 67 35 40 68 39 22 19 11 41 53 54 69 81 89 27 70 95 37 45 56 12 82 80 83 63 39 31 18 91 21 8 68 11 42 82 27 38 45 73 15 52 25 30 22 45 41 35 19 16 62 53 13 47 59 38 
37 61 22 10 18 24 40 45 91 4 23 47 90 72 85 74 77 16 13 31 50 86 8 91 23 12 62 81 69 30 30 13 60 48 65 82 64 79 91 47 74 60 90 51 66 5 37 31 0 87 40 13 8 56 57 26 62 38 58 78 22 91 56 39 33 34 84 23 20 22 91 19 24 78 79 85 42 5 0 76 44 75 84 71 65 75 91 54 77 34 29 43 48 64 73 76 98 53 78 16 
59 55 28 57 82 34 42 14 83 0 5 64 1 31 39 41 36 91 81 83 3 20 38 6 33 7 13 45 62 16 8 54 36 12 94 48 43 60 86 9 32 86 25 76 88 90 22 4 77 24 4 14 1 64 68 79 11 54 84 86 54 15 46 33 79 59 13 1 3 64 4 83 9 59 0 48 21 74 1 44 60 86 72 67 98 54 20 43 90 95 25 98 36 94 56 92 65 27 84 83 
50 6 8 87 14 11 6 43 70 50 64 52 98 61 33 89 10 54 54 22 60 60 17 6 31 13 86 43 81 47 40 55 1 63 66 18 92 39 91 77 9 66 55 29 18 62 71 16 53 17 10 47 87 40 8 21 56 12 71 7 59 49 85 65 99 57 30 7 30 29 2 27 65 22 1 14 92 67 41 78 36 5 83 23 14 59 82 84 22 15 33 44 75 28 23 52 52 29 3 31 
64 42 29 61 35 34 15 56 33 53 68 25 94 35 59 93 34 41 27 55 1 62 46 57 18 12 66 81 93 68 15 38 71 35 58 34 1 30 1 43 4 33 80 33 27 36 68 78 78 42 66 53 61 5 71 51 88 25 57 3 53 44 40 51 74 26 50 27 81 91 79 2 9 14 41 67 96 86 3 38 26 50 29 54 67 16 55 45 59 27 13 66 21 79 79 35 41 41 0 48 
87 43 57 38 65 71 83 86 20 47 36 72 34 85 10 60 74 48 0 60 25 10 86 72 15 71 15 57 53 63 74 87 54 31 26 94 67 46 45 35 15 29 63 88 7 67 78 92 2 67 92 96 17 31 32 11 17 10 54 98 33 11 38 3 82 48 3 18 87 78 1 22 94 26 63 35 88 80 68 69 32 26 72 20 47 76 43 35 66 59 86 9 49 71 33 2 99 68 52 72 
78 2 25 38 28 9 73 37 37 77 22 60 71 58 32 12 40 2 79 85 3 69 57 51 18 26 67 21 30 49 29 86 67 60 98 40 17 6 13 53 91 4 14 96 23 42 88 57 63 94 3 92 55 38 29 88 63 24 16 15 89 29 74 64 30 87 35 67 90 52 23 56 97 79 26 63 53 77 4 51 96 6 20 78 82 45 86 27 20 81 96 1 91 66 42 23 83 83 26 24 
37 5 31 22 79 48 72 5 88 9 99 57 32 55 98 20 73 54 98 85 5 77 90 86 73 95 51 47 27 84 21 99 77 0 48 38 10 25 4 91 48 1 46 84 70 94 13 24 74 77 23 49 79 24 19 31 41 4 63 99 1 22 17 7 55 93 44 92 5 88 80 13 82 28 5 80 94 2 72 82 99 74 3 48 45 34 7 59 54 60 99 79 26 97 6 56 13 17 1 21 
56 83 22 18 1 20 20 99 29 94 93 14 84 89 68 85 20 83 46 47 41 81 63 65 65 74 88 7 86 22 28 97 4 85 28 15 77 16 59 40 78 88 90 26 64 79 67 5 30 84 36 63 17 2 14 39 62 47 31 48 38 41 85 99 64 70 60 67 42 76 69 37 89 59 16 17 31 18 35 24 81 7 72 66 66 71 29 89 5 13 6 90 62 58 15 84 96 45 55 95 
61 72 60 35 23 55 95 45 77 63 62 33 57 29 28 72 28 52 77 16 59 1 22 34 45 70 52 79 41 52 16 11 21 60 86 85 50 52 18 23 19 55 90 32 52 91 74 91 76 94 4 55 67 37 55 39 67 55 14 53 49 62 85 82 75 13 92 12 89 94 83 54 36 12 48 94 8 95 87 84 41 55 82 87 85 47 53 22 41 11 6 49 51 47 72 4 1 81 77 15 
65 21 88 34 68 72 16 99 9 15 78 74 16 84 5 32 14 21 0 23 2 48 20 20 84 12 90 26 73 37 91 67 52 77 34 81 84 85 30 34 49 18 97 7 55 5 48 49 65 53 83 5 50 60 99 54 70 91 23 56 95 30 4 83 33 66 61 73 15 57 77 60 38 75 94 51 76 31 74 71 26 30 60 57 46 21 77 50 36 53 27 57 29 94 41 17 36 29 77 6 
85 35 67 81 95 52 26 35 91 16 0 73 33 40 21 90 13 25 36 49 26 98 53 54 1 15 10 94 70 36 93 9 47 50 58 4 49 52 17 43 2 38 30 72 67 70 31 41 35 43 49 94 25 95 67 59 31 19 43 20 18 56 58 26 16 20 99 45 43 71 95 14 47 83 87 56 15 42 89 37 89 67 36 74 96 38 27 75 33 92 88 71 44 94 89 64 68 8 90 97 
97 9 24 81 54 25 81 88 14 7 33 27 50 33 45 16 51 29 34 94 17 61 80 62 89 16 40 51 39 94 82 24 44 62 3 35 77 51 6 4 79 81 65 18 18 29 35 89 43 62 92 37 23 37 44 18 72 24 67 9 30 70 53 97 90 58 73 21 38 97 79 85 66 49 31 79 57 91 60 33 3 99 68 12 45 18 88 71 25 17 0 79 0 16 25 61 93 61 38 10 
16 83 36 47 47 25 40 30 24 71 54 99 75 34 44 50 81 11 40 91 89 58 33 32 6 92 15 3 17 31 10 31 52 40 65 49 35 58 75 50 6 37 6 44 48 29 26 76 86 8 84 61 19 45 35 90 94 70 19 84 41 93 69 68 49 22 42 24 57 60 55 44 16 5 27 63 21 43 99 69 9 17 51 31 11 77 74 37 46 79 56 72 53 73 62 96 3 92 26 47 
50 12 99 39 96 40 11 96 6 64 79 2 29 62 35 62 78 78 58 78 34 21 68 6 85 29 10 84 74 67 2 31 96 24 1 20 84 88 8 89 91 52 22 34 18 83 38 89 38 80 95 45 25 54 45 70 18 47 6 19 51 41 2 64 57 6 87 62 44 82 88 92 45 95 83 55 12 32 25 21 94 39 64 57 47 80 32 54 7 21 35 86 81 95 14 9 5 0 53 66 
70 67 69 33 47 81 59 70 40 50 75 73 55 15 15 27 24 88 29 87 88 1 0 52 41 89 14 34 54 16 69 88 16 2 27 45 54 30 47 81 93 51 90 2 11 32 66 90 77 47 52 8 6 77 96 50 1 68 25 53 34 60 38 43 98 98 92 36 1 62 44 80 55 40 56 39 61 14 6 71 84 8 73 58 20 32 90 32 63 90 32 11 52 38 99 99 26 49 10 21 
0 30 57 14 75 34 46 53 53 49 58 21 56 2 83 28 30 49 23 73 87 65 99 3 25 89 29 21 42 62 51 57 43 48 57 56 28 31 56 24 8 94 20 81 58 15 59 72 84 82 3 41 95 83 14 27 16 17 8 29 9 92 33 71 35 1 87 1 50 81 30 3 29 99 22 83 92 10 33 58 43 46 74 61 73 82 49 87 65 90 52 31 60 81 97 68 55 38 28 70 
6 46 68 51 97 86 97 46 49 35 89 96 42 53 15 17 33 52 63 32 57 12 12 61 82 84 70 91 63 5 28 75 55 8 89 67 66 37 85 18 18 18 94 63 62 19 80 81 45 31 38 82 90 83 13 78 27 37 66 61 96 16 39 47 85 94 34 92 42 38 58 69 46 71 74 17 30 56 87 79 15 38 36 96 39 3 80 96 7 92 51 34 69 17 85 15 45 16 27 41 
4 3 28 24 9 90 71 86 18 8 29 38 38 41 46 78 57 36 7 87 99 53 78 77 10 18 89 26 13 66 48 35 45 82 6 70 15 15 82 74 6 88 30 64 71 60 72 70 42 82 26 17 38 69 87 62 56 62 80 53 28 20 61 6 36 22 77 81 29 74 23 56 91 2 22 93 69 91 37 21 69 38 39 3 53 74 38 6 57 93 90 95 55 70 85 21 25 35 61 89 
46 72 30 84 44 27 36 54 44 86 22 22 94 30 84 24 38 49 75 61 76 50 87 5 24 20 58 93 5 32 14 83 55 67 90 51 81 4 77 27 72 9 92 3 82 87 71 81 11 58 29 91 50 75 43 62 90 62 38 37 47 59 28 79 74 64 80 53 99 39 17 87 26 40 29 36 76 6 6 1 24 50 89 94 65 39 30 35 74 0 70 14 35 59 66 12 17 52 29 65 
37 70 64 99 1 7 5 66 32 41 74 66 84 51 91 53 16 82 59 84 50 86 49 87 61 73 61 79 56 97 51 0 79 35 66 83 94 90 46 13 51 54 90 48 62 75 27 46 44 73 79 24 64 25 29 33 34 43 81 63 93 57 46 77 90 4 3 17 23 50 27 4 44 0 76 80 93 81 41 33 31 14 6 32 84 99 12 95 37 74 98 41 58 63 72 61 41 80 26 8 
6 93 11 72 99 70 86 82 2 76 32 48 11 42 60 71 36 77 55 98 30 6 20 80 10 98 35 83 20 62 92 46 23 13 51 92 85 18 49 33 79 54 50 92 92 89 96 98 18 76 2 34 22 43 58 5 70 96 28 88 92 52 25 16 76 16 47 13 80 31 61 70 76 54 33 16 25 24 76 24 46 27 49 6 64 22 62 96 17 72 67 60 96 81 53 93 35 60 58 59 
11 29 54 84 3 32 37 69 74 9 94 54 2 41 12 91 53 13 14 24 27 22 84 22 20 49 39 10 28 15 26 89 11 32 31 28 34 60 40 14 15 10 51 48 64 52 94 4 95 50 3 54 73 94 67 70 28 84 53 54 77 3 13 43 94 88 98 41 36 58 73 53 5 89 83 57 35 71 84 38 44 99 53 37 17 48 87 46 65 50 29 6 4 59 68 66 19 49 97 24 
42 30 83 94 39 76 93 90 80 89 58 56 32 62 55 18 58 60 73 59 18 75 44 5 52 71 95 42 23 31 73 97 38 60 43 54 29 98 91 46 62 20 44 31 65 2 11 96 45 26 5 64 20 20 6 76 66 71 14 62 52 47 42 7 14 16 73 21 63 14 23 81 1 87 26 43 65 15 83 32 32 86 47 87 81 43 62 7 45 43 69 95 0 43 87 59 50 14 17 94 
74 86 2 77 14 98 3 43 31 32 76 41 62 33 19 96 23 69 30 5 89 19 51 80 71 32 98 12 21 19 70 78 41 69 48 72 79 45 65 60 72 83 62 96 7 37 92 0 14 91 60 71 22 47 45 98 47 27 65 19 95 13 82 16 53 87 12 58 39 64 18 61 43 59 52 93 72 87 28 47 64 63 77 28 33 23 51 37 90 70 49 55 40 25 87 29 9 96 56 24 
91 80 59 55 44 56 24 19 48 24 69 60 31 43 73 25 69 95 57 92 72 3 82 53 49 68 6 77 57 52 70 46 33 59 99 57 19 30 60 55 95 98 48 68 51 81 76 97 43 24 3 99 39 36 95 37 41 68 51 59 85 7 55 55 56 90 76 92 57 41 81 0 98 47 49 10 66 35 17 77 89 84 16 4 57 7 62 86 68 71 46 15 30 81 7 12 44 74 40 87 
25 78 39 15 36 22 43 31 38 20 2 48 9 4 77 20 98 91 21 72 39 68 6 30 39 27 34 96 14 93 0 83 36 95 94 83 85 86 55 14 34 55 65 23 31 93 86 10 12 59 81 93 61 66 0 24 37 59 72 80 5 49 16 92 12 49 41 77 82 93 98 20 35 58 15 34 77 5 31 68 61 81 58 30 66 59 48 28 90 30 32 59 53 88 0 29 55 93 77 65 
90 74 98 17 32 44 32 40 97 82 16 2 88 60 32 98 18 82 58 11 84 53 27 22 59 44 20 91 81 77 71 98 69 73 75 8 97 61 27 90 39 79 0 25 78 32 22 95 6 59 90 85 75 10 5 13 82 60 59 41 76 23 92 57 71 22 99 78 43 89 54 55 73 31 33 25 26 65 54 45 81 26 55 0 1 15 54 31 74 31 26 56 14 77 15 13 49 65 60 14 
96 40 99 68 5 28 77 61 8 91 82 97 24 3 23 15 44 10 94 68 19 71 45 83 7 93 51 91 78 62 0 45 30 94 51 81 94 37 85 69 44 43 39 91 42 26 12 64 0 9 52 10 94 39 96 11 13 82 79 10 63 25 49 74 25 60 6 37 1 42 29 27 99 83 21 22 3 11 95 20 3 55 21 26 39 75 43 36 38 59 84 11 2 10 24 78 44 48 91 40 
77 43 68 80 16 44 63 78 39 59 64 62 39 56 33 83 52 39 37 61 61 38 50 93 94 26 92 40 23 99 76 83 70 56 47 23 47 54 71 37 43 84 98 47 67 20 24 35 63 3 20 63 79 30 69 13 92 95 11 21 14 22 27 14 56 13 31 50 61 42 51 33 34 51 31 34 64 55 66 58 95 23 78 61 27 47 33 19 14 90 55 85 46 55 85 8 40 58 70 33 
33 66 48 58 92 41 13 28 77 65 62 89 32 71 92 12 89 29 69 46 7 32 53 71 90 72 26 62 85 91 68 53 19 20 10 29 98 80 49 4 2 90 94 56 19 68 25 15 25 20 47 23 43 91 53 28 34 7 62 63 20 53 19 62 52 95 20 85 19 82 99 79 47 66 40 42 99 80 63 79 44 28 97 69 27 53 91 7 71 34 8 60 31 6 30 51 11 14 32 59 
23 37 38 13 97 29 85 51 41 28 40 47 25 93 95 93 86 16 18 37 44 20 50 21 36 28 32 25 84 35 36 3 71 59 68 69 15 47 80 53 39 13 81 44 1 20 15 62 12 2 80 22 37 64 42 37 79 73 42 87 40 13 93 64 50 3 3 52 78 88 51 2 87 81 30 30 10 47 68 1 93 74 67 69 82 4 41 96 98 51 64 22 26 0 31 11 80 9 48 77 
68 85 56 74 73 34 51 72 70 43 1 90 10 48 28 94 88 35 11 4 95 16 21 85 30 84 50 3 37 0 27 29 87 36 24 10 75 18 24 83 13 45 67 68 70 20 31 90 6 25 47 26 65 10 55 41 88 49 54 25 30 82 84 3 75 39 23 69 71 95 20 10 77 87 86 64 14 2 27 53 37 34 19 53 1 52 28 58 49 47 46 53 27 74 82 0 86 24 53 37 
0 12 28 46 84 71 82 97 73 90 58 22 24 94 29 30 50 77 25 15 36 26 3 82 22 80 71 64 54 85 22 19 27 29 56 22 30 96 14 80 71 96 82 10 19 33 18 96 28 7 46 29 54 70 5 68 41 85 21 74 86 85 69 17 11 90 36 75 25 57 48 44 0 44 48 36 22 44 62 45 44 73 47 27 49 27 64 60 3 23 21 90 7 15 8 55 76 51 80 21 
55 56 82 50 9 10 20 93 78 53 8 93 65 27 4 42 15 9 67 62 88 43 78 42 16 69 85 13 70 24 91 43 51 52 21 45 9 18 49 17 10 85 74 54 23 33 76 81 24 29 36 65 73 77 26 99 89 38 20 93 74 29 23 70 26 9 69 39 41 77 45 15 82 65 78 89 42 7 48 57 55 65 61 22 93 74 43 76 51 78 67 26 27 6 18 37 99 87 37 57 
35 5 62 35 43 15 9 92 47 45 84 94 72 27 35 77 48 96 67 91 0 13 17 30 30 43 5 85 70 78 3 57 25 76 81 34 80 25 27 11 49 28 8 51 11 57 58 60 31 89 52 36 19 63 29 81 78 12 27 29 83 10 17 15 67 8 34 44 61 13 60 82 92 14 60 32 89 97 30 30 29 47 70 12 61 48 68 49 63 30 90 94 95 39 64 2 43 39 5 1 
35 37 7 68 49 16 99 15 36 22 18 33 58 48 87 27 64 56 2 19 69 99 12 75 5 21 0 75 71 83 66 47 57 12 38 89 87 59 6 81 91 3 99 42 63 82 50 64 7 72 99 46 13 36 66 45 94 13 49 86 91 78 72 5 63 89 23 22 99 85 49 93 3 46 49 16 83 59 90 75 82 78 66 63 66 42 80 48 16 1 38 74 5 39 4 65 34 54 3 67 
39 84 80 44 38 54 48 12 18 70 96 94 58 23 81 69 68 63 66 35 41 74 69 71 11 62 90 27 29 54 57 83 61 62 7 77 67 31 44 69 97 19 76 55 82 92 22 18 16 33 92 35 49 17 4 66 36 95 14 32 84 5 99 19 76 77 21 70 11 13 57 56 43 62 57 2 82 63 38 18 69 95 41 79 30 80 52 39 1 34 47 96 47 87 79 46 25 96 36 43 
33 32 42 32 40 3 85 88 27 86 49 6 15 13 22 76 54 81 16 57 21 91 47 38 79 44 19 29 75 74 50 94 73 88 92 10 36 94 26 4 32 36 42 74 70 62 59 5 69 70 78 49 72 26 88 55 83 24 9 87 90 13 48 20 19 49 3 98 4 3 1 83 25 24 11 37 11 4 64 91 65 61 48 66 26 83 67 18 44 36 73 33 95 64 70 0 36 43 39 23 
47 82 82 33 11 96 50 68 77 82 37 30 48 69 44 49 52 54 68 68 52 22 13 35 9 59 7 15 67 3 68 42 29 31 29 33 73 59 24 98 69 84 61 89 33 6 52 98 9 79 91 25 17 91 24 84 12 82 72 24 64 55 29 62 11 99 54 4 71 89 1 48 14 54 10 81 13 84 60 36 53 15 59 12 87 52 45 65 80 97 62 89 96 96 95 88 76 48 88 9 
13 58 85 30 36 44 6 89 59 47 98 75 37 32 50 30 24 75 13 17 86 17 95 82 70 19 46 11 41 92 16 17 48 6 83 47 51 95 94 74 87 71 93 20 4 88 22 82 34 34 72 5 25 72 7 16 10 15 94 80 16 61 46 4 7 5 8 23 40 25 5 31 25 32 76 67 30 17 92 84 37 99 2 84 93 71 24 11 17 11 23 3 71 33 34 21 95 23 72 43 
78 71 25 37 78 70 16 99 84 73 27 90 59 8 82 67 11 78 57 26 34 29 88 75 74 66 92 24 99 32 59 15 65 18 88 71 65 93 21 61 29 54 17 94 78 96 65 21 62 34 69 94 17 60 11 20 51 38 83 47 15 0 89 70 34 32 87 86 15 5 62 53 21 82 0 64 77 62 8 43 90 29 9 58 35 91 86 15 92 72 61 27 83 60 86 65 8 31 30 46 
98 47 21 98 17 52 73 9 89 8 1 49 68 73 81 99 67 44 42 64 80 75 28 78 92 78 41 44 75 77 81 18 37 85 44 76 28 48 16 49 21 1 36 46 95 20 8 40 69 38 78 27 28 5 73 88 37 87 51 78 16 88 56 47 57 56 48 28 98 66 61 3 93 69 15 67 3 44 0 10 45 57 0 86 7 65 75 49 62 84 16 59 6 90 58 80 36 97 21 82 
31 17 64 39 37 12 68 67 13 32 19 49 8 21 42 84 21 11 64 96 56 31 4 76 17 97 8 10 25 7 55 25 60 0 96 95 30 58 37 95 12 52 14 64 17 78 17 51 98 43 90 73 14 26 55 1 50 4 18 68 56 17 10 66 44 88 50 48 91 36 92 19 44 24 89 76 41 76 1 11 31 13 54 93 48 28 76 1 96 51 48 59 69 61 13 8 40 78 42 53 
57 4 9 2 54 47 64 44 27 0 78 10 3 26 48 16 47 96 80 65 11 34 14 63 53 34 1 76 63 42 68 36 67 23 38 28 40 7 47 33 3 92 64 85 31 92 48 37 10 92 15 8 47 57 15 99 8 68 10 18 25 72 16 65 13 53 93 74 5 3 1 50 5 33 82 31 89 48 14 29 49 39 65 67 81 80 45 28 40 22 12 73 98 41 89 81 59 83 28 72 
70 16 7 76 18 36 89 97 79 39 29 35 84 93 18 38 52 7 6 85 39 26 83 5 51 39 49 68 54 35 33 13 25 40 33 35 65 75 45 94 37 95 62 76 20 78 97 72 29 26 95 79 72 39 2 35 11 35 38 13 53 67 65 78 17 56 67 86 22 28 50 88 17 97 1 43 0 14 0 45 74 42 59 89 84 85 86 43 38 50 57 81 56 65 19 38 90 60 49 65 
70 1 36 3 13 38 22 74 49 89 53 26 14 5 0 76 93 57 52 28 49 87 90 43 44 83 65 90 17 61 38 18 4 4 6 84 37 61 53 38 1 56 25 39 30 84 4 67 5 77 89 19 91 29 72 76 7 72 33 86 29 85 51 94 64 40 70 39 67 25 73 53 71 65 52 63 72 32 44 3 96 34 56 64 72 78 32 31 16 84 64 69 54 73 52 52 34 17 34 95 
77 72 51 75 48 69 41 7 47 79 48 92 89 48 48 70 28 49 79 69 48 2 66 39 17 18 97 21 11 3 79 5 67 93 7 99 70 16 1 31 27 75 28 21 88 76 28 37 92 74 75 58 65 8 83 58 65 91 90 44 2 69 88 44 63 60 17 30 52 55 81 90 41 82 84 51 69 0 65 18 56 64 72 69 2 85 95 3 46 47 90 99 92 17 15 81 59 61 5 43 
50 32 59 60 83 82 35 13 61 42 63 61 6 53 40 51 76 45 21 85 33 24 47 6 12 14 46 7 70 0 86 91 73 97 55 10 76 2 54 16 63 80 30 1 92 16 69 91 10 68 14 29 61 9 55 27 2 61 42 3 77 29 94 34 32 25 95 32 65 54 1 75 23 36 41 99 57 82 37 54 44 99 98 26 26 70 3 63 50 56 99 9 54 84 47 3 55 95 33 9 
64 30 20 43 69 21 78 38 42 25 38 7 94 80 1 86 53 91 95 25 21 96 81 20 71 49 18 39 14 85 67 46 44 74 43 20 2 51 23 95 9 6 89 63 53 56 51 9 28 40 22 26 90 77 56 25 92 24 67 53 26 2 27 74 38 74 21 5 74 69 97 70 56 97 57 37 28 35 15 25 34 97 98 93 46 32 95 67 8 58 5 38 87 22 14 82 9 74 28 79 
7 25 56 82 7 90 68 22 67 58 63 79 44 62 85 88 19 51 39 15 7 81 34 85 99 85 67 13 45 26 86 57 75 26 91 47 76 90 28 18 35 63 33 50 96 47 36 15 55 64 68 92 69 6 36 31 16 95 60 4 98 70 8 32 61 16 68 3 77 51 66 28 35 24 70 63 89 16 87 23 42 61 26 51 39 30 16 87 65 92 3 83 81 26 89 3 58 71 49 11 
86 75 98 69 55 11 49 45 83 45 97 28 78 36 33 32 20 95 2 2 23 80 9 97 1 31 83 43 40 99 71 22 1 16 24 92 56 94 56 38 99 31 44 25 45 11 8 62 80 31 1 68 4 59 98 23 94 67 24 99 57 73 74 13 56 8 99 94 45 8 41 46 20 12 22 15 30 44 9 65 12 45 15 16 74 1 54 24 57 3 37 92 37 63 30 51 7 2 33 74 
42 21 25 30 58 18 16 5 2 54 94 55 38 28 58 19 9 39 0 89 49 56 66 18 55 42 86 94 40 30 16 45 12 32 68 74 86 19 30 44 72 65 60 97 77 54 71 88 60 3 98 97 22 88 7 12 95 15 56 54 37 39 65 55 61 43 30 85 3 73 19 87 32 93 39 54 38 14 74 12 91 94 74 21 25 17 76 15 53 48 90 4 41 27 12 95 12 17 75 96 
5 18 61 99 51 26 2 76 63 12 15 18 46 77 97 53 1 70 8 46 70 11 77 8 57 41 44 62 94 18 70 30 49 8 50 16 7 80 54 35 19 68 85 7 78 46 3 76 54 59 60 62 1 38 40 85 16 41 3 27 53 74 20 32 54 14 3 81 95 39 4 0 71 50 6 23 85 31 27 35 17 79 8 26 6 27 73 12 10 71 47 39 40 82 65 73 0 20 56 83 
16 51 98 91 42 46 12 45 46 95 47 61 17 40 80 47 66 77 6 56 63 60 21 81 23 0 49 82 28 62 29 77 52 64 48 55 84 56 92 65 14 94 41 11 42 1 92 1 95 51 41 42 92 14 61 14 79 21 52 11 72 20 66 32 30 59 76 28 45 29 21 49 91 55 58 64 8 2 11 43 64 79 12 22 40 90 83 42 63 73 21 35 35 30 26 19 18 14 68 8 
34 63 65 98 52 4 14 93 64 67 95 66 46 24 91 31 47 96 94 36 44 45 14 87 70 4 26 55 69 74 82 9 54 7 2 59 22 64 65 25 45 68 14 5 31 46 24 70 82 21 19 12 64 59 49 90 67 6 66 60 6 16 80 7 37 90 38 17 36 91 2 81 56 94 65 69 18 37 21 90 72 35 38 27 49 5 86 61 9 16 34 97 5 82 90 71 76 58 91 67 
70 5 51 69 91 47 95 5 84 57 32 3 9 92 47 13 99 69 23 35 4 95 38 66 79 14 50 88 26 73 37 75 48 94 10 56 8 48 6 6 51 30 75 47 78 26 66 5 60 73 23 77 57 53 37 80 59 19 27 7 3 77 6 14 75 79 12 35 59 98 16 99 22 12 7 80 26 91 99 48 90 36 21 38 3 83 12 23 17 36 96 0 84 96 77 35 62 74 60 17 
58 79 34 57 74 60 83 50 93 86 69 94 92 6 58 63 34 94 31 19 70 71 66 94 76 5 85 90 34 0 96 11 47 93 52 92 97 60 69 66 52 27 21 70 79 2 38 52 75 8 46 66 48 27 17 10 43 28 83 13 93 74 94 44 62 86 18 55 26 33 91 27 98 77 19 8 10 6 77 96 9 67 97 71 26 8 65 23 17 37 47 69 89 74 35 5 1 92 64 39 
73 32 54 87 91 18 15 49 21 33 19 44 80 90 43 12 53 14 29 34 87 87 68 41 14 49 67 70 58 53 41 11 99 7 62 91 51 13 77 41 28 31 15 3 97 16 66 77 63 49 99 3 4 16 28 11 70 48 10 74 21 35 58 12 39 44 87 45 63 74 28 71 24 76 86 2 27 99 28 96 95 9 1 9 81 76 25 71 75 14 52 41 4 81 39 57 5 90 41 73 
2 93 45 4 12 17 24 29 34 74 82 66 38 62 28 24 93 69 48 54 21 90 52 57 85 83 96 67 58 60 35 95 73 83 60 7 77 28 21 27 42 25 68 33 86 73 79 13 8 12 1 0 46 22 71 91 3 49 61 74 33 36 22 18 43 66 85 93 78 18 73 32 72 84 77 13 53 36 92 96 58 37 44 56 68 85 10 10 59 7 53 77 14 97 86 74 72 83 92 78 
87 99 15 5 71 67 55 30 91 16 1 84 68 96 89 43 46 87 66 0 80 61 10 57 93 87 19 20 52 58 36 53 56 76 48 26 48 74 32 79 98 6 16 78 57 18 35 24 89 68 46 73 90 67 22 29 75 86 13 4 0 32 59 50 78 55 12 38 38 49 93 0 20 0 47 38 9 49 35 68 12 32 57 66 5 29 34 54 11 34 63 61 27 55 55 79 28 42 83 70 
9 24 42 38 77 24 75 10 65 51 25 19 11 87 10 71 6 4 77 63 26 75 34 88 41 33 73 81 90 7 73 77 53 8 2 13 71 36 51 73 32 70 65 24 94 1 18 71 68 58 37 29 95 49 62 36 11 52 48 15 93 56 98 40 59 63 87 84 12 94 29 53 6 32 67 43 46 10 33 7 91 8 80 99 66 64 55 82 0 78 2 39 11 56 9 95 10 31 91 20 
24 53 63 75 52 80 26 41 30 18 39 78 8 59 67 62 3 24 17 25 0 30 73 89 99 7 27 33 50 2 99 28 73 1 50 14 89 37 96 58 54 90 95 73 42 57 6 46 79 2 95 90 64 39 26 10 50 76 12 6 52 54 79 89 41 93 50 43 1 13 79 5 39 92 59 71 13 68 29 18 13 32 71 57 6 87 73 81 10 97 24 56 83 5 22 26 83 15 31 85 
69 27 0 35 48 26 61 9 38 6 16 23 33 52 27 65 69 5 46 64 30 1 26 48 71 97 6 4 68 18 28 93 32 87 34 12 89 18 34 47 24 1 70 76 48 96 52 10 58 5 69 20 43 84 88 73 9 17 57 91 11 22 15 74 90 45 47 35 19 34 14 4 43 64 48 2 77 98 70 46 3 15 45 55 92 43 80 41 12 32 92 34 36 7 98 61 7 37 53 80 
1 36 4 20 28 91 26 32 84 24 40 82 67 47 35 49 29 72 7 92 96 64 47 82 47 58 58 42 40 83 57 96 47 18 82 65 5 90 0 7 46 72 28 21 3 25 19 54 22 64 49 19 33 80 78 62 57 21 43 96 44 15 15 7 10 39 58 56 65 53 50 3 14 5 32 53 61 94 29 97 16 47 50 42 28 96 25 7 61 77 36 28 63 86 35 76 25 58 81 80 
89 56 11 75 56 55 57 26 55 8 85 46 98 14 93 68 12 44 83 56 95 71 95 97 42 90 81 8 68 69 3 71 91 55 73 84 12 14 7 49 89 76 27 42 36 51 99 65 10 72 1 26 8 13 74 24 16 12 0 82 64 59 75 57 42 22 42 97 7 78 25 50 30 87 10 1 75 51 56 91 9 44 47 37 95 48 70 16 18 81 61 51 11 52 27 59 11 13 47 23 
72 7 93 52 42 43 15 46 70 3 92 91 57 73 9 16 60 21 47 6 38 7 20 6 92 36 81 53 60 96 35 9 52 93 89 64 81 66 74 74 25 94 35 72 98 85 27 35 20 3 4 86 2 88 85 16 60 31 70 6 47 92 40 48 70 92 2 57 99 58 3 20 85 75 48 96 5 93 60 3 70 1 79 35 58 30 16 89 85 58 94 74 24 3 16 35 90 28 52 56 
77 37 9 65 73 68 69 47 9 54 57 4 50 25 78 89 80 63 96 72 82 31 57 7 5 10 36 75 60 57 31 44 91 2 81 60 93 56 68 38 38 10 50 29 45 10 46 81 78 26 58 54 39 39 31 43 32 82 28 80 5 68 66 62 75 36 32 98 26 55 54 37 49 87 95 11 50 28 27 95 83 75 90 66 29 63 91 10 9 33 4 1 56 11 58 42 95 5 92 11 
62 48 71 99 25 55 96 90 37 47 73 7 60 85 32 77 99 49 86 65 98 61 64 99 29 75 72 39 10 88 41 74 40 85 66 9 78 72 80 9 62 71 67 51 96 42 12 30 73 15 64 15 61 77 27 73 49 45 14 97 41 49 89 67 5 77 25 70 17 73 93 24 86 0 67 86 43 53 42 46 56 39 77 66 85 13 98 64 83 36 88 22 35 32 54 80 87 5 34 15 
9 45 33 96 52 34 31 26 81 34 89 49 31 67 49 71 87 8 5 87 79 31 8 39 72 97 82 74 89 79 50 63 50 26 53 61 13 37 88 43 19 89 6 70 90 41 35 48 10 28 92 63 30 12 20 67 20 56 67 20 59 44 33 91 64 63 25 94 31 9 2 3 24 35 65 85 6 75 32 73 58 44 91 24 39 26 73 48 84 66 26 60 26 8 46 71 40 92 40 76 
20 46 76 55 29 38 94 8 62 76 72 73 0 16 21 37 22 52 87 78 87 1 62 46 29 16 23 58 57 93 12 67 32 77 48 14 56 79 4 24 18 84 23 37 62 16 52 14 39 4 86 50 90 50 65 35 85 38 34 37 24 66 3 30 66 28 24 45 63 91 61 64 14 7 89 77 3 0 10 41 27 57 62 76 39 22 41 95 20 15 16 15 12 92 66 69 66 29 49 11 
62 20 15 30 35 85 9 96 40 41 72 39 37 55 10 27 16 67 19 97 44 20 81 57 85 97 37 29 52 38 39 58 63 60 7 98 76 54 65 18 51 25 69 11 62 74 64 32 29 91 83 22 73 92 73 50 39 94 7 66 60 13 42 26 72 57 61 53 78 54 99 29 79 85 19 95 9 55 58 42 44 12 65 89 37 30 7 7 27 43 22 3 67 77 13 48 21 5 88 51 
92 17 64 34 24 78 24 71 94 36 97 34 27 32 88 95 10 72 69 31 64 21 44 77 65 53 41 12 4 10 86 59 14 15 79 36 19 66 9 28 45 58 56 7 1 65 26 7 11 53 13 16 98 18 22 59 84 31 54 61 43 34 5 14 20 81 2 84 87 35 50 62 39 57 49 18 87 49 5 34 5 73 32 11 66 76 28 2 6 30 48 0 89 16 50 95 31 81 91 97 
48 15 79 4 23 38 54 51 0 27 74 28 99 95 18 58 3 85 17 25 22 38 55 20 55 44 13 59 42 13 12 41 19 56 76 35 97 3 24 9 80 99 1 12 81 53 38 57 69 15 67 93 1 71 79 74 12 90 34 29 29 7 59 76 7 16 12 2 2 86 79 21 0 77 69 15 15 78 58 63 57 21 4 10 54 81 91 1 64 42 12 78 81 29 36 91 84 45 8 98 
21 21 43 74 58 89 56 12 78 31 48 57 18 7 81 19 9 52 32 34 72 68 65 78 97 5 85 58 82 2 8 86 54 10 43 45 49 79 84 12 25 6 17 75 64 56 30 73 66 32 50 29 26 56 59 12 85 97 12 44 30 31 40 39 10 80 77 1 26 7 2 38 21 32 73 12 3 38 43 31 10 37 93 65 16 70 19 4 2 32 63 6 16 56 20 69 76 30 43 3 
75 81 42 15 77 1 31 20 40 36 92 58 32 12 44 47 86 62 20 51 78 70 84 23 22 53 15 63 48 58 46 30 71 26 24 10 49 6 73 40 38 14 40 61 68 35 61 66 79 97 60 25 96 98 28 0 62 78 47 49 38 91 58 91 54 48 51 69 69 1 85 8 90 57 36 89 3 20 98 11 99 21 85 38 41 78 50 33 7 3 58 61 35 57 55 14 61 68 84 1 
50 79 24 79 15 23 12 30 64 41 84 21 10 99 65 40 83 29 40 73 25 16 9 72 70 48 16 22 19 59 67 0 83 29 82 2 61 61 92 79 87 76 51 97 73 76 22 62 33 7 92 64 13 22 11 69 56 56 90 92 52 39 0 94 0 2 55 80 8 99 48 4 25 99 99 63 75 46 28 66 16 1 3 39 62 39 70 38 80 73 97 59 13 46 67 22 49 53 74 10 
25 14 7 18 37 52 63 98 32 87 49 96 98 93 41 90 25 0 36 43 10 56 57 16 81 31 72 61 87 36 9 80 79 64 50 69 31 6 52 74 89 58 96 34 30 4 42 64 80 94 18 57 58 59 30 46 64 57 38 63 86 66 62 29 30 58 45 16 92 32 43 89 84 99 4 1 65 50 77 34 37 15 8 56 81 71 75 58 67 78 78 87 88 27 78 62 71 21 44 92 
47 36 45 92 20 1 94 60 77 16 60 96 32 49 86 95 14 45 94 16 85 57 56 1 55 3 32 34 81 60 87 1 72 53 13 94 22 70 74 48 77 48 1 69 63 22 52 31 69 99 17 7 46 74 88 10 22 5 74 61 76 26 65 58 83 19 30 97 16 93 36 76 93 96 17 97 92 52 57 31 7 87 17 12 70 25 78 30 74 52 86 85 61 61 28 47 81 34 51 89 
85 10 27 30 62 70 92 49 70 98 10 4 27 91 2 66 74 22 49 16 66 53 90 68 38 48 38 33 5 66 69 55 78 5 48 66 99 52 49 85 14 72 67 29 45 93 79 98 33 93 10 97 6 53 76 62 38 91 48 16 76 11 80 67 66 14 52 85 96 17 14 84 3 66 76 31 54 43 34 23 20 46 25 76 74 96 37 12 50 42 98 71 25 38 48 20 53 54 76 95 
61 76 81 23 73 24 1 38 89 87 45 18 33 41 10 62 99 26 36 90 64 97 79 15 28 5 9 34 3 91 83 7 75 39 15 29 24 2 93 53 66 72 33 82 71 19 1 75 20 84 75 51 23 76 69 40 37 45 34 23 9 74 16 78 2 13 84 59 21 40 58 52 78 42 90 4 19 34 53 6 21 76 20 79 40 7 66 72 89 51 96 85 90 35 74 35 44 38 28 25 
19 62 86 57 31 9 39 32 63 27 8 51 95 12 80 84 49 6 55 54 91 17 75 80 94 19 10 15 55 86 50 94 35 4 22 21 40 49 78 69 50 87 28 20 85 94 63 59 85 33 8 64 99 69 51 25 66 56 28 62 62 29 31 26 48 54 97 15 66 70 37 76 84 80 62 90 39 60 49 63 5 0 12 19 14 97 40 59 9 56 20 23 73 71 84 38 34 17 29 41 
15 48 21 72 38 96 9 52 22 80 17 6 67 4 49 14 79 27 29 15 23 14 98 58 73 48 58 6 93 39 88 15 38 87 34 2 39 34 27 95 41 92 20 24 50 83 13 50 86 46 44 45 69 37 25 32 93 29 8 93 90 25 63 58 63 96 16 97 79 9 54 94 48 27 83 46 2 99 21 34 67 46 75 96 70 51 55 17 74 80 57 56 84 56 98 66 99 9 14 14 
78 91 19 55 76 21 60 88 28 22 77 83 3 43 87 37 74 31 54 92 66 34 96 7 27 98 25 38 61 31 41 37 85 59 2 94 95 38 79 25 95 46 36 16 17 60 11 27 61 97 83 46 71 24 90 48 68 97 24 19 13 99 49 1 7 77 39 36 64 10 74 22 99 5 44 34 46 15 53 51 72 89 49 70 97 12 71 42 50 84 98 92 64 47 26 39 85 57 14 13 
12 33 43 2 29 57 27 5 69 91 15 49 42 59 86 69 30 64 7 39 77 71 4 82 1 9 28 34 14 63 34 28 49 71 92 46 71 37 2 40 10 73 74 88 32 79 40 15 36 6 6 16 81 49 18 52 84 16 83 31 90 3 92 62 62 52 27 89 72 29 5 24 41 75 42 88 1 65 16 59 59 0 39 36 91 32 0 75 26 67 54 65 33 5 37 67 51 36 56 60 
5 37 24 84 43 78 67 98 1 53 38 26 53 41 87 24 94 11 2 31 46 28 74 61 28 77 98 69 61 15 97 79 76 41 67 85 7 62 69 86 12 59 46 43 20 53 66 27 7 26 55 7 8 26 47 34 86 44 62 71 47 50 29 53 12 41 97 34 6 8 67 47 79 47 72 83 35 59 92 82 77 69 17 27 25 57 45 58 80 76 4 47 42 63 39 83 42 53 27 12 
54 58 54 34 69 34 27 25 23 85 53 52 40 76 94 29 47 49 12 62 76 66 11 46 24 44 84 92 84 73 93 42 13 58 22 55 14 46 16 22 83 54 8 22 0 72 15 86 45 94 59 0 72 83 32 91 51 15 24 61 89 45 83 18 87 82 71 8 43 33 95 65 95 18 83 36 54 91 59 17 60 84 4 52 92 13 63 10 91 98 19 29 98 34 69 41 26 72 33 52 
43 85 4 23 83 34 8 93 89 86 96 8 50 11 29 85 18 26 92 77 22 43 68 25 85 14 46 25 92 34 79 33 94 48 71 36 16 52 84 50 61 26 44 23 14 63 90 92 0 41 86 34 2 40 40 1 13 46 27 18 92 78 83 56 77 49 43 19 5 25 15 90 15 61 44 35 64 32 49 25 45 21 39 1 34 4 8 68 46 71 48 79 11 71 87 84 63 59 89 29 
11 69 72 86 26 25 24 88 25 71 97 55 90 20 61 71 99 19 77 58 73 11 25 73 8 53 72 2 52 72 29 61 68 69 1 65 66 64 96 1 64 98 65 14 66 33 49 44 56 33 94 32 77 76 2 72 27 60 85 53 73 91 71 52 58 71 80 48 64 12 60 67 62 3 90 59 65 76 86 91 5 30 74 38 38 53 35 91 53 92 48 38 16 40 75 13 9 25 90 47 
15 11 67 53 41 0 40 34 76 9 10 96 98 54 64 47 60 45 71 14 48 53 15 80 0 55 53 29 87 41 18 61 39 27 58 32 7 43 59 10 45 12 11 81 60 53 21 92 16 6 75 70 22 7 48 64 2 88 40 92 10 1 54 51 85 3 25 19 71 10 54 80 19 45 99 7 62 3 69 25 66 71 35 63 95 54 4 94 0 75 21 33 5 16 89 64 64 31 80 71 
62 87 7 95 35 52 36 77 21 84 0 57 68 24 87 0 98 58 18 33 61 68 36 28 45 25 18 9 48 87 55 16 47 53 68 64 59 57 39 69 63 4 78 56 44 33 58 98 39 16 25 2 81 32 45 23 77 42 38 13 69 63 1 57 10 88 90 87 86 68 75 99 95 72 34 15 5 46 26 12 6 90 60 76 89 49 59 39 29 6 85 1 92 31 92 38 44 36 29 51 
72 42 2 28 98 94 42 86 96 95 21 75 0 41 69 60 4 16 44 7 10 57 62 16 4 15 82 45 52 40 76 4 70 17 94 52 70 44 4 40 19 24 28 59 96 30 26 45 39 14 86 25 35 35 79 27 90 51 52 67 86 47 97 51 23 15 12 78 50 60 97 42 40 33 19 7 18 83 11 80 72 5 22 73 68 44 78 94 96 96 97 7 38 30 22 20 39 70 8 87 
54 48 32 47 87 31 17 40 63 90 78 5 41 67 44 0 13 88 40 68 65 48 3 35 49 62 20 62 55 72 46 66 14 42 27 68 79 12 0 85 46 10 46 19 14 26 31 98 59 3 49 22 30 60 72 31 34 19 31 54 66 51 49 76 71 80 32 41 68 17 98 75 87 98 70 74 13 92 81 30 33 58 25 55 89 69 29 52 25 37 95 96 64 61 59 84 77 29 36 25 
30 75 60 85 55 76 11 51 0 56 76 36 79 51 92 88 33 21 50 58 27 57 23 11 70 33 2 3 94 21 63 5 6 57 58 64 96 31 33 86 54 58 21 98 14 19 73 36 50 82 99 84 91 13 65 47 63 15 59 81 0 24 9 56 95 86 48 67 69 83 0 71 56 53 8 66 5 91 33 0 21 66 92 75 14 42 3 45 19 3 30 41 46 34 70 10 93 68 37 59 
39 84 83 56 13 15 45 36 92 65 72 76 20 3 64 46 38 13 26 65 10 45 34 48 33 15 81 89 56 90 90 76 56 18 87 84 25 63 63 9 32 71 58 15 90 4 4 54 81 24 57 94 69 69 81 41 68 31 79 7 73 55 23 61 43 1 89 53 88 33 80 60 88 71 62 57 24 65 56 98 74 77 58 77 55 51 29 65 7 74 4 68 20 49 4 35 5 17 99 51 
63 46 98 6 36 27 30 4 20 62 48 51 94 35 91 13 57 19 23 7 82 8 0 33 39 39 21 21 56 11 65 60 65 32 38 71 1 98 68 9 33 19 96 57 60 30 58 95 58 13 31 28 38 57 47 54 68 9 18 88 22 65 9 13 11 76 12 82 14 76 29 91 12 44 99 71 4 89 93 39 70 93 37 59 62 14 60 6 2 23 54 7 7 24 81 9 7 10 79 48 
19 53 61 16 36 29 83 85 3 10 36 84 97 64 48 13 22 69 61 21 2 97 78 95 93 33 75 29 27 83 24 44 40 85 88 48 77 10 18 37 44 20 97 26 76 80 89 2 31 44 4 61 86 95 58 71 42 34 85 84 67 89 16 59 78 28 97 40 3 11 33 64 95 43 23 55 34 15 4 17 12 29 82 35 72 62 82 32 58 5 40 40 85 42 9 85 44 38 86 68 
79 68 43 53 32 7 61 12 63 19 61 55 97 78 90 18 4 92 90 46 91 20 75 53 39 68 44 53 63 67 17 31 60 2 50 90 12 69 64 4 16 98 8 51 35 77 62 36 17 62 9 92 3 53 28 72 45 13 48 7 70 35 91 54 66 11 72 75 2 51 20 52 4 66 85 86 49 80 64 45 47 1 88 19 2 43 37 33 45 67 71 96 77 94 75 20 10 80 50 77 
47 10 20 43 35 61 15 44 75 2 69 86 86 79 91 18 34 94 47 99 45 40 47 40 76 60 47 98 35 78 44 8 37 66 94 51 81 62 43 84 93 63 53 95 91 58 74 22 1 45 70 23 80 87 29 2 72 86 13 87 77 15 2 55 74 8 72 4 39 1 33 6 96 75 24 63 13 8 41 3 6 66 90 48 11 16 25 55 44 50 86 72 1 93 88 43 38 18 23 27 
