36 98 51 53 21 36 5 41 47 75 94 73 30 69 16 70 61 17 96 36 69 54 69 73 36 77 0 92 37 83 66 85 45 96 73 68 38 21 15 91 23 92 43 25 41 57 50 93 73 51 9 12 78 25 8 82 67 62 10 9 4 35 6 99 53 67 61 53 60 96 48 61 9 64 73 62 14 6 21 88 44 6 21 49 87 90 33 50 40 99 52 55 85 92 30 78 53 89 10 37 
82 30 56 18 67 93 42 3 14 53 5 58 98 4 6 18 84 19 65 2 35 81 42 1 81 74 95 36 68 21 74 96 13 23 62 15 59 25 91 44 11 36 45 57 87 40 25 61 97 11 64 58 22 82 52 32 71 36 33 74 14 34 55 5 71 8 28 99 69 62 52 54 27 92 59 1 28 98 58 62 3 66 22 57 35 92 38 36 47 64 44 87 72 86 10 21 90 51 48 75 
79 14 40 45 90 58 93 63 97 6 41 11 21 48 39 0 38 50 7 76 9 77 27 57 12 16 82 72 10 82 55 35 31 15 93 96 74 0 72 71 96 79 58 5 84 21 46 42 53 7 57 56 38 59 91 92 5 8 5 88 53 63 17 30 32 8 97 68 33 20 51 44 59 12 16 50 67 13 16 96 66 69 38 53 61 27 45 93 80 34 25 16 17 60 41 37 79 21 97 57 
63 16 92 95 45 14 8 58 26 20 57 65 56 87 83 87 79 95 67 12 27 46 79 70 46 95 69 87 67 29 53 70 74 54 57 55 10 78 83 17 25 70 77 46 32 29 16 49 6 12 69 32 33 77 91 75 62 66 11 5 84 94 16 83 20 97 48 85 71 48 70 18 9 88 56 23 97 11 76 40 5 90 41 53 78 77 37 58 63 64 16 70 47 55 52 21 64 9 99 1 
39 12 24 29 33 32 45 71 79 33 29 0 77 78 1 41 71 11 45 60 96 13 36 87 34 68 51 8 19 50 18 74 19 47 16 27 65 59 62 91 74 75 53 8 4 50 75 9 83 60 62 92 50 37 59 83 51 42 86 11 4 16 47 68 13 3 5 92 50 62 65 6 35 69 17 20 49 52 89 36 10 54 61 7 24 24 8 47 2 27 53 75 87 99 64 5 83 89 4 15 
11 92 11 97 9 91 9 65 16 58 76 88 49 38 94 64 98 30 45 19 14 96 32 79 76 91 55 62 89 58 9 25 48 72 63 35 41 6 68 47 54 78 67 53 51 9 69 96 96 75 32 34 11 1 22 16 64 84 2 42 77 77 40 93 10 56 87 85 1 56 24 73 94 50 68 80 0 74 50 47 87 11 70 49 13 79 81 82 50 66 94 2 33 29 0 64 52 94 17 62 
91 66 87 64 72 84 85 73 41 60 48 96 50 58 62 79 33 76 79 80 79 61 22 29 97 52 14 89 10 72 26 47 71 45 94 7 8 15 27 95 45 9 0 32 9 33 50 97 46 30 9 54 73 58 84 29 3 61 27 29 33 41 22 40 63 52 97 71 31 15 42 99 80 44 58 86 37 50 8 30 56 51 87 93 71 7 42 98 17 84 69 84 12 81 81 32 17 58 67 27 
48 88 46 92 75 37 98 27 45 27 49 35 28 73 44 89 82 62 97 93 66 4 56 25 83 8 19 4 81 85 34 88 12 66 22 11 53 44 12 34 93 10 57 20 53 75 34 73 0 41 21 94 3 83 94 36 62 2 87 95 93 4 8 10 86 53 64 80 30 1 48 56 86 13 16 20 55 84 27 22 91 30 54 36 11 68 37 71 74 43 70 38 23 34 22 84 78 81 94 46 
22 96 37 21 39 46 50 95 14 14 84 84 74 7 40 80 66 84 63 59 58 7 60 85 66 45 28 47 8 14 41 81 2 29 0 60 44 23 14 27 75 56 85 78 70 58 58 10 40 41 34 3 31 75 85 79 83 88 98 74 41 20 37 18 73 52 77 81 42 51 42 53 9 18 25 68 53 94 93 0 34 64 67 81 51 53 73 24 89 63 92 82 20 60 17 41 32 97 60 30 
80 42 60 76 53 60 26 59 3 63 97 85 75 61 97 9 92 50 91 13 68 18 85 26 65 96 19 61 37 13 28 28 22 67 4 78 98 54 90 27 78 8 94 87 19 56 46 12 38 43 8 94 28 17 78 7 9 89 85 15 10 98 47 6 73 36 48 7 68 56 42 23 20 75 8 19 51 54 24 58 15 34 65 74 6 8 87 60 95 68 92 94 99 97 67 98 15 20 31 32 
47 38 62 40 76 7 70 84 50 41 24 50 33 65 3 86 69 88 52 67 80 23 20 47 78 43 29 12 47 91 96 13 84 53 46 41 75 13 45 78 56 55 30 37 8 70 1 49 41 99 61 77 62 16 20 82 21 42 57 69 74 54 24 65 18 3 77 3 87 99 69 55 6 82 10 70 2 23 74 44 47 70 93 52 87 66 46 62 28 24 94 25 82 75 99 65 50 73 93 70 
98 6 14 89 27 56 15 82 57 91 9 7 66 10 77 60 78 32 88 76 57 64 74 43 34 91 41 8 78 32 52 97 72 38 20 12 47 28 91 36 60 41 91 65 79 9 97 40 36 36 71 35 66 85 79 32 38 2 73 19 96 94 95 12 12 35 67 17 51 30 96 13 40 75 48 66 24 77 57 77 8 97 95 76 70 97 46 35 47 9 89 41 88 25 54 52 38 34 2 51 
54 9 11 93 72 56 40 56 35 0 13 59 14 35 56 58 18 55 35 41 60 10 51 47 68 72 44 93 46 69 42 88 64 31 36 67 44 52 98 96 7 88 40 81 94 70 57 98 45 95 54 77 17 35 24 64 82 30 3 50 77 10 75 53 53 7 58 68 21 23 56 45 65 24 36 15 93 50 40 71 23 41 66 12 75 46 44 10 65 81 17 16 86 87 93 36 54 65 51 99 
77 1 84 48 92 79 15 38 2 95 43 10 80 93 57 85 97 41 50 58 18 16 63 55 33 70 87 13 26 85 41 73 2 14 23 44 4 7 46 70 94 17 47 3 73 71 61 50 27 47 52 42 0 47 37 38 30 90 91 52 58 24 73 77 28 55 17 27 74 7 53 34 80 1 68 61 57 75 67 60 54 23 60 86 35 98 54 77 30 43 35 76 65 24 83 36 34 50 78 13 
5 63 75 99 20 57 21 25 45 22 18 81 77 95 55 38 71 77 16 61 65 24 56 37 95 78 87 53 72 24 57 48 93 7 42 37 86 98 64 86 43 10 44 49 8 22 57 32 21 8 77 50 77 63 62 72 84 22 24 37 78 70 39 29 66 87 68 62 95 37 87 65 26 20 27 11 3 92 86 67 92 63 78 11 56 55 60 81 69 49 55 68 65 74 80 82 45 0 22 97 
38 16 83 1 23 49 69 52 63 97 33 61 17 30 15 53 33 92 32 15 77 61 56 69 20 94 8 87 9 92 56 36 55 45 52 63 60 75 24 32 99 89 91 55 27 13 36 59 21 66 24 87 0 12 27 5 79 48 83 16 38 56 45 16 95 30 57 6 92 28 1 18 4 56 92 52 78 97 4 50 74 1 89 0 23 36 52 11 55 94 37 96 1 4 19 12 89 49 40 80 
3 82 27 50 77 18 68 40 22 84 45 26 26 90 83 11 93 55 71 68 39 47 73 15 33 29 88 77 73 5 71 86 1 99 52 46 66 28 59 37 8 60 61 22 25 83 98 71 50 32 71 60 99 58 28 50 27 5 53 2 99 69 95 22 63 18 42 59 95 32 1 12 75 87 49 18 58 5 61 89 67 83 65 78 51 13 78 69 5 90 2 84 32 47 24 72 53 63 50 52 
69 51 5 32 63 83 21 31 61 9 69 29 38 75 17 90 52 59 67 95 53 22 39 30 12 74 74 15 65 74 52 62 67 98 84 47 69 10 8 57 14 13 27 10 26 54 11 37 5 12 42 45 82 59 59 53 21 54 64 16 25 70 8 68 81 87 86 1 84 82 32 27 74 3 1 48 48 15 83 67 27 52 21 90 33 36 7 73 93 19 52 35 84 93 29 20 52 32 67 63 
64 62 31 82 12 61 67 45 22 38 56 67 9 91 58 95 41 73 83 85 35 69 28 19 87 27 84 78 91 11 11 25 57 94 98 38 40 73 3 26 59 51 75 34 23 73 78 79 34 73 71 58 67 5 21 40 76 6 26 39 94 2 13 70 76 1 45 82 19 50 55 14 96 94 0 3 17 11 5 87 73 86 11 67 54 89 63 95 54 47 92 79 98 16 34 3 24 97 3 10 
51 7 72 79 31 28 51 51 88 79 70 23 8 47 27 61 71 50 21 72 50 18 45 77 53 93 38 23 70 37 58 27 87 26 10 21 30 59 60 98 39 86 75 10 90 36 98 31 7 20 69 14 58 67 60 22 90 9 61 83 41 61 80 77 16 82 89 97 13 12 50 67 54 41 86 65 24 86 89 74 60 60 13 22 97 27 72 41 78 71 7 63 25 26 62 43 80 55 69 55 
30 24 99 22 30 14 44 63 16 43 16 61 8 28 98 24 83 40 98 71 35 17 15 98 10 34 80 50 94 53 13 98 64 49 33 72 70 79 25 1 65 36 87 73 39 86 4 67 25 40 78 56 24 55 99 12 73 42 34 65 19 52 87 87 52 93 33 97 62 6 41 66 63 77 22 62 19 57 15 59 94 33 36 11 54 51 37 59 89 82 39 93 93 60 93 9 63 6 2 17 
35 33 7 39 99 59 0 87 94 64 18 97 90 17 84 28 39 10 14 44 26 11 1 50 35 17 68 5 94 90 62 58 28 95 77 87 56 92 18 49 19 65 2 37 42 67 17 72 13 0 81 33 17 91 74 55 6 96 55 42 73 28 19 59 61 91 69 7 46 1 60 23 31 15 63 22 69 70 57 15 16 89 64 14 85 40 3 36 80 31 32 77 82 19 34 26 99 23 76 15 
74 59 62 90 73 34 29 89 91 72 70 4 35 42 21 35 82 56 52 30 8 63 81 94 71 13 55 43 17 90 26 18 7 57 80 74 5 74 0 33 84 92 17 92 66 25 50 31 93 21 68 81 86 93 51 96 15 5 82 35 67 24 50 49 73 98 90 38 60 87 12 35 25 70 73 6 53 36 81 62 25 98 57 68 23 23 98 11 87 43 35 34 13 53 50 63 33 72 23 50 
52 93 68 38 45 26 68 83 17 69 50 49 50 62 73 20 38 19 78 61 50 87 21 75 36 9 60 41 34 14 92 91 76 72 81 39 77 96 20 63 21 22 31 64 1 79 25 33 95 80 87 55 32 81 65 7 19 52 57 55 92 76 69 45 97 8 27 30 76 32 30 29 77 22 98 42 37 56 41 78 71 5 52 96 21 85 84 81 99 43 49 96 80 26 74 3 33 49 22 54 
62 34 22 70 41 28 97 4 14 85 4 35 17 92 74 74 34 76 71 58 82 40 51 52 68 80 14 66 75 7 18 84 15 86 72 53 78 66 74 33 48 74 16 57 33 36 25 5 50 8 17 74 26 36 45 64 55 38 55 41 27 63 34 11 80 21 76 79 99 63 50 98 20 15 31 40 95 65 9 62 73 90 93 68 99 56 49 0 98 80 75 9 74 59 31 24 24 17 81 63 
61 39 76 95 1 44 58 83 92 75 2 9 40 11 90 89 11 22 56 15 87 70 75 90 7 41 1 62 79 40 24 22 31 18 46 43 60 17 57 63 23 90 51 33 78 73 53 28 52 56 22 58 33 88 11 15 98 15 76 26 74 0 93 15 21 88 18 18 91 39 76 59 33 38 37 79 12 66 82 13 58 44 11 68 16 94 90 85 0 27 56 40 96 27 96 79 55 69 57 21 
21 28 82 32 77 75 80 82 92 56 93 18 7 76 54 38 41 1 38 43 72 47 44 83 25 95 29 54 70 49 31 76 67 17 29 42 55 57 68 35 68 29 25 85 25 35 53 24 39 31 37 42 54 17 81 27 42 66 3 87 9 45 76 30 43 27 23 96 47 9 93 89 79 52 4 66 79 72 14 1 38 30 20 5 31 40 12 2 18 79 55 67 1 39 31 56 24 20 93 2 
10 49 82 49 30 72 4 22 18 5 10 37 63 84 39 97 97 88 78 25 53 94 73 25 12 16 6 18 14 82 83 49 43 98 1 83 84 23 26 85 33 49 53 90 29 35 2 25 63 97 34 43 44 46 61 30 24 25 15 35 77 40 60 97 62 77 16 10 1 20 49 62 60 52 90 41 48 5 0 34 10 35 63 86 77 93 83 93 65 12 71 83 74 41 10 9 92 68 0 43 
2 55 15 1 16 62 7 65 29 32 14 80 72 70 88 46 75 6 51 99 69 91 30 99 25 83 7 30 32 25 93 53 1 76 11 92 91 91 90 24 39 35 76 22 56 34 2 72 15 69 96 8 54 40 11 75 12 41 8 72 66 58 70 33 77 75 80 60 27 83 28 38 42 82 38 97 15 95 33 4 71 18 7 51 80 5 8 58 13 75 93 58 19 89 13 34 67 64 19 80 
4 83 17 52 95 57 72 44 47 49 45 37 14 38 56 0 49 61 15 89 67 61 25 16 26 93 72 97 5 0 12 26 49 33 52 1 84 28 38 84 94 93 42 91 40 27 35 73 15 84 97 99 7 23 94 51 71 86 0 89 86 57 58 82 2 74 67 79 92 11 11 36 80 89 59 12 42 34 23 55 69 82 22 41 28 69 66 7 14 12 21 67 98 92 83 73 79 83 64 67 
92 2 24 1 67 98 73 33 39 92 54 9 20 63 62 62 86 87 2 67 92 15 58 75 62 78 93 67 9 30 16 8 90 49 29 14 33 49 60 49 47 79 78 69 51 31 88 63 65 81 78 24 88 71 9 20 53 33 17 99 99 89 99 95 17 48 62 24 2 32 36 74 75 57 68 47 90 90 81 72 14 39 94 9 31 56 40 95 47 63 71 54 33 62 25 55 65 44 83 15 
72 73 49 48 62 4 48 92 45 80 22 4 4 98 97 31 92 78 52 87 13 86 23 15 8 87 9 30 91 63 99 14 21 63 54 36 40 82 61 64 1 69 56 68 39 40 29 2 55 9 17 37 46 72 60 47 31 67 37 24 78 14 43 22 41 58 9 26 38 97 9 58 21 25 42 27 16 67 76 77 16 57 43 12 6 67 24 49 86 1 63 98 2 90 63 14 98 77 4 29 
43 43 6 14 81 48 35 38 26 29 15 16 48 91 9 5 46 41 41 66 73 91 12 36 72 97 99 71 70 78 72 82 7 59 25 14 34 7 58 80 89 24 78 56 70 81 96 28 13 41 60 14 33 36 79 45 19 93 71 49 16 44 76 44 7 1 54 76 75 64 12 58 54 98 80 73 10 64 89 20 83 63 81 16 53 32 62 90 39 81 23 11 73 63 22 0 50 41 73 28 
17 85 93 64 96 49 91 50 45 41 73 78 60 19 55 69 98 11 27 62 57 16 50 61 52 51 12 58 72 99 9 71 78 64 37 49 87 56 33 12 26 79 75 53 45 73 60 80 11 69 12 74 24 36 69 44 45 24 59 49 69 79 80 80 24 67 84 90 60 11 15 23 17 77 54 58 61 1 18 62 12 66 91 29 52 24 48 12 88 98 71 61 98 97 56 72 98 53 41 18 
42 25 33 22 95 33 73 92 1 63 10 98 33 99 40 88 17 48 43 56 66 22 0 75 78 89 26 71 89 81 21 58 53 24 34 89 47 46 33 48 11 67 4 85 55 90 41 39 56 60 29 77 34 74 62 63 58 39 66 72 32 45 72 21 77 15 88 9 69 44 70 41 5 6 84 54 97 0 41 53 32 56 0 14 64 67 44 16 44 44 71 16 67 68 46 48 95 90 49 10 
73 54 24 44 55 50 21 50 27 54 95 35 70 20 6 48 41 14 7 87 42 18 58 78 55 42 95 66 46 86 58 27 80 6 71 21 96 88 8 21 90 38 24 4 93 80 12 35 56 89 75 51 84 58 28 47 26 87 47 60 63 57 11 1 89 59 22 59 88 61 25 22 9 78 88 45 13 16 74 70 81 70 16 77 60 77 3 15 63 27 25 42 8 76 88 15 13 5 95 71 
91 19 36 50 20 92 15 93 42 57 99 22 69 31 94 85 28 69 24 49 87 14 94 43 7 59 88 26 39 69 40 56 22 32 93 76 68 2 72 13 53 77 17 34 11 46 80 90 4 44 18 89 0 36 90 88 80 11 33 30 35 73 13 43 27 19 0 45 44 59 92 56 9 73 70 90 15 22 16 65 62 61 3 84 49 10 49 92 5 78 97 66 45 6 40 47 85 11 80 8 
16 46 16 0 6 50 27 84 66 95 76 37 44 28 9 58 26 18 74 60 24 98 73 42 62 56 48 9 61 94 46 26 1 49 50 78 1 67 76 78 27 4 41 59 17 68 93 38 0 13 47 23 9 49 73 15 53 44 68 29 89 31 26 31 53 83 6 48 77 95 89 12 2 51 26 74 42 23 27 29 86 76 42 66 22 29 64 9 62 20 1 26 60 34 40 30 47 96 98 62 
46 92 25 67 47 7 53 83 10 44 7 43 76 85 44 69 25 53 0 23 18 6 19 13 63 3 24 72 28 0 76 55 49 93 29 63 23 36 40 9 37 39 44 95 7 90 73 63 6 80 19 66 20 16 94 61 13 46 33 76 58 43 29 92 53 17 69 59 73 75 85 37 71 24 71 45 62 2 16 8 11 56 46 54 84 0 5 63 54 91 12 75 72 38 46 61 22 70 97 59 
18 86 78 71 21 35 45 94 1 64 67 90 86 40 61 6 35 41 66 70 22 50 89 68 23 91 88 73 48 99 17 73 20 2 19 6 86 56 0 14 29 22 84 42 70 76 27 18 44 82 91 91 54 79 48 36 33 47 18 28 84 40 89 15 58 51 10 31 67 56 64 84 29 83 36 35 96 20 66 63 91 41 69 26 41 87 25 27 80 82 34 55 9 41 56 9 49 66 89 89 
54 81 19 29 61 87 55 19 58 12 80 17 4 61 88 62 44 96 7 0 44 69 42 34 68 66 51 20 63 37 66 17 2 28 59 8 65 10 12 6 15 8 62 63 88 86 7 79 41 79 72 87 87 82 80 40 96 95 90 51 7 62 47 70 24 46 5 58 94 24 17 33 16 12 88 62 26 92 24 50 50 57 46 29 51 59 89 6 25 25 13 51 5 95 16 1 98 61 29 54 
7 33 12 60 7 81 90 77 11 55 69 71 43 32 78 38 20 2 16 83 15 66 76 36 90 66 91 49 27 87 23 81 81 41 10 2 31 13 51 49 50 15 79 57 86 26 3 1 88 85 43 20 91 79 22 1 73 29 91 80 79 83 63 31 99 84 31 68 88 29 77 26 27 81 26 53 13 70 43 47 65 75 88 85 32 9 16 47 10 42 71 11 14 24 48 35 25 98 59 57 
43 62 22 95 2 23 50 59 15 83 72 44 2 40 40 37 50 10 42 81 69 24 60 24 21 68 96 30 67 16 18 90 19 94 31 16 52 46 30 66 77 63 83 35 64 11 23 96 18 92 36 52 31 99 54 87 52 58 77 31 78 36 35 78 40 91 0 94 92 87 48 86 46 93 92 36 26 58 33 36 71 9 54 16 51 51 85 27 49 46 48 59 89 59 71 62 51 68 12 37 
86 48 54 60 34 69 63 72 40 76 98 54 69 3 72 36 66 32 56 29 22 40 52 5 76 82 26 66 95 52 5 28 43 31 69 52 10 71 20 7 6 97 21 9 5 93 53 48 55 94 73 33 70 92 55 6 60 67 4 9 44 57 97 92 82 2 16 77 40 59 66 80 1 81 39 79 62 14 46 65 78 85 78 70 58 6 71 38 72 44 9 67 31 10 1 61 99 95 25 84 
51 13 31 68 44 93 92 68 20 52 87 39 3 89 16 96 40 66 37 48 88 8 48 38 14 55 77 6 71 8 90 36 64 57 57 58 68 91 24 37 87 10 64 93 79 54 34 92 75 40 77 29 1 83 2 79 52 16 8 39 85 71 13 62 65 67 12 79 52 36 15 6 0 4 84 96 65 25 54 62 4 44 99 76 6 96 51 5 26 1 96 81 73 47 28 10 61 36 50 31 
84 84 80 50 90 30 13 87 33 16 94 65 5 78 31 94 15 5 47 18 82 34 95 60 44 32 43 51 28 66 10 21 96 96 41 33 82 40 61 47 64 36 48 54 49 23 24 94 52 1 46 14 59 87 46 75 52 18 68 49 67 82 47 65 69 58 84 17 31 95 65 64 53 98 74 5 0 73 11 65 18 72 35 14 25 48 77 71 32 1 14 61 73 89 42 53 58 96 70 11 
17 41 13 1 5 8 5 49 51 42 16 30 24 6 44 26 77 21 36 27 61 37 64 95 2 5 95 82 31 92 94 58 84 7 76 27 34 12 72 10 25 24 47 58 95 91 3 49 6 59 22 68 61 18 3 22 75 0 54 55 69 72 90 52 5 1 52 17 6 13 49 69 2 97 64 57 65 80 13 43 29 96 25 89 99 0 87 67 71 25 58 18 94 51 24 77 11 20 19 91 
24 18 74 98 95 52 82 74 17 23 41 22 28 50 83 32 87 8 7 82 98 47 1 55 45 49 69 46 98 2 10 39 41 33 56 92 43 64 34 98 4 5 65 92 77 51 57 38 50 92 57 38 93 16 89 59 99 45 33 59 55 5 13 27 52 29 43 36 10 23 76 60 0 42 23 81 48 85 27 93 55 9 3 67 19 95 55 97 50 61 60 39 65 35 68 59 97 74 51 9 
28 36 48 29 84 83 32 10 3 78 24 25 14 44 46 58 4 32 51 11 33 8 98 71 8 50 98 84 96 4 31 8 54 91 78 48 16 74 72 22 4 48 70 33 88 47 90 91 0 91 76 78 33 66 30 26 25 17 20 54 46 55 9 60 3 92 10 38 33 97 95 87 70 54 35 58 44 4 75 69 92 48 92 56 73 15 77 1 15 24 30 64 22 23 39 14 92 23 79 91 
50 95 93 62 86 40 80 48 62 30 45 85 55 99 5 41 25 36 31 15 10 6 48 82 77 76 54 74 92 88 70 70 27 47 53 97 27 33 49 57 71 4 79 90 62 52 12 69 73 67 84 49 66 81 46 86 74 47 50 71 39 71 91 83 36 31 9 32 33 75 9 84 38 44 30 93 44 67 97 83 10 89 0 3 72 16 16 21 25 62 94 58 33 5 34 11 62 54 87 31 
37 25 10 63 79 61 14 94 65 16 27 67 7 42 78 36 75 59 1 50 82 18 28 78 63 4 10 10 97 24 91 80 33 55 58 7 55 99 91 80 13 92 60 46 16 67 87 33 16 43 2 31 14 44 22 36 52 1 53 40 15 49 27 26 79 90 42 31 36 38 85 99 73 65 2 20 66 2 36 65 66 46 35 40 60 98 57 87 12 41 13 3 66 33 34 71 59 64 10 96 
41 86 59 57 56 89 50 28 28 89 30 97 57 65 72 86 12 10 13 16 56 86 31 10 13 16 55 39 20 98 90 65 27 51 10 79 38 2 20 83 22 62 84 52 81 44 69 25 71 34 73 31 87 82 63 79 29 34 39 52 34 64 1 47 68 9 11 52 20 22 44 40 9 95 13 7 63 12 37 48 12 96 91 27 5 87 20 98 0 23 2 79 5 11 13 21 83 32 63 85 
65 51 45 92 32 19 0 34 50 75 41 56 59 51 57 92 3 79 68 69 56 19 64 55 62 41 48 76 32 60 77 13 33 39 97 74 43 6 2 92 86 26 29 24 80 54 64 40 72 81 25 61 73 55 48 33 32 36 51 72 56 30 96 26 40 85 94 99 71 51 11 97 12 74 73 1 88 27 76 72 60 1 60 57 33 97 48 28 67 94 18 12 74 80 35 36 39 37 17 47 
58 24 87 58 95 74 61 43 75 89 25 15 79 94 97 6 39 78 26 10 16 97 32 73 46 44 47 52 70 59 66 9 27 56 62 43 31 97 5 45 39 92 46 87 6 66 48 7 96 95 15 3 54 40 63 70 85 24 16 34 35 63 60 49 39 43 67 71 9 65 64 11 98 20 81 28 73 4 8 58 93 11 83 96 53 2 65 28 38 22 2 69 36 45 9 41 40 13 43 23 
80 81 55 54 75 21 36 71 42 44 27 3 63 53 37 29 77 77 83 78 73 68 64 2 32 49 35 94 17 63 62 39 60 97 82 58 38 48 24 4 39 71 43 23 50 19 51 1 23 76 77 61 99 96 68 32 11 67 55 31 2 19 68 42 21 45 33 82 40 79 61 6 83 19 9 10 72 0 3 69 79 91 62 53 67 1 44 52 26 75 65 78 40 74 73 88 68 45 15 59 
36 27 62 49 54 37 37 27 99 87 10 80 27 62 8 9 77 15 97 78 84 97 21 35 18 20 28 50 96 61 58 28 99 72 53 95 29 25 22 11 6 74 88 39 45 45 69 90 74 98 99 49 94 74 58 43 73 82 86 64 34 41 8 38 43 59 88 25 43 64 46 9 86 84 25 6 8 48 86 63 9 10 93 61 22 92 37 54 79 14 35 17 32 49 34 45 30 98 96 86 
28 16 11 38 38 5 12 36 16 91 55 37 18 79 25 4 66 25 3 87 62 6 3 94 77 97 92 8 32 31 9 40 13 27 38 94 6 93 10 69 66 11 88 59 9 97 77 87 82 23 53 75 58 12 50 62 74 45 53 31 63 1 58 79 49 91 3 76 82 0 83 74 81 94 20 22 75 88 2 13 20 92 74 53 77 86 76 54 97 74 79 60 89 79 49 84 88 54 65 56 
3 47 31 43 14 41 5 21 47 8 88 75 30 14 37 2 45 47 16 54 45 6 84 8 13 7 88 27 7 70 42 19 12 52 90 87 11 5 49 61 37 13 27 56 20 23 97 37 29 11 7 73 46 51 1 70 88 56 84 67 77 53 0 53 70 64 68 83 50 48 45 54 38 92 78 98 56 70 67 87 46 62 25 12 57 99 50 76 41 30 85 93 66 90 92 21 11 36 40 23 
31 88 9 19 49 31 43 29 40 51 43 84 19 83 82 94 61 24 71 66 48 97 7 48 3 21 26 92 85 46 19 62 20 88 36 81 51 47 20 74 63 14 45 35 52 88 89 3 2 80 55 85 94 29 2 97 11 66 30 46 84 12 21 44 43 95 84 39 34 61 14 45 46 87 73 21 61 92 68 45 57 5 51 89 41 90 25 0 42 65 15 97 10 76 66 38 55 3 55 38 
68 56 32 77 72 50 18 65 3 8 69 82 24 18 56 37 68 48 1 72 40 2 50 8 81 20 74 68 73 91 42 89 0 79 20 99 49 31 57 28 85 78 17 2 70 23 23 65 24 35 62 49 50 13 20 77 89 54 72 49 72 19 25 49 23 16 20 95 17 70 18 13 56 47 40 82 16 36 23 83 75 83 36 32 71 14 31 77 40 88 21 90 24 27 36 14 8 10 22 71 
9 95 53 65 43 59 34 26 52 57 83 72 32 88 26 5 36 41 75 87 16 65 85 86 29 75 58 19 35 76 40 62 88 78 30 67 18 55 98 25 21 2 46 91 79 79 38 47 35 7 66 32 44 25 68 94 52 35 96 77 65 92 98 90 74 12 4 13 97 41 1 95 4 35 45 2 53 50 78 59 90 10 2 3 33 76 38 90 12 63 10 71 69 69 90 36 20 99 85 64 
9 26 51 78 67 36 96 45 61 95 91 0 49 31 68 73 66 90 38 77 98 31 44 94 63 83 46 3 37 28 99 30 29 47 88 35 45 69 71 65 59 40 25 19 54 31 4 81 71 39 78 47 85 59 62 9 43 42 64 19 33 4 63 23 73 43 28 93 95 79 62 14 48 11 96 24 11 21 66 48 56 91 4 53 81 16 80 25 46 23 78 6 45 10 44 30 6 81 82 26 
75 56 76 87 39 63 91 78 52 28 66 98 38 18 69 67 58 20 69 89 91 96 29 2 0 81 32 80 98 99 4 6 32 13 14 49 88 19 67 2 71 62 3 26 16 88 57 88 77 73 86 54 39 2 56 43 58 35 65 9 40 32 16 58 46 75 25 43 96 69 84 43 58 14 27 41 30 2 91 5 97 21 7 84 96 45 73 86 72 39 40 24 93 44 75 70 22 12 42 18 
9 0 38 2 96 23 8 54 1 90 0 98 38 66 64 78 48 62 26 78 57 5 69 9 99 2 9 45 27 86 60 61 86 96 97 6 98 47 3 54 92 54 45 33 17 86 72 81 59 87 0 93 21 96 52 89 45 72 49 20 57 64 86 37 60 45 29 40 3 89 23 32 11 56 92 77 41 79 33 8 35 90 83 24 68 62 45 60 96 49 97 14 68 69 15 18 13 63 5 11 
79 37 66 25 15 94 9 44 14 24 37 52 30 37 99 93 31 30 19 29 63 98 55 8 13 3 32 11 68 34 2 16 22 95 14 9 35 94 70 11 36 81 93 44 8 30 8 44 5 9 68 41 98 45 32 73 40 53 37 37 98 6 32 47 57 79 36 31 79 54 17 9 68 25 29 21 11 64 73 77 43 61 38 15 1 83 36 70 87 19 86 55 81 27 43 15 71 26 88 15 
72 65 60 95 33 18 29 31 25 2 95 51 96 91 61 12 85 8 82 51 24 17 86 30 11 46 87 25 9 50 82 27 13 87 81 16 80 99 24 93 17 78 42 46 8 59 91 0 69 77 52 59 18 47 3 37 28 37 51 36 81 84 10 36 10 75 33 45 20 24 39 68 96 83 90 39 51 6 67 86 89 12 0 59 58 89 47 89 10 49 60 69 25 8 23 89 24 91 67 41 
93 2 82 55 17 81 79 90 62 18 12 86 22 38 47 42 66 75 87 42 87 23 42 63 37 87 22 4 85 86 45 25 35 19 45 99 12 96 56 22 68 68 39 58 59 12 21 57 92 49 79 91 31 38 61 87 80 31 31 73 8 52 57 41 7 76 44 47 93 20 2 12 61 9 48 95 0 53 82 7 44 8 62 72 56 65 85 28 37 70 54 33 82 74 68 52 0 97 79 24 
49 13 37 63 58 76 55 72 94 12 29 89 29 26 98 95 28 46 81 72 63 47 23 56 9 38 46 19 34 47 37 25 47 96 17 0 74 52 99 62 28 11 32 55 43 64 65 77 83 88 27 84 31 85 17 89 36 29 27 89 90 44 59 55 32 91 66 6 49 75 38 56 6 1 29 16 18 31 0 45 39 62 29 30 83 30 37 25 55 31 18 67 7 22 37 26 94 55 11 58 
88 24 14 76 77 98 93 4 7 49 19 61 94 38 36 30 19 69 72 23 35 61 61 84 57 59 19 57 3 73 18 84 53 30 92 22 63 49 4 80 61 92 98 65 87 87 95 91 65 42 59 56 91 33 70 25 5 57 36 41 39 63 21 7 7 43 24 3 71 72 41 92 28 83 28 70 71 77 28 14 15 37 29 99 47 97 26 2 10 27 10 77 56 79 25 39 67 90 45 67 
46 46 90 11 44 57 90 32 77 8 89 27 84 58 61 73 76 95 49 82 92 96 79 6 60 3 2 86 51 51 13 1 50 52 69 2 82 36 49 78 77 80 71 41 53 25 18 1 25 77 26 58 36 78 0 43 31 85 63 37 34 86 2 34 54 64 71 85 70 87 22 40 59 61 2 28 28 74 25 17 54 17 19 45 17 64 89 45 27 39 58 15 57 4 45 70 38 63 56 39 
98 62 84 64 56 12 14 89 15 53 50 94 4 61 54 84 75 30 74 40 54 47 65 90 50 31 22 51 67 89 51 96 20 61 26 31 43 31 75 40 42 30 89 78 22 16 64 70 42 0 42 63 91 88 41 30 43 40 36 64 76 87 26 85 83 32 91 0 40 15 56 28 36 22 53 93 4 26 49 60 15 82 98 95 67 6 74 92 60 23 77 31 18 27 15 22 32 7 12 33 
48 57 66 86 49 91 8 66 22 95 13 97 49 64 66 83 53 13 23 56 83 17 19 21 19 18 59 46 33 98 73 2 42 83 49 42 29 50 72 66 61 63 31 18 29 18 90 88 97 85 86 25 26 76 91 69 53 33 98 22 88 38 46 52 78 55 85 43 89 96 50 69 16 34 81 15 1 97 70 41 27 98 61 28 97 38 41 91 8 75 80 74 57 1 87 39 57 95 58 29 
64 39 34 26 60 48 9 7 40 3 86 51 16 24 81 84 94 21 5 9 74 79 52 8 59 48 7 18 22 97 55 33 86 73 35 29 80 37 32 99 79 89 45 61 15 39 22 34 51 27 70 49 65 15 68 67 46 92 71 94 97 80 34 75 20 41 51 76 72 73 37 90 52 88 36 96 21 16 56 13 60 7 78 79 28 86 46 41 62 19 60 38 51 68 53 66 17 66 0 36 
76 21 82 37 14 82 35 16 36 89 94 46 3 25 87 44 64 56 47 83 12 7 79 35 95 12 9 11 97 58 19 59 81 15 57 51 21 5 6 56 82 63 85 45 66 96 14 92 80 25 98 64 31 78 51 40 53 2 1 1 4 36 64 65 82 53 59 69 53 36 32 61 55 43 50 17 56 18 91 14 96 24 97 53 15 70 51 82 61 89 67 89 79 40 47 82 23 65 56 19 
87 70 83 10 29 27 71 90 10 70 5 74 44 52 10 37 52 70 42 33 32 57 77 14 89 58 63 41 57 49 16 52 27 89 13 32 90 17 40 86 95 48 98 46 33 2 11 65 95 81 41 68 25 55 8 41 99 58 98 54 51 99 43 76 71 84 99 22 2 12 87 78 3 60 60 7 86 3 2 72 60 57 48 8 45 33 4 62 64 92 86 70 81 45 12 93 49 35 69 53 
7 43 6 5 90 3 72 44 68 83 64 87 17 65 55 12 2 36 49 20 72 28 16 45 68 78 4 56 48 30 7 73 59 76 98 57 73 15 34 51 21 2 8 62 4 53 33 77 27 80 59 20 35 83 32 10 78 58 0 80 85 13 44 65 57 38 99 82 31 21 98 60 4 85 52 40 20 21 80 46 53 78 89 57 98 55 29 2 26 8 49 71 71 40 5 58 78 25 17 53 
0 29 35 48 14 54 14 85 89 85 10 32 66 72 64 48 28 57 57 68 97 54 74 21 14 83 30 19 9 65 92 2 85 28 38 31 65 67 51 23 32 74 56 91 25 8 45 36 25 54 50 25 61 83 98 19 46 30 47 25 50 50 39 48 45 52 20 64 80 78 55 67 64 34 74 50 2 60 29 54 82 56 97 69 29 51 16 73 0 85 4 91 77 40 72 36 40 59 10 12 
59 77 22 24 30 58 71 13 14 38 83 58 22 61 38 31 26 79 25 82 31 1 1 6 15 59 9 69 87 15 95 42 50 82 83 88 32 58 41 90 55 80 46 95 57 43 36 19 18 85 25 7 91 12 57 33 31 95 75 40 1 74 14 3 42 79 7 11 73 95 30 30 0 28 89 5 36 28 73 50 55 54 20 59 61 36 81 45 2 40 57 64 54 67 54 78 7 19 35 38 
78 7 39 28 30 85 89 82 94 59 15 44 61 38 81 47 84 71 33 54 86 47 21 50 87 9 28 92 55 86 37 37 4 88 56 45 11 23 26 11 99 92 15 32 71 18 54 30 28 67 25 43 18 2 29 30 59 34 68 49 48 28 93 31 68 8 85 56 82 78 16 39 15 99 49 51 65 44 17 65 26 86 24 73 43 59 50 23 34 89 22 52 21 93 17 37 18 25 85 7 
96 18 78 96 63 35 77 44 39 30 51 96 37 10 16 43 55 68 88 10 96 2 62 50 23 29 95 26 56 74 37 18 16 11 69 74 30 38 10 96 94 54 12 54 49 34 39 30 20 47 15 94 30 85 75 66 13 48 45 95 88 75 74 19 50 57 14 22 61 28 17 35 13 98 51 67 11 66 54 45 21 78 10 68 11 66 74 61 63 62 25 67 9 31 13 75 18 20 75 80 
63 71 19 56 24 37 98 85 66 69 5 13 83 43 87 51 12 21 55 38 21 47 95 83 44 60 61 97 85 0 48 75 72 20 86 36 63 82 43 45 54 17 92 30 76 89 28 84 0 75 66 74 48 47 53 15 12 61 9 34 94 26 71 63 20 7 42 86 15 75 55 14 7 69 30 63 84 96 54 66 67 2 43 88 51 71 30 86 93 50 68 77 65 60 14 22 32 48 5 63 
75 91 34 78 22 97 28 25 29 8 53 86 5 91 41 37 46 57 97 81 99 60 71 56 31 63 87 85 95 8 69 94 48 2 83 81 54 58 42 99 21 36 85 60 99 51 38 21 94 15 59 39 31 1 34 43 3 64 64 79 57 97 56 16 85 16 12 28 88 22 16 46 39 58 13 55 92 64 60 11 70 47 92 25 56 70 29 83 1 53 93 54 27 81 36 72 14 37 63 11 
70 10 14 29 80 82 2 36 92 72 56 88 90 59 7 26 99 79 80 96 62 56 28 14 12 2 33 11 43 69 17 13 74 58 56 89 46 82 88 86 4 25 93 39 19 21 90 23 50 89 30 9 61 64 52 92 8 22 93 93 25 80 58 74 36 51 9 73 59 63 75 50 87 57 61 93 96 67 55 52 91 42 76 23 54 32 24 76 80 16 14 81 55 7 6 28 86 55 98 2 
79 33 7 59 69 19 66 86 41 0 27 72 34 95 71 77 78 82 69 77 79 7 14 48 42 48 85 29 50 88 99 4 45 29 59 6 3 10 70 24 19 20 94 67 17 57 48 88 44 69 19 0 93 37 95 73 4 4 18 57 80 12 44 82 77 21 49 3 67 12 87 94 68 91 88 46 74 51 98 11 76 77 38 68 31 29 82 77 7 8 38 81 58 77 12 45 3 78 59 25 
8 56 81 50 47 45 37 9 37 80 32 11 42 94 29 34 68 87 18 55 95 90 9 96 94 46 77 76 32 69 10 65 27 86 10 93 49 14 8 76 92 2 77 24 91 68 66 38 72 99 1 40 18 12 35 88 60 30 25 0 51 92 94 10 58 98 12 58 88 58 74 61 93 16 82 93 14 51 55 47 71 33 13 8 78 4 20 62 18 23 33 80 88 49 2 5 92 36 13 26 
15 73 39 3 19 10 19 39 80 91 77 81 58 9 91 42 51 60 39 20 66 36 97 57 55 3 67 17 22 60 59 84 98 19 83 28 79 16 40 53 4 37 11 53 52 27 91 98 91 7 37 86 23 93 97 11 37 54 22 71 26 79 50 57 14 24 18 88 8 54 20 68 46 67 79 3 65 3 89 42 32 69 98 3 42 70 68 25 34 93 69 50 54 15 72 49 86 45 27 92 
38 20 57 23 10 94 68 90 42 70 13 75 53 6 70 80 33 23 99 28 20 54 81 59 42 77 64 31 47 72 96 76 93 62 97 35 77 31 33 99 18 42 46 12 75 73 9 45 3 56 66 55 53 28 1 30 25 86 17 87 39 63 47 59 62 12 41 24 10 84 71 37 26 49 57 39 65 28 6 13 53 93 29 15 64 43 75 82 99 12 76 74 24 72 41 26 60 14 77 85 
45 35 46 41 24 69 34 12 71 59 23 64 45 71 68 23 98 23 85 28 20 77 9 88 34 21 37 81 64 64 12 22 35 86 57 99 34 64 53 36 81 16 86 64 38 40 51 68 9 92 84 35 9 47 64 0 47 96 5 50 44 39 76 77 39 15 42 90 40 76 6 83 32 56 0 70 16 37 65 13 99 43 92 64 44 44 12 87 57 15 43 24 34 97 11 35 97 93 7 55 
52 67 76 68 3 95 32 65 60 79 83 99 16 94 69 98 36 99 15 69 31 97 24 9 62 16 54 87 93 92 29 53 8 76 64 79 19 17 24 18 13 64 33 2 79 2 42 10 18 95 79 5 18 26 56 42 50 82 25 30 92 83 56 73 43 94 23 82 50 7 18 96 43 42 27 41 92 20 44 0 56 30 37 27 41 82 83 46 16 5 28 7 66 68 68 90 86 59 94 79 
10 11 60 17 83 76 32 77 67 34 7 55 77 51 5 76 4 49 21 38 72 71 58 28 1 50 52 5 92 62 4 46 59 79 32 57 92 45 34 41 29 62 3 88 34 22 54 36 23 71 85 21 24 54 92 81 27 97 98 41 81 39 68 36 99 21 54 85 90 79 71 42 81 86 40 2 10 19 74 58 91 64 96 96 42 37 67 28 19 73 64 15 97 74 49 8 80 51 48 29 
62 89 36 27 71 92 94 90 81 38 7 39 11 36 46 46 21 24 96 2 97 47 11 67 17 39 68 27 29 80 4 68 82 35 9 53 24 59 12 71 51 87 18 50 68 67 95 52 54 99 54 13 94 13 7 24 76 83 33 1 51 51 88 43 93 57 54 16 42 34 11 86 57 26 87 0 20 65 39 82 60 94 68 45 49 4 83 7 3 4 36 41 29 6 94 17 24 15 90 51 
76 99 11 35 90 96 85 73 41 7 9 59 19 93 45 22 87 81 81 95 92 87 20 40 91 88 91 47 73 81 54 3 51 97 68 73 43 51 34 96 15 31 79 3 39 60 54 39 70 38 71 21 29 29 87 21 10 1 18 77 27 79 38 55 73 40 74 12 30 33 8 65 69 79 51 20 93 7 43 68 44 36 2 12 98 40 55 57 36 85 81 74 74 45 86 0 57 36 92 61 
65 28 4 22 43 21 70 40 80 66 52 90 65 36 18 85 37 53 93 24 32 80 26 66 91 67 30 5 32 29 87 44 56 5 70 12 89 63 79 19 57 14 5 89 31 93 70 11 56 45 97 37 71 22 98 70 53 82 54 75 36 59 64 48 37 85 74 90 3 39 28 2 14 9 77 60 88 66 48 56 19 75 75 88 39 79 49 26 29 72 93 89 88 66 24 82 6 3 36 18 
26 55 3 92 1 64 65 68 91 77 38 73 52 18 58 10 67 88 31 1 49 7 72 4 13 23 78 14 54 6 31 28 78 10 25 50 30 68 90 24 77 81 69 76 13 0 99 7 59 15 67 48 71 1 67 48 21 32 37 99 34 96 88 33 21 36 18 92 3 63 17 41 89 66 69 33 18 96 34 26 40 25 19 15 51 88 10 88 63 66 48 53 61 20 19 48 65 1 78 61 
26 71 5 42 87 52 6 71 13 26 55 88 37 87 13 37 99 46 80 69 35 26 96 81 43 42 24 99 29 69 69 54 91 31 29 24 72 23 15 7 36 62 70 85 62 95 18 42 29 73 51 38 78 14 69 47 53 42 58 79 46 36 90 62 88 30 20 91 22 63 2 17 58 60 10 20 0 15 34 83 76 48 9 56 79 64 23 34 53 48 95 31 90 66 46 30 71 6 91 86 
0 24 41 64 40 20 93 1 18 73 68 0 41 31 63 86 34 7 53 23 42 4 25 32 52 19 45 98 51 42 46 30 71 18 13 36 40 62 53 45 92 31 62 92 51 97 77 33 88 42 89 45 69 34 97 69 29 91 63 25 5 74 41 78 53 29 98 50 44 86 47 76 43 16 26 84 26 8 99 45 23 35 97 61 56 50 43 68 99 6 80 95 68 18 83 67 5 37 15 74 
0 76 51 21 6 88 9 55 19 3 96 73 10 13 82 19 78 9 15 97 85 25 11 53 36 6 34 68 63 19 86 35 83 65 60 89 25 35 63 10 72 6 57 46 22 72 80 58 7 49 52 65 19 2 45 31 37 86 76 30 44 21 1 86 97 31 92 55 88 17 76 45 27 58 22 63 81 72 70 74 48 59 47 88 14 63 3 52 24 22 10 9 75 21 21 3 6 39 13 8 
64 22 3 43 52 9 55 69 54 73 30 24 92 12 77 21 93 94 10 33 12 26 56 96 28 25 78 17 3 2 12 71 32 38 41 16 10 0 36 43 18 35 10 52 99 26 7 93 24 85 29 9 46 27 21 31 52 43 4 52 11 78 65 81 81 85 87 97 89 47 97 10 96 14 27 25 22 71 24 11 20 54 27 45 28 67 35 23 10 50 70 89 78 81 31 78 82 83 38 78 
9 23 93 33 20 2 5 72 72 98 31 84 4 87 3 93 60 39 8 56 74 17 49 0 81 34 28 9 79 84 1 38 87 6 97 17 38 52 0 73 25 6 51 63 80 3 98 28 70 20 77 22 29 50 53 12 94 12 86 31 64 5 47 18 94 34 37 74 39 54 75 71 50 13 97 45 28 18 84 86 44 32 26 51 69 52 26 14 84 41 62 39 42 28 87 13 2 17 25 87 
58 25 28 62 46 50 65 26 73 48 41 93 36 49 63 50 5 27 52 45 44 24 96 38 92 2 66 76 8 57 60 53 7 22 25 71 5 97 39 81 87 73 48 94 58 58 47 33 86 43 51 10 0 85 80 71 6 76 0 87 7 65 64 35 47 59 39 74 47 82 91 91 48 41 59 32 16 98 23 52 10 0 42 96 35 60 29 91 57 60 9 45 51 68 39 42 77 90 9 42 
