75 67 39 16 85 17 36 38 97 16 91 64 98 10 92 1 55 73 96 1 6 40 59 30 87 95 21 91 41 58 75 39 52 24 48 60 46 90 17 95 19 89 94 86 23 38 31 5 95 9 74 97 18 44 36 66 78 85 41 34 61 21 11 51 41 26 88 53 43 67 89 12 11 10 78 41 77 99 30 90 10 91 89 43 75 20 85 82 25 23 49 10 92 5 21 36 77 54 73 42 
65 39 72 16 80 83 49 28 18 53 99 53 69 76 2 55 55 54 28 65 18 5 81 71 61 87 63 2 60 73 5 76 79 94 89 92 95 65 0 56 77 60 48 49 67 66 25 90 16 36 21 64 72 79 25 48 40 77 1 82 15 25 38 54 65 52 38 52 82 90 14 8 99 12 63 54 96 83 90 44 94 20 98 18 95 38 89 73 46 17 5 99 65 8 80 38 79 37 45 27 
3 79 93 73 6 1 26 6 73 93 13 88 31 28 22 56 28 60 96 27 6 46 10 2 58 96 29 5 90 66 79 42 42 1 87 14 33 15 26 63 45 18 34 67 21 43 28 29 2 70 31 94 28 71 23 95 39 83 64 2 45 57 43 12 77 70 5 36 89 79 22 9 88 89 76 33 99 17 21 50 45 45 58 30 29 30 53 5 47 44 84 85 37 95 11 10 86 24 7 19 
68 79 44 17 71 22 16 77 14 33 9 51 82 39 33 65 71 26 16 21 14 35 46 52 64 29 57 31 73 5 41 14 37 0 86 86 25 48 86 67 21 41 36 91 60 94 60 10 29 31 92 18 4 28 22 36 12 41 30 96 32 83 3 46 8 99 85 38 42 49 70 76 92 88 86 19 27 33 98 7 88 45 0 97 6 78 39 52 5 12 10 49 93 0 48 50 6 22 45 18 
78 20 36 20 43 22 38 74 56 55 29 12 78 36 66 82 39 91 79 82 13 55 85 57 44 54 49 99 34 91 6 96 14 73 75 54 31 87 17 85 82 86 83 87 74 72 44 20 84 87 40 86 86 49 43 12 63 88 30 8 72 53 12 0 93 36 32 39 63 64 11 8 1 57 13 65 65 49 99 19 12 64 43 29 84 37 75 32 32 62 71 34 81 23 10 14 56 18 67 10 
88 95 48 86 5 88 59 88 77 0 62 76 27 75 92 19 77 65 42 54 54 84 4 5 96 15 49 45 34 77 64 48 33 89 92 87 47 11 76 8 24 55 35 75 25 52 15 35 83 72 13 77 30 14 12 56 33 8 17 93 55 54 27 69 2 22 6 72 74 42 14 81 94 75 88 63 35 11 24 34 97 2 17 55 55 56 37 0 84 14 2 47 75 5 7 96 47 3 63 89 
63 45 99 70 81 89 31 41 8 17 50 75 24 95 29 32 17 34 33 88 90 45 32 23 47 71 86 29 29 2 67 13 49 68 52 47 67 23 74 1 92 16 78 63 83 87 56 13 36 52 13 77 30 9 34 56 82 38 86 10 23 93 62 41 32 39 77 25 40 39 30 57 32 70 48 74 34 86 41 22 25 99 40 34 69 50 41 75 88 76 60 48 77 78 92 28 72 71 97 56 
30 91 50 52 31 57 52 23 85 96 97 42 91 41 0 32 10 40 57 31 66 3 39 34 24 63 41 87 90 22 90 67 19 73 88 84 21 71 66 70 89 17 44 50 34 31 95 50 37 87 18 69 47 57 81 94 2 15 92 54 69 70 54 59 95 72 34 38 67 19 89 12 41 85 66 9 87 70 82 77 46 95 0 20 87 85 24 96 66 70 34 88 21 5 70 39 92 12 81 61 
20 28 39 89 17 69 86 8 9 40 5 9 46 5 14 9 43 86 65 85 45 59 59 41 19 37 10 24 24 44 93 90 32 4 18 12 70 67 66 94 84 39 28 13 84 51 42 52 93 78 16 76 81 84 27 87 62 52 29 1 46 90 2 16 84 70 19 38 31 45 0 36 29 49 99 98 60 71 34 52 48 88 45 95 61 40 37 59 46 24 37 35 63 1 43 24 79 30 49 91 
40 65 21 62 19 0 21 83 15 31 79 5 77 64 72 35 18 27 23 12 28 8 64 62 54 29 58 89 53 40 42 42 22 61 33 23 58 35 83 57 0 65 33 33 14 34 36 6 59 6 87 60 27 3 91 61 43 22 85 8 2 0 12 63 72 23 71 27 47 50 29 19 79 39 23 77 86 74 98 52 8 71 6 7 23 99 22 49 34 97 73 73 19 30 96 39 70 17 81 8 
12 21 19 42 97 87 47 8 14 12 70 93 61 51 20 46 56 63 45 85 76 0 2 27 55 30 50 94 1 66 73 55 76 40 37 70 5 36 71 48 80 25 52 88 31 70 45 65 63 75 68 70 60 80 23 75 58 85 50 91 68 97 28 83 20 15 82 90 35 18 64 13 30 99 96 5 73 89 28 71 75 3 86 43 58 14 26 12 69 25 92 67 79 36 98 94 58 2 44 63 
31 93 34 44 72 43 42 21 87 30 58 64 53 95 12 85 19 48 33 23 59 31 91 69 27 38 70 52 97 9 65 24 82 57 88 5 5 46 13 16 86 50 23 2 80 15 18 52 70 91 41 47 61 68 48 14 42 59 2 42 70 20 70 14 19 34 8 15 25 78 90 13 25 6 15 98 40 40 88 39 15 20 78 89 65 78 87 97 75 55 88 40 39 43 42 16 55 52 40 19 
88 61 37 9 40 49 98 59 77 0 98 46 7 10 79 1 29 27 48 51 11 78 93 13 30 95 15 19 45 67 73 20 14 61 38 75 76 34 67 11 96 4 7 54 5 32 50 66 33 53 27 84 88 49 49 85 95 10 7 54 21 35 59 11 84 0 32 56 92 47 96 42 28 45 96 79 49 96 93 88 55 54 3 11 53 18 60 6 12 73 95 26 31 80 90 7 6 41 76 3 
88 71 19 29 69 65 33 44 24 73 21 96 69 1 45 21 62 70 66 46 59 17 71 79 64 23 29 17 82 35 15 9 81 58 45 40 76 90 2 82 93 31 14 10 42 86 73 9 88 22 42 69 40 56 47 64 55 50 73 73 42 80 79 74 93 87 18 66 64 54 79 33 96 74 88 6 67 12 95 80 42 88 69 60 17 56 91 10 84 46 23 94 49 23 84 73 31 44 21 88 
13 51 55 76 17 6 26 50 3 5 71 45 84 82 95 98 84 28 54 48 76 32 17 28 20 60 36 18 40 72 36 45 64 84 44 31 89 59 54 69 66 0 81 21 19 50 40 53 28 68 77 55 98 55 95 45 6 35 89 67 82 20 85 2 52 36 76 59 19 33 62 9 4 49 24 68 62 6 60 46 34 87 84 42 34 98 35 70 51 44 21 45 60 98 25 46 37 13 72 64 
60 28 47 42 58 88 21 17 73 60 78 95 77 11 55 34 41 79 15 90 91 95 62 27 58 15 48 54 15 30 36 85 10 40 5 2 63 2 44 8 25 54 91 40 29 83 22 59 90 9 88 79 95 49 93 87 69 83 85 62 35 23 27 75 47 1 7 38 84 89 53 91 65 67 63 44 91 59 68 20 29 67 38 1 58 76 17 41 64 43 70 29 48 72 91 22 23 72 23 97 
11 66 59 51 57 3 62 96 57 15 67 29 18 35 57 81 1 69 24 50 64 69 37 72 27 41 58 25 37 15 27 12 34 62 28 19 37 38 60 40 86 39 9 36 62 88 69 99 42 33 88 78 59 66 59 62 11 47 13 20 1 24 64 78 33 91 46 29 94 44 96 47 59 68 39 66 44 2 69 26 27 54 38 0 59 75 48 0 96 16 60 20 35 89 14 9 50 83 18 25 
19 25 16 73 58 56 52 86 25 53 59 23 64 38 90 93 16 99 80 5 78 93 90 13 7 72 29 77 59 48 36 56 57 53 66 72 22 40 70 2 44 82 5 41 87 67 44 12 56 41 70 58 78 6 13 90 62 60 60 83 24 80 75 82 55 28 63 49 55 37 59 26 85 63 48 57 94 47 55 54 89 3 40 94 11 64 27 20 24 44 0 47 39 21 37 66 13 54 26 3 
86 81 44 15 76 33 27 6 76 24 97 18 66 88 40 43 57 25 81 42 91 46 41 12 62 29 36 49 71 32 81 23 74 22 37 29 58 64 56 9 54 0 32 81 20 60 99 50 21 31 79 41 77 53 79 51 8 11 77 74 82 60 86 56 7 58 66 3 50 29 13 50 7 22 73 27 58 86 77 93 2 36 44 4 73 17 14 55 90 91 52 98 45 36 71 72 98 3 47 82 
12 58 19 32 79 86 20 79 0 64 69 72 64 46 86 28 16 58 82 9 47 5 5 80 68 26 34 95 90 19 83 13 89 25 94 20 7 40 60 2 10 25 13 74 32 16 99 85 17 92 54 20 47 41 95 21 72 92 43 14 87 20 63 57 32 92 94 65 57 12 35 67 1 98 11 80 21 82 68 18 36 71 7 53 55 35 44 65 56 96 40 69 89 33 31 9 37 29 46 44 
56 78 35 87 24 77 36 94 79 95 93 12 41 75 53 64 93 7 18 27 28 0 99 59 57 34 47 10 49 99 16 60 57 66 41 81 80 23 32 11 14 25 98 58 49 20 40 0 15 89 42 95 13 31 98 41 47 47 27 40 87 65 2 2 14 16 53 10 80 28 46 47 63 19 23 25 51 19 19 98 69 65 23 70 9 13 51 30 41 16 6 82 15 93 41 21 34 21 55 41 
44 53 96 47 89 45 63 52 19 50 80 85 94 68 59 88 95 69 11 95 17 29 6 32 77 74 73 90 93 51 54 52 8 52 32 11 53 84 67 20 2 59 45 46 30 44 96 29 92 93 97 32 82 26 1 92 30 72 6 73 24 31 75 20 49 82 11 62 74 30 3 17 59 20 75 56 41 90 40 75 2 40 3 60 4 95 52 35 5 79 19 89 90 98 30 3 58 68 93 13 
32 32 59 38 30 47 70 16 20 51 9 89 4 30 87 55 80 73 6 12 79 87 29 51 47 38 51 1 3 29 6 71 7 50 7 87 32 10 62 82 22 89 79 5 55 52 14 18 33 78 65 13 43 20 88 26 16 21 90 13 28 84 81 97 36 29 42 73 92 87 54 1 95 82 80 95 89 56 16 73 16 79 15 66 61 35 52 75 8 98 83 88 94 19 56 79 86 59 77 48 
50 81 87 77 52 53 23 77 89 95 33 67 7 61 97 44 49 54 77 81 67 68 21 10 1 85 1 24 17 17 48 35 59 31 6 76 31 46 11 4 76 53 0 41 52 54 71 59 28 30 26 17 94 81 49 70 31 34 89 69 18 28 39 67 78 43 20 11 99 48 65 75 56 47 99 91 51 76 49 62 33 88 97 51 20 36 31 68 74 46 67 5 8 63 90 16 83 84 48 65 
17 1 57 23 8 91 4 68 70 89 99 46 12 74 56 34 73 13 51 13 69 68 49 44 31 9 28 29 26 58 9 0 11 60 83 95 92 67 68 84 35 7 72 78 22 78 76 47 37 40 13 53 29 51 85 64 96 8 99 58 72 97 58 76 96 61 54 9 13 85 75 8 33 25 9 99 98 14 29 93 65 97 72 7 49 72 29 59 1 43 1 0 60 69 88 42 21 24 71 89 
18 95 80 64 81 55 34 56 88 32 26 33 32 76 37 40 65 8 39 49 13 50 55 23 79 6 59 38 93 17 55 36 67 40 45 35 90 21 27 6 53 14 17 50 11 89 8 87 93 39 40 79 21 13 97 34 92 73 39 91 80 93 43 22 0 27 60 94 64 67 52 77 60 74 80 21 32 60 97 93 62 5 63 53 47 0 86 18 75 32 28 21 46 14 62 62 66 34 26 72 
3 17 28 40 93 91 72 9 94 98 44 42 43 83 42 26 2 91 36 99 16 12 97 10 84 65 59 77 61 36 11 90 4 11 61 71 45 45 81 7 50 89 0 57 20 79 11 50 31 86 9 71 48 42 87 56 81 10 29 94 55 73 19 92 22 37 73 24 86 44 66 59 86 42 43 38 22 67 11 67 68 65 90 77 14 48 10 51 85 62 61 18 34 49 57 49 42 35 77 52 
35 32 25 4 81 78 35 27 88 85 18 6 16 56 51 91 70 24 14 80 41 83 59 25 93 4 70 85 75 57 68 94 17 53 20 3 7 31 89 65 2 39 76 22 32 71 15 70 49 60 47 14 16 51 15 30 72 74 39 85 97 8 68 52 38 79 56 75 1 23 8 79 29 63 68 61 6 71 28 5 62 14 64 86 14 93 73 93 24 63 77 25 44 70 43 74 17 18 5 97 
94 53 14 58 8 27 79 59 85 30 16 65 65 41 23 84 60 84 64 11 12 72 43 32 45 44 86 49 82 75 7 0 42 72 13 9 91 66 98 77 49 10 0 21 94 97 82 51 9 50 6 56 45 35 24 99 59 47 5 37 6 88 41 9 65 46 66 6 79 12 15 31 71 81 16 26 94 70 38 92 13 30 69 75 73 17 11 38 6 77 32 41 40 26 88 40 80 90 21 97 
42 33 58 64 50 1 51 67 56 43 90 98 84 48 10 89 62 51 37 83 35 16 15 70 16 26 32 96 94 68 46 75 71 57 93 41 82 40 51 73 49 6 76 90 95 8 40 25 24 35 66 65 21 91 57 7 39 90 61 42 12 92 25 4 95 84 86 17 24 56 42 84 20 6 66 72 13 30 89 16 41 31 2 66 68 50 47 45 64 84 99 29 33 90 33 55 92 42 75 73 
94 16 77 75 25 96 69 11 3 50 7 74 15 1 81 63 76 84 61 47 55 7 74 2 17 6 31 41 49 59 34 12 75 40 88 67 4 22 65 27 88 88 63 78 90 75 14 55 6 39 95 18 53 58 81 28 84 68 64 14 98 63 3 63 4 60 99 15 2 65 2 37 88 44 81 89 20 44 10 31 13 6 97 6 45 67 53 32 55 48 29 36 52 46 0 78 19 28 86 56 
14 41 32 9 83 34 69 66 71 0 21 70 14 93 34 62 63 65 62 97 37 75 49 74 30 1 40 64 51 76 8 29 45 27 74 70 82 90 91 18 54 34 95 81 20 24 64 14 84 44 80 29 39 51 27 2 69 50 74 90 93 84 14 47 73 69 21 41 88 61 26 20 94 40 56 55 71 71 25 32 30 68 51 25 27 33 90 69 11 19 59 11 31 84 72 65 96 9 1 62 
33 41 79 93 90 69 91 13 67 55 46 53 0 29 50 71 63 26 15 66 14 26 55 44 48 88 70 81 18 57 10 31 78 12 70 64 54 45 98 31 41 46 74 64 71 19 31 15 7 16 2 21 14 29 90 24 85 57 16 28 21 87 84 75 10 32 43 66 10 89 39 8 80 29 11 87 33 94 8 56 9 5 35 40 21 78 63 16 84 33 1 84 35 41 58 40 45 47 22 39 
27 19 47 37 72 9 43 50 53 46 73 55 15 12 17 33 29 27 75 4 8 45 42 1 99 57 6 63 28 48 58 34 52 20 26 65 30 32 11 94 43 63 16 96 68 36 42 52 5 27 67 67 53 34 71 2 98 42 38 75 30 10 84 4 10 8 83 65 29 68 75 95 92 2 68 18 5 27 52 90 30 62 76 37 76 22 8 52 27 32 67 93 19 23 20 80 35 4 60 64 
5 63 47 40 71 45 88 53 89 84 44 15 95 80 17 7 92 51 93 91 94 95 8 60 56 94 42 31 77 50 3 19 91 83 95 54 25 82 49 22 12 19 69 66 72 97 37 25 81 8 18 66 84 3 15 45 31 11 42 36 28 0 29 38 46 38 70 4 44 95 19 73 31 28 33 23 41 57 51 98 83 96 30 61 59 20 10 39 99 10 68 12 58 28 89 24 90 26 45 31 
98 70 74 41 92 91 22 76 31 76 48 55 67 37 94 9 65 82 87 55 1 11 51 19 17 16 41 34 40 90 12 50 2 53 21 19 74 0 14 54 9 30 52 84 29 66 62 74 18 53 71 69 15 50 12 88 64 75 8 19 39 90 51 82 81 30 78 26 14 99 39 60 28 31 23 28 27 67 74 67 85 97 29 8 8 43 23 59 4 80 17 84 27 2 94 59 6 12 91 71 
46 80 46 4 46 87 25 23 47 40 53 37 74 47 64 93 12 59 12 82 88 41 37 60 36 82 24 48 25 11 49 18 97 51 38 70 38 75 89 62 4 33 13 75 5 61 11 35 20 76 22 42 76 1 32 68 95 6 15 61 31 75 40 58 59 69 69 83 85 33 53 61 75 78 84 78 47 36 80 3 83 95 87 70 9 96 41 87 27 62 57 16 95 79 91 3 81 36 49 11 
17 71 55 95 26 55 51 18 7 33 81 20 86 61 25 32 2 2 74 86 85 86 27 70 1 2 32 58 42 10 7 89 73 23 72 93 59 60 50 6 9 42 62 39 35 36 41 40 19 23 5 25 11 3 88 90 9 17 93 51 82 25 23 34 5 31 47 10 34 6 40 63 86 25 73 64 36 66 27 11 0 95 15 19 84 43 62 50 92 65 43 69 6 3 33 97 41 29 66 27 
6 83 99 80 49 69 1 94 25 9 26 37 30 22 56 77 69 95 15 94 1 86 90 85 9 42 24 43 58 19 11 80 23 36 89 26 54 97 37 17 24 43 72 13 40 5 48 98 32 92 40 79 64 88 6 3 15 28 6 3 8 72 39 60 97 58 27 76 70 99 38 10 27 59 47 47 70 10 79 3 96 16 45 1 22 40 38 10 77 92 37 58 85 84 6 20 69 20 85 79 
75 62 4 45 81 61 56 85 41 6 76 71 17 33 94 91 58 12 32 22 78 50 98 88 67 23 76 67 70 45 83 22 28 38 67 14 99 8 23 81 84 90 68 39 8 21 71 30 5 73 6 44 26 98 57 16 73 53 77 65 96 75 32 2 30 47 94 99 56 38 24 95 39 92 55 3 11 14 43 65 33 60 49 40 93 84 33 43 4 38 44 8 39 61 93 59 27 5 26 11 
84 70 22 28 31 10 73 46 1 55 35 89 32 3 16 93 76 0 36 4 99 6 82 6 84 6 18 68 46 28 72 80 47 76 35 23 55 38 93 76 39 4 87 97 65 72 37 84 70 58 88 48 14 53 31 95 43 96 75 14 56 0 10 94 38 5 65 29 55 6 25 27 23 5 63 98 41 30 6 12 96 86 70 26 49 7 67 72 58 34 52 24 3 70 88 3 40 59 69 38 
88 5 79 20 72 18 11 36 79 73 25 70 5 56 50 31 49 92 38 89 99 0 57 63 17 48 92 40 2 55 55 77 53 27 4 6 39 15 66 98 79 32 96 6 41 28 44 66 33 69 91 21 61 62 85 6 66 47 8 36 98 57 86 19 26 32 52 19 99 88 50 44 50 69 91 59 76 75 27 4 37 60 16 32 73 0 85 66 0 80 30 72 66 14 11 43 99 76 11 55 
28 9 69 76 15 43 56 93 47 51 88 29 6 23 99 84 53 10 57 66 13 89 84 95 6 88 67 2 5 15 36 35 58 66 52 35 38 50 34 30 13 62 43 96 63 44 1 54 19 41 57 99 77 84 67 35 8 25 72 88 23 69 57 67 54 95 46 72 31 46 8 79 34 26 20 2 8 13 49 17 79 51 57 37 74 39 46 48 62 19 3 68 10 26 36 18 39 17 53 41 
83 24 63 79 27 81 39 18 22 16 45 31 4 53 52 55 34 96 27 83 84 16 87 82 69 6 74 45 65 98 59 6 29 38 23 19 39 9 4 21 96 71 87 52 62 4 23 6 29 94 48 44 16 70 74 47 44 93 74 31 13 23 37 40 14 13 75 86 46 12 6 99 66 97 16 89 13 14 2 77 77 37 18 94 0 95 30 19 95 71 78 81 26 25 83 19 92 1 53 18 
16 73 22 7 44 10 72 78 14 73 77 5 40 28 53 18 67 10 8 25 59 25 92 90 4 18 41 30 1 59 83 47 82 56 84 81 23 26 67 74 16 19 20 26 93 73 33 59 82 91 84 38 83 1 65 47 16 68 11 66 89 69 70 94 4 41 40 62 75 93 49 62 95 10 91 87 21 39 45 86 32 90 50 34 59 81 45 28 85 54 12 26 42 17 50 7 32 24 30 30 
46 91 1 13 27 49 1 8 87 26 79 54 37 79 53 32 92 43 84 0 99 36 17 19 66 21 63 21 52 17 41 40 62 32 44 24 13 55 19 18 67 2 93 48 10 10 26 88 29 69 6 23 43 93 86 24 77 63 53 97 39 48 50 21 62 96 34 14 84 30 61 85 81 0 48 72 57 19 58 71 98 34 66 78 24 19 31 98 29 58 67 86 33 93 89 44 62 59 67 64 
97 93 67 84 26 14 44 21 16 90 50 21 4 49 30 41 50 21 16 37 96 53 22 29 67 76 38 50 55 97 71 42 39 44 28 0 45 77 48 52 83 23 33 17 30 56 60 8 53 91 92 12 25 94 70 26 0 5 1 27 48 19 13 71 22 63 90 20 26 86 66 72 85 67 50 16 4 30 24 65 30 37 33 63 77 60 3 0 93 5 65 98 58 31 94 4 90 50 51 77 
34 31 72 86 6 84 0 9 98 11 28 59 36 79 61 80 55 95 45 95 92 78 8 59 11 43 91 12 48 18 60 43 48 9 75 85 30 56 68 69 65 71 79 92 88 90 89 16 43 75 91 53 11 82 56 87 49 89 9 28 59 29 57 29 20 45 59 18 34 77 94 71 32 82 20 57 0 56 12 42 69 8 42 99 26 19 26 62 23 43 95 39 52 28 65 88 87 98 39 93 
53 93 2 33 40 80 32 37 46 14 52 60 6 70 34 20 3 7 85 35 30 39 32 26 45 75 30 47 92 23 69 73 23 30 4 44 40 69 99 40 62 81 7 86 69 2 3 57 40 80 55 3 9 15 3 89 92 15 78 7 23 46 39 46 37 98 95 38 64 86 41 32 79 91 6 41 23 6 25 13 97 24 42 2 80 38 97 91 69 2 30 7 85 18 10 58 81 20 29 87 
84 93 13 99 84 62 21 53 38 55 80 10 56 38 75 39 8 8 74 80 14 14 86 32 21 63 78 10 78 3 76 34 89 59 77 57 4 88 52 89 68 86 79 28 35 34 34 30 0 57 26 65 29 5 6 69 55 33 75 65 69 73 25 4 42 85 95 7 16 55 47 62 77 1 75 8 9 11 87 68 76 17 52 14 10 81 29 83 23 80 36 5 96 97 87 88 19 97 32 76 
30 21 9 19 3 1 56 78 15 15 86 17 68 84 54 46 11 61 52 10 6 20 3 38 58 99 60 55 41 29 24 85 86 36 59 21 68 87 78 25 20 9 38 48 21 22 66 10 54 85 27 61 63 37 82 61 88 47 26 13 39 8 10 74 14 91 9 95 36 26 36 58 16 2 5 74 54 91 97 10 18 68 86 20 95 15 86 66 41 93 22 13 57 93 0 42 76 30 19 82 
13 81 60 81 91 20 29 14 0 19 23 5 44 80 53 17 84 66 31 64 5 38 36 12 52 14 36 46 59 13 5 30 89 50 16 16 30 72 46 29 69 66 92 15 67 36 36 14 24 70 0 59 24 64 80 37 54 62 35 33 16 12 2 22 95 96 73 14 44 82 74 87 51 57 19 49 19 36 62 51 19 76 51 13 11 36 14 97 10 61 81 8 90 19 64 86 76 15 7 13 
73 91 20 95 46 14 25 7 92 29 80 45 16 58 38 76 1 70 53 67 41 35 62 67 53 6 33 60 83 99 57 78 50 85 7 1 33 63 30 12 75 77 58 83 11 94 90 24 58 63 34 68 49 40 1 93 9 61 70 13 52 76 37 96 38 37 80 31 68 90 30 13 47 25 84 94 8 94 39 58 43 25 45 59 45 64 27 62 19 21 22 0 91 70 97 11 93 36 7 78 
51 85 85 82 53 69 66 14 23 0 16 33 43 86 94 9 22 27 4 12 74 4 91 75 93 73 22 93 36 13 4 17 30 98 27 77 31 86 95 86 21 19 95 30 42 21 9 90 46 49 64 96 26 79 95 34 89 9 32 68 46 55 42 22 62 51 91 57 47 2 20 95 38 54 46 21 17 89 37 85 31 14 11 33 24 31 43 82 60 67 55 84 31 96 47 81 51 27 50 28 
97 90 41 96 60 47 14 1 7 0 47 83 69 75 53 24 75 58 95 99 60 65 50 18 96 51 29 51 75 78 44 59 67 11 78 58 17 1 79 23 80 9 59 79 63 78 97 36 47 42 63 68 59 92 83 65 36 52 17 68 60 16 53 73 11 36 71 53 80 84 57 30 28 24 13 78 93 40 24 19 9 81 47 18 37 69 20 51 11 78 62 71 77 25 88 55 41 52 80 92 
38 68 0 23 12 97 37 23 19 10 82 85 84 53 34 12 16 10 34 17 41 27 70 72 7 85 35 76 27 65 48 63 86 17 63 26 47 68 11 99 78 98 59 3 28 89 61 95 70 69 96 69 11 42 28 65 76 8 48 65 75 62 44 95 0 99 39 86 82 21 34 66 84 86 75 97 22 65 56 78 43 60 20 67 64 19 15 7 23 6 84 45 12 43 84 88 32 46 24 11 
88 92 59 55 68 17 89 50 44 41 63 18 93 65 84 63 37 35 24 5 61 23 3 25 99 60 44 53 47 90 82 30 37 33 26 6 31 66 30 35 1 93 82 79 94 99 5 64 97 12 7 1 88 68 0 9 19 13 11 71 88 60 48 31 25 8 95 69 91 43 62 83 90 45 96 96 25 6 4 34 72 91 31 11 75 83 45 20 88 50 67 65 43 18 28 89 45 2 9 29 
43 91 21 15 9 69 79 13 15 66 2 66 18 64 22 96 70 41 4 10 46 3 42 36 45 26 28 41 16 9 70 49 92 82 11 43 13 57 53 16 99 23 26 72 20 4 18 88 38 51 86 53 34 20 53 20 69 78 93 47 54 78 28 30 57 88 71 34 87 45 63 26 29 53 38 23 57 29 16 90 50 15 31 11 15 61 40 96 71 32 71 85 36 38 88 19 98 81 47 84 
41 21 40 82 97 64 72 48 69 45 64 19 58 39 19 8 50 6 90 49 52 46 46 34 65 31 10 62 23 97 53 74 21 86 70 18 12 32 94 30 93 34 30 94 59 94 97 89 25 16 17 74 23 46 69 88 9 87 69 20 53 9 70 80 59 26 87 50 89 29 77 14 24 2 69 44 92 79 87 21 26 65 83 3 40 19 33 4 93 81 99 88 47 15 22 33 85 42 84 99 
57 27 64 99 86 96 55 68 77 32 7 69 97 79 73 14 4 88 30 25 8 68 50 74 18 16 28 22 93 83 69 93 22 99 65 10 68 16 82 47 46 52 50 13 8 64 55 53 62 7 24 56 38 58 59 92 80 12 17 27 3 79 6 67 39 47 94 27 16 9 31 93 72 3 12 64 61 78 53 76 70 95 47 88 60 74 50 59 35 36 18 51 93 80 11 66 1 41 4 89 
41 41 2 33 10 17 20 51 88 91 42 80 64 4 35 6 48 20 99 38 59 18 97 86 77 81 19 37 50 47 15 92 12 23 14 96 25 26 80 33 7 93 87 37 25 18 27 85 5 48 5 31 2 88 22 85 91 62 55 41 72 67 51 90 63 51 77 21 60 58 58 55 40 19 68 22 44 21 64 22 24 30 82 10 34 41 99 24 33 14 27 73 98 67 72 24 85 69 81 21 
67 73 63 88 66 53 89 87 90 62 94 41 99 18 68 96 63 4 70 2 97 83 63 6 37 45 41 33 3 70 7 15 82 35 39 93 94 99 70 94 46 87 97 21 81 44 52 41 43 39 81 8 74 60 11 20 43 32 59 71 31 28 87 64 14 1 97 22 59 37 23 73 4 45 25 99 18 93 10 12 76 69 78 89 45 53 74 34 48 24 62 22 15 68 73 35 18 97 23 18 
93 35 71 64 68 12 65 2 87 27 37 46 37 22 14 18 56 86 42 76 94 48 90 59 95 62 72 37 62 12 35 46 52 73 67 84 87 37 10 83 55 31 51 22 87 18 8 55 82 63 85 47 3 66 19 46 69 35 9 18 59 39 22 65 61 15 43 52 56 58 52 49 55 34 50 57 21 81 22 19 20 9 0 55 42 5 60 70 3 89 28 1 96 96 44 88 31 73 87 65 
11 89 91 69 81 46 91 15 55 99 78 86 36 90 2 84 88 58 30 76 21 78 29 83 9 41 29 86 43 76 7 59 5 36 27 31 87 97 50 59 45 60 77 25 53 27 57 89 63 79 49 31 5 4 96 35 79 25 76 56 31 66 62 9 97 73 27 82 89 29 86 97 60 16 51 92 91 89 51 66 1 61 37 32 37 85 33 34 29 67 55 18 97 4 33 68 95 7 68 94 
97 36 49 46 47 51 36 2 95 58 93 88 82 24 86 90 93 88 31 99 27 85 68 47 69 99 88 91 83 42 27 96 53 25 37 62 62 18 7 28 76 68 43 67 29 24 91 18 7 29 35 23 22 30 92 11 69 73 47 47 90 82 14 8 20 20 75 72 10 63 6 65 34 1 81 86 42 82 50 44 13 39 9 74 37 50 71 4 47 32 14 40 23 30 45 6 63 93 67 49 
38 71 79 34 38 87 71 73 69 48 97 23 34 32 37 23 12 93 52 3 51 67 85 49 3 88 10 88 5 99 73 69 7 55 75 11 11 72 0 62 35 76 69 35 27 71 87 19 91 7 21 87 51 45 3 94 57 24 95 17 62 76 8 83 83 62 14 99 41 86 41 59 75 80 42 18 39 68 50 85 39 36 28 13 85 56 1 72 29 4 25 3 82 44 5 83 20 35 15 23 
13 72 54 12 69 46 23 29 14 83 71 14 23 60 34 72 80 35 99 51 71 61 64 22 74 69 17 70 41 56 8 98 33 90 83 78 77 53 30 23 56 92 10 45 28 23 31 42 65 30 69 38 48 91 76 36 37 4 50 16 87 32 19 97 12 48 28 85 36 17 9 6 34 88 19 87 12 66 82 23 23 45 2 18 71 58 97 30 72 81 28 36 73 38 13 19 79 6 4 36 
62 81 81 42 75 77 98 92 49 99 53 9 34 92 44 46 25 27 30 19 1 48 65 83 27 84 90 17 32 36 53 43 13 27 70 92 35 16 38 83 91 95 82 81 10 3 57 87 76 88 16 0 14 38 27 20 90 9 90 2 58 94 65 55 95 30 67 32 99 46 13 60 96 95 6 49 52 94 62 81 70 39 35 36 59 29 99 16 76 53 52 11 77 84 49 0 91 2 38 1 
78 17 85 96 74 69 37 9 95 25 63 71 27 2 99 41 10 19 53 14 84 20 21 4 2 95 72 10 94 83 77 28 12 3 71 71 41 23 51 49 64 41 47 77 81 71 92 87 73 82 13 31 87 46 78 64 72 93 84 56 78 81 89 64 74 54 2 72 27 60 31 16 45 4 64 93 10 68 1 75 16 48 91 59 35 4 73 32 24 31 87 18 93 37 46 86 23 72 68 60 
6 47 63 78 92 87 72 52 37 51 84 25 97 92 50 61 27 92 90 71 20 78 74 53 35 21 88 93 51 8 11 39 66 54 1 28 81 19 24 97 63 75 67 80 6 37 44 78 3 11 23 74 54 80 53 89 43 74 62 42 47 25 56 84 33 48 70 54 50 70 56 42 67 92 79 13 26 25 7 89 84 30 62 16 78 39 88 25 69 97 13 17 90 9 87 75 53 93 97 59 
1 98 92 75 41 90 19 15 38 79 64 47 33 11 4 70 74 33 95 41 9 60 62 53 24 19 68 41 45 21 48 12 30 10 39 29 86 21 57 3 81 3 58 79 94 87 49 96 84 92 9 19 72 97 94 15 86 39 87 10 6 28 89 68 59 89 62 72 48 1 99 52 87 85 55 22 52 87 33 45 47 63 87 49 77 10 68 54 6 93 83 21 46 46 26 40 74 9 9 83 
21 14 54 95 57 93 69 16 42 6 60 94 28 38 73 63 88 97 43 83 14 61 18 87 56 67 97 31 22 53 16 46 41 76 34 20 45 79 37 44 4 71 37 38 22 61 59 34 46 57 82 1 98 35 70 27 97 19 46 70 76 89 71 55 55 67 87 74 5 79 15 62 63 44 13 38 49 92 97 73 73 85 54 33 41 92 3 2 83 63 87 77 75 1 18 7 23 36 65 26 
17 41 47 4 18 84 1 5 94 71 18 2 68 47 95 30 19 54 7 12 69 89 3 59 47 21 48 45 81 25 87 71 92 98 93 3 45 47 18 12 35 54 48 46 72 70 9 97 8 94 53 0 87 54 13 17 52 97 78 15 14 15 14 94 30 96 36 10 68 57 87 86 78 81 57 7 7 14 8 98 73 69 64 46 18 51 6 6 11 25 44 5 13 15 6 70 99 33 45 39 
88 70 31 80 59 40 10 61 8 7 35 52 45 81 53 8 17 30 42 43 39 18 98 12 86 67 59 0 24 87 76 18 84 42 9 70 73 35 18 24 52 41 76 40 80 20 20 15 52 17 17 63 12 38 48 4 82 81 9 40 60 88 69 48 81 25 22 23 44 19 51 82 25 72 13 29 99 52 81 6 36 63 94 99 71 94 53 24 28 64 91 37 23 42 52 37 78 39 34 32 
24 90 95 38 98 24 3 12 45 63 75 90 60 19 10 34 79 47 30 25 32 19 15 95 57 79 40 32 91 36 17 8 94 69 23 58 48 54 37 72 62 88 60 22 60 71 38 13 65 71 12 62 11 20 19 12 35 38 34 58 8 33 42 92 29 21 63 23 65 80 77 50 87 6 46 24 16 2 16 4 19 24 48 36 27 38 20 37 25 42 55 74 70 80 87 47 65 60 27 84 
52 91 53 46 83 51 30 32 21 96 56 98 23 76 49 19 23 9 34 17 85 33 8 53 88 91 30 26 35 52 15 1 53 8 34 79 42 70 96 88 78 65 76 76 92 53 6 90 48 1 44 50 9 30 56 38 22 48 56 41 98 76 46 8 29 45 24 62 20 91 47 69 68 57 22 77 31 58 98 69 0 82 75 28 48 5 46 82 77 97 81 23 74 92 93 79 47 88 31 98 
66 26 9 65 18 84 84 34 75 74 58 85 22 84 20 0 47 78 41 8 0 16 28 0 79 79 48 26 87 20 62 16 55 71 88 40 32 26 52 31 56 7 6 6 66 75 5 70 12 49 30 18 51 19 91 90 26 31 91 42 78 20 35 99 60 66 49 30 58 91 18 15 63 40 78 75 97 84 62 69 18 3 53 49 71 45 96 94 50 23 18 86 54 38 64 56 47 40 8 9 
93 92 80 18 83 73 1 41 58 9 61 17 22 6 34 51 75 5 76 15 88 11 16 32 98 53 70 50 46 63 0 32 8 67 4 69 96 22 53 27 70 43 72 60 22 7 52 44 23 41 31 3 99 71 91 53 3 9 41 42 45 60 15 21 51 25 60 84 46 51 32 98 63 51 37 64 1 71 9 24 23 60 32 38 7 91 97 35 75 18 4 8 27 4 27 77 55 7 86 34 
2 41 55 26 51 91 34 21 75 76 87 25 24 66 21 57 96 76 15 38 61 56 89 55 40 13 65 71 23 83 27 88 31 86 94 22 22 89 75 16 89 19 91 26 57 31 76 52 47 12 40 26 58 31 94 76 24 61 45 84 7 91 58 29 57 31 72 6 6 3 46 20 78 45 49 41 95 27 42 38 67 68 26 5 37 51 88 90 80 98 67 3 4 2 65 6 5 72 67 72 
85 91 66 66 10 13 68 30 88 23 3 92 24 97 75 26 82 56 75 42 38 26 86 57 21 83 98 23 90 50 77 85 15 76 26 74 46 98 50 59 35 17 15 45 15 65 77 71 21 87 99 95 93 27 44 13 78 4 78 3 89 55 83 56 94 46 51 23 41 26 9 97 77 14 98 18 99 22 41 73 63 78 3 42 26 35 67 48 4 96 97 66 40 65 57 31 4 20 73 82 
79 4 18 27 0 79 79 58 64 66 98 31 91 34 69 31 23 33 4 78 42 59 83 86 81 66 55 34 0 52 56 78 4 88 33 66 35 10 55 2 55 79 99 21 69 92 47 33 23 81 19 94 12 93 68 28 3 32 52 62 55 29 3 96 25 82 66 45 58 5 58 10 51 87 11 97 38 18 26 45 67 95 35 60 10 58 51 83 67 82 45 51 11 67 88 76 9 74 44 62 
22 26 24 33 56 40 91 13 17 82 30 18 50 35 58 50 17 86 69 96 56 88 83 12 31 82 85 49 85 0 21 61 94 3 25 47 35 97 48 1 2 14 50 65 68 45 14 73 84 37 30 6 50 65 67 97 80 91 7 71 12 12 63 23 50 62 68 85 15 66 43 34 6 80 19 85 9 85 16 84 12 39 46 71 90 19 88 0 44 40 33 55 74 42 27 8 78 33 34 3 
84 75 27 91 80 43 70 71 58 63 64 77 43 53 61 79 46 29 21 18 46 10 53 73 87 10 89 43 11 71 3 81 94 64 98 58 88 67 73 39 90 72 10 84 67 1 90 40 49 63 57 94 58 14 49 52 92 13 12 69 97 4 27 57 90 57 82 96 42 80 64 60 46 82 25 82 52 8 91 83 24 2 81 6 29 62 51 9 60 97 46 29 86 20 94 94 11 58 17 39 
63 42 25 98 60 50 2 19 8 31 82 2 93 8 61 42 18 63 17 88 55 27 57 76 84 75 27 10 58 91 32 63 18 81 31 10 62 81 22 18 93 92 24 77 3 94 49 67 33 30 44 19 38 48 34 70 34 57 20 14 62 25 6 84 16 21 65 4 8 93 78 76 43 13 12 48 98 56 21 17 23 2 67 29 96 22 53 78 60 54 39 41 11 10 9 24 48 86 80 51 
84 92 93 64 32 45 12 6 83 3 4 99 15 86 56 96 45 91 41 8 99 86 81 47 25 19 59 14 46 68 64 76 36 25 2 59 90 39 58 7 25 61 43 66 49 56 17 93 30 50 80 41 62 69 17 82 53 33 66 92 90 87 40 63 7 27 64 12 85 17 23 28 84 7 75 9 78 83 95 15 90 71 36 1 42 56 57 83 34 50 19 35 37 0 74 51 66 16 56 52 
95 94 47 37 49 62 49 93 29 71 34 47 57 77 98 15 41 61 39 81 40 56 69 30 54 57 60 40 44 87 42 79 14 18 10 57 39 69 8 57 10 56 86 0 96 10 6 88 73 2 45 62 36 77 47 1 89 79 67 51 33 56 6 96 77 5 92 37 98 79 11 14 73 6 2 75 93 57 88 31 66 89 25 70 12 63 4 18 99 19 99 96 90 51 52 88 69 67 8 84 
67 66 69 52 83 57 72 27 71 22 87 29 22 40 95 74 59 41 81 87 87 92 64 46 93 84 67 42 12 84 15 27 81 81 83 98 79 41 86 41 39 57 40 74 91 29 13 98 58 23 39 88 33 13 38 94 89 83 64 87 80 68 69 21 4 28 37 21 18 90 9 89 7 66 0 97 65 38 69 25 19 33 51 78 30 0 36 59 47 24 39 58 89 63 30 43 25 91 3 96 
26 36 37 66 10 97 5 7 50 74 61 28 49 83 88 52 49 32 39 14 37 31 40 36 66 46 62 29 98 34 8 40 17 75 73 93 44 19 79 15 96 81 19 70 81 61 32 16 70 21 3 59 50 81 3 0 15 55 64 70 6 9 62 76 79 36 55 81 70 78 72 46 30 98 76 8 10 75 89 43 21 46 48 17 78 60 51 47 88 68 6 51 54 80 63 1 7 13 57 31 
7 7 46 59 93 67 71 86 24 49 17 19 39 85 2 68 6 9 26 5 46 23 26 43 16 59 96 23 81 36 56 2 72 19 54 91 68 95 46 71 43 19 93 72 75 81 60 49 77 17 22 49 96 26 1 47 23 10 33 49 21 59 0 79 71 40 69 85 83 50 43 91 12 5 80 98 90 42 55 24 67 18 88 92 22 47 42 50 67 77 29 35 63 12 72 66 78 20 48 58 
46 73 11 32 6 12 32 3 23 77 56 8 45 66 59 53 89 56 67 29 5 21 30 43 16 82 62 94 92 13 2 2 10 98 98 63 93 22 15 38 22 24 32 14 38 28 89 97 36 55 58 23 52 16 98 2 72 92 56 19 42 33 29 80 38 58 60 87 38 4 91 53 51 56 62 6 74 55 20 56 47 14 72 25 52 24 50 91 29 0 83 86 47 35 15 33 71 57 52 89 
32 7 33 44 51 77 89 43 6 45 46 41 22 64 1 51 46 15 58 56 69 57 7 31 27 95 94 72 27 60 0 52 27 61 72 49 73 60 60 37 81 81 80 0 70 37 37 44 33 15 10 53 15 83 24 14 59 1 27 86 72 65 34 10 40 84 91 41 13 71 60 97 7 59 89 26 10 1 80 1 9 94 81 79 4 98 73 85 50 57 53 66 50 70 87 91 46 35 25 39 
12 12 77 83 56 59 28 15 7 16 29 13 99 6 36 5 47 18 92 19 68 51 74 17 11 5 95 80 17 62 31 64 57 17 35 82 61 9 68 6 36 46 89 93 86 22 24 77 36 27 23 46 9 19 36 47 57 32 61 53 18 56 86 19 44 52 93 39 81 53 39 12 21 19 32 45 50 94 78 8 75 73 11 58 66 81 76 3 31 78 63 9 76 31 15 6 50 16 17 53 
73 83 83 52 58 96 38 96 68 54 89 97 13 4 72 1 22 1 18 77 54 2 43 37 47 10 69 5 62 4 5 17 83 43 68 87 60 3 51 30 74 22 64 5 41 69 89 8 62 99 38 99 93 66 86 84 47 1 50 69 44 82 94 47 62 90 80 17 82 65 22 60 67 94 66 43 31 10 20 46 56 39 96 74 92 93 8 55 89 60 12 26 72 77 24 14 43 62 26 17 
24 39 36 50 36 54 76 89 32 9 19 28 10 2 43 81 8 39 65 14 12 95 97 43 3 49 70 50 64 48 61 3 99 15 17 23 7 62 94 31 71 4 51 33 24 50 48 38 8 28 12 76 85 59 98 29 36 58 46 9 88 89 66 64 62 83 89 28 91 34 76 66 52 77 76 27 56 97 31 5 4 80 10 85 2 22 30 67 48 96 98 68 35 67 73 64 81 93 16 36 
32 63 62 98 28 98 98 30 60 69 0 83 52 83 60 10 21 37 95 78 62 55 15 98 62 88 98 75 5 71 30 44 3 59 11 34 90 77 84 59 88 12 19 12 57 89 23 7 30 41 11 62 78 24 85 56 12 2 48 71 21 64 98 4 3 15 72 59 14 53 43 86 82 49 99 75 62 51 74 91 72 80 20 22 8 25 64 93 61 75 13 75 33 91 93 91 92 40 46 32 
17 29 51 38 48 23 77 60 95 19 84 35 59 24 47 34 9 47 15 51 45 58 3 77 22 38 23 41 95 24 50 50 94 11 56 36 53 24 74 65 57 74 96 35 59 51 7 88 16 43 36 58 97 15 83 77 47 52 64 80 95 41 59 88 53 2 38 87 26 91 27 24 63 69 23 10 4 63 31 73 41 31 61 39 8 58 69 16 76 13 99 21 36 10 32 23 78 70 17 28 
58 12 99 49 5 46 81 36 87 2 74 92 45 65 27 6 67 19 32 10 25 5 46 39 27 38 48 11 70 15 16 14 65 59 37 93 88 55 22 18 64 34 73 82 95 91 9 94 21 42 62 78 23 4 23 28 35 43 72 79 0 5 60 62 95 16 72 79 27 74 2 80 13 34 57 62 71 63 17 64 14 87 69 85 37 22 55 76 24 96 92 28 57 73 45 12 21 87 25 8 
82 81 12 37 16 94 99 86 34 60 97 35 18 30 14 98 52 72 2 28 18 45 12 1 4 81 3 91 14 20 36 20 58 51 81 30 76 26 70 14 19 29 35 80 34 31 49 30 94 60 28 20 38 58 23 15 17 26 1 88 71 52 97 62 38 28 41 54 94 86 53 87 42 52 81 67 21 98 41 65 37 95 32 43 63 51 71 25 84 4 45 14 15 61 87 55 50 19 92 66 
65 14 51 13 32 4 91 51 72 52 48 26 97 22 51 81 70 88 86 64 6 44 41 2 2 80 72 26 67 98 74 9 77 66 57 43 55 65 95 44 1 99 76 46 68 75 89 76 62 17 21 36 90 72 34 79 80 22 70 48 39 72 58 20 50 46 15 2 34 11 51 20 90 29 54 64 92 96 58 21 39 98 80 20 60 14 40 62 26 49 86 61 28 10 90 27 29 43 57 25 
90 50 29 4 79 8 66 60 21 87 2 43 25 12 18 0 17 29 7 23 75 39 12 16 78 18 84 9 89 23 98 49 33 22 27 19 34 26 44 24 13 54 69 84 77 17 17 6 36 72 90 93 63 18 91 5 4 29 57 11 98 7 11 22 46 3 18 2 21 13 11 82 14 64 78 48 78 90 35 3 77 1 78 60 50 64 57 25 70 47 61 96 21 28 85 31 57 30 45 92 
