36 2 17 22 36 44 8 64 77 0 66 79 49 50 91 10 22 22 87 28 2 72 29 82 52 25 3 91 31 6 79 61 22 84 30 88 72 36 46 85 81 12 22 37 25 81 40 26 93 90 30 48 11 97 6 75 6 84 66 53 90 55 92 43 4 36 61 49 37 95 80 57 39 39 17 60 96 65 50 3 63 44 87 3 45 32 93 8 97 99 24 75 99 49 1 34 81 54 85 76 
41 17 48 29 65 51 0 91 21 86 62 6 97 20 9 1 3 75 96 89 57 97 86 21 58 19 36 15 13 46 59 50 6 62 91 37 78 99 75 14 69 92 54 91 86 70 33 57 61 17 89 17 15 88 80 32 7 67 91 17 88 72 99 54 32 95 17 76 47 51 94 59 87 0 74 37 14 94 15 28 8 53 54 81 26 99 22 20 3 88 68 1 91 76 69 53 62 70 73 30 
46 91 68 55 3 52 8 80 29 76 31 13 11 77 1 64 39 70 79 4 42 45 1 15 65 15 89 11 84 48 77 76 70 51 59 45 53 97 10 18 40 49 8 80 46 44 51 35 33 25 40 12 34 0 30 98 51 27 30 3 98 54 47 82 12 79 13 7 86 80 6 32 18 59 64 79 37 46 91 90 80 69 81 45 1 48 33 14 15 1 86 45 53 10 40 35 26 71 99 65 
97 43 22 33 27 35 33 92 53 71 79 80 16 56 94 11 42 13 20 85 87 10 67 63 68 70 48 84 94 39 37 80 90 96 54 19 96 58 36 79 37 7 41 49 38 91 95 94 70 23 77 52 91 40 6 82 79 56 67 68 60 48 2 88 50 45 40 14 76 22 17 9 14 10 10 98 1 26 84 49 71 35 86 90 45 25 86 9 99 90 28 48 27 4 88 32 4 68 47 67 
51 37 35 22 87 96 50 51 25 30 48 40 47 71 4 53 63 52 81 21 87 87 1 80 31 68 41 65 92 68 82 14 66 94 40 65 0 54 33 23 23 17 60 4 78 88 86 93 20 52 13 37 43 34 56 3 96 49 30 42 98 17 90 18 60 36 30 63 45 30 30 51 6 25 80 21 87 6 66 51 85 11 27 51 47 13 2 22 47 37 39 96 51 86 83 32 65 53 94 43 
27 77 55 67 74 64 24 42 6 46 70 58 57 24 87 27 28 75 82 24 35 6 76 67 27 45 77 31 78 84 40 78 93 76 82 22 28 68 87 59 51 26 35 36 28 39 77 7 53 0 46 61 4 75 32 34 76 29 23 84 21 17 60 75 67 73 64 28 59 16 59 42 47 0 97 30 19 52 1 72 39 68 44 39 62 83 89 85 28 6 47 15 49 56 1 23 22 50 85 86 
55 67 10 29 29 82 32 10 44 75 46 76 45 59 30 20 10 52 77 13 94 8 39 39 3 21 97 78 73 17 0 56 33 3 33 0 9 90 16 72 50 68 57 83 7 17 94 92 80 81 49 54 90 68 28 60 29 80 34 7 44 88 71 85 68 15 8 48 15 71 60 32 38 7 98 97 9 87 29 32 94 22 44 83 85 84 77 43 26 85 85 82 44 70 88 14 0 79 99 32 
52 4 85 96 78 20 17 25 12 11 98 44 6 75 88 85 18 85 92 76 58 1 41 20 87 7 20 74 97 19 25 58 0 7 75 67 97 12 18 19 55 30 35 51 63 88 23 47 14 68 8 34 54 42 84 73 36 39 99 18 52 7 55 35 17 87 54 99 83 5 21 72 54 21 10 37 42 61 50 70 67 59 0 54 97 9 44 37 28 74 65 94 56 35 18 81 45 24 14 41 
57 40 69 16 38 86 28 44 77 38 85 90 23 19 45 27 72 79 7 46 17 16 89 33 94 39 55 88 31 26 50 60 94 6 91 90 14 35 65 1 38 52 0 86 6 9 91 70 85 82 43 47 62 73 52 31 44 8 65 56 36 69 95 88 38 69 35 7 66 34 33 31 49 77 87 10 14 52 21 23 10 64 12 54 40 45 99 5 81 8 31 55 34 61 85 75 22 51 69 54 
91 57 15 12 65 42 53 92 25 39 25 49 46 15 60 59 65 4 47 63 74 92 24 36 8 43 92 99 77 19 80 60 96 39 28 80 2 24 32 61 62 60 89 37 54 13 82 60 39 50 83 68 85 29 1 17 87 85 24 56 95 56 9 60 33 11 29 64 4 45 70 64 94 2 10 66 57 17 97 30 34 20 98 77 9 65 6 95 77 92 93 75 29 28 21 63 67 43 40 12 
80 15 8 79 0 53 48 5 3 31 74 16 69 76 15 70 30 34 67 37 97 69 78 68 94 18 58 53 73 34 57 67 61 56 65 62 68 33 3 13 5 47 73 67 76 51 67 82 97 51 36 87 43 50 32 6 30 22 88 53 3 48 46 94 43 6 55 78 71 26 46 75 38 68 2 50 31 46 18 73 52 75 80 63 24 5 75 53 77 52 1 95 89 81 37 16 50 20 36 63 
19 84 15 98 2 16 92 63 55 19 72 64 2 56 88 55 91 64 31 63 0 4 99 17 76 97 72 46 35 33 61 28 7 91 52 47 25 27 92 82 10 36 33 95 76 85 72 59 8 65 27 77 58 54 80 64 83 56 89 87 10 99 30 57 68 27 2 14 68 19 75 56 79 24 8 65 4 74 92 48 20 34 29 66 76 30 54 91 11 55 96 36 81 85 31 80 20 8 13 74 
82 25 58 77 79 6 46 99 73 79 64 69 77 73 67 20 0 40 54 56 2 16 43 77 22 7 7 90 86 46 72 68 48 29 88 72 44 80 59 8 36 44 87 76 82 9 78 87 45 8 31 27 46 0 13 17 60 97 88 34 6 22 65 55 8 31 60 50 53 33 99 65 68 57 86 94 40 38 70 8 48 7 27 13 79 64 89 93 56 71 52 22 61 78 18 20 64 44 21 18 
63 57 54 65 9 26 2 93 9 52 18 79 11 59 32 98 7 30 96 92 28 57 68 10 46 28 24 38 84 30 8 33 5 40 47 61 95 3 60 13 20 47 0 55 29 2 59 1 92 56 94 63 62 4 92 27 65 10 15 10 26 71 9 19 59 38 8 29 55 92 11 38 54 47 34 81 26 90 72 55 34 92 42 45 66 70 95 9 35 2 22 60 44 57 0 43 17 71 31 68 
80 82 86 22 62 76 37 92 23 57 23 95 11 28 10 99 10 0 75 31 51 11 19 99 90 70 73 13 80 91 85 3 22 71 40 32 48 58 65 81 63 89 15 34 81 15 28 13 97 55 74 14 53 40 44 67 38 65 11 78 27 19 6 81 62 76 46 70 56 50 42 63 90 52 42 91 47 5 5 62 52 73 29 13 26 99 74 93 30 85 48 26 51 1 33 11 7 34 32 49 
43 2 63 15 72 29 46 91 90 45 13 46 33 48 60 61 96 87 89 97 97 88 70 88 54 90 11 52 61 56 10 20 44 71 93 33 10 52 92 34 1 21 32 26 54 18 71 29 42 44 5 86 4 45 54 33 18 67 85 93 57 73 80 75 39 10 69 72 28 1 96 27 84 80 42 82 98 5 89 66 45 70 41 97 6 44 23 73 35 46 5 10 86 99 61 84 53 1 57 12 
12 4 61 19 87 2 94 21 2 48 96 92 71 33 19 86 55 57 59 90 7 41 87 6 36 97 26 53 53 30 33 23 80 41 13 97 3 99 41 40 4 31 54 34 27 33 65 36 63 68 96 47 52 63 57 38 56 42 67 94 23 12 75 30 75 72 26 58 3 84 7 59 31 89 16 93 2 2 8 51 39 81 19 6 98 55 38 89 25 96 64 0 20 94 29 88 33 73 29 37 
4 99 20 21 44 8 89 12 58 4 80 29 50 80 68 44 79 31 25 32 79 34 81 30 15 26 44 3 91 4 74 79 65 21 76 30 26 55 31 8 5 4 80 23 97 98 3 4 49 30 51 98 86 80 1 58 56 19 76 39 76 37 29 67 26 58 74 11 93 46 52 4 99 28 50 43 3 81 68 11 99 60 16 76 75 74 33 57 3 85 45 21 77 65 81 27 71 19 52 80 
21 9 85 97 70 74 28 93 88 62 30 92 38 97 91 41 69 73 66 81 61 68 79 97 76 90 75 56 61 42 80 12 79 29 14 27 96 0 59 65 0 22 6 16 17 77 86 98 53 79 77 54 13 12 5 2 23 2 71 96 35 33 35 4 34 64 43 37 33 0 59 6 52 87 36 94 28 40 7 7 37 81 65 76 20 25 25 33 90 35 17 59 13 62 96 44 79 27 96 15 
47 96 76 24 11 39 44 7 15 22 39 51 99 47 81 85 21 47 5 73 11 11 17 32 24 35 13 10 0 78 84 87 16 82 97 16 13 0 42 83 95 27 30 3 39 30 60 64 0 86 18 67 52 96 23 12 74 51 68 41 83 62 5 86 64 45 47 38 50 16 93 85 31 23 0 62 87 96 27 31 85 14 39 14 37 8 10 99 18 46 86 95 72 1 41 23 57 8 18 1 
79 10 50 86 99 11 41 17 69 63 26 83 17 4 46 71 16 14 39 68 17 51 23 57 5 37 29 44 9 25 74 42 84 22 49 97 52 21 76 47 5 93 85 55 47 22 53 54 75 58 58 3 49 36 75 2 16 93 24 37 11 47 15 20 75 75 14 7 53 22 2 57 9 36 56 23 39 6 45 34 21 8 99 29 65 96 38 27 69 72 4 3 64 62 9 52 62 43 89 43 
79 43 87 7 59 19 38 5 34 58 10 39 59 8 50 78 66 95 79 23 86 32 31 42 15 86 27 13 76 9 70 6 16 46 31 80 59 89 24 23 83 44 4 91 52 86 50 85 27 97 71 3 85 40 54 65 56 3 14 68 50 13 40 72 98 97 73 52 39 8 54 9 86 30 23 0 96 54 60 99 68 95 86 70 81 16 9 92 23 62 14 73 6 71 4 56 0 19 91 57 
61 51 24 36 16 82 94 98 79 4 60 3 21 51 68 53 47 91 84 17 33 9 43 7 31 84 82 82 79 8 27 16 48 10 18 83 96 63 86 46 18 12 14 94 67 90 97 4 54 87 22 69 9 57 84 75 38 70 86 16 66 55 30 80 17 93 67 4 22 69 35 91 24 34 42 72 93 4 56 98 98 0 17 91 23 54 27 4 5 58 75 91 73 86 52 15 78 24 28 24 
6 96 13 42 69 79 83 44 31 18 31 67 71 44 83 97 92 45 62 11 99 65 35 58 57 24 13 53 6 75 10 13 1 3 64 95 22 33 31 26 30 54 12 5 30 84 89 39 75 4 50 39 20 53 32 31 84 25 4 11 34 34 38 11 74 52 99 1 78 2 28 76 9 2 56 90 86 64 55 50 44 9 23 89 61 36 23 6 69 9 87 1 92 38 63 70 38 35 35 9 
61 72 7 87 4 80 94 62 20 48 88 30 16 34 13 49 77 72 80 84 65 64 24 22 71 5 16 76 12 74 56 86 24 13 51 34 64 10 92 14 34 77 18 90 54 53 91 2 16 7 66 37 10 11 84 31 55 4 52 96 32 26 86 25 46 75 2 58 76 79 16 1 62 45 23 47 94 73 30 16 23 31 63 48 51 32 34 43 61 88 12 0 42 15 49 9 67 92 14 14 
44 35 39 0 32 62 4 60 57 98 75 57 5 22 5 73 44 12 16 31 28 19 20 65 67 62 72 11 28 47 32 60 49 29 69 11 98 14 13 26 38 64 3 74 94 35 77 74 94 36 40 90 92 15 92 78 74 85 21 99 56 72 88 28 81 11 50 93 14 79 58 52 77 10 33 46 18 42 55 89 80 82 51 41 22 71 60 63 11 5 30 92 11 11 98 59 47 96 98 27 
24 7 30 83 94 2 48 7 70 99 67 94 30 67 33 28 73 2 43 90 67 7 36 3 81 63 66 37 92 96 28 52 66 8 11 43 18 12 39 45 65 10 56 74 13 72 70 18 69 2 46 64 13 73 79 35 15 6 47 13 78 91 29 33 78 97 63 55 92 34 99 13 52 27 60 56 12 72 18 71 91 50 97 68 29 21 38 49 24 68 86 52 8 94 57 89 23 78 75 92 
1 37 20 47 70 86 61 6 87 46 68 69 49 38 40 24 76 98 59 28 13 55 12 90 98 79 72 65 58 35 50 25 11 85 38 10 23 3 0 61 43 40 18 85 18 74 7 92 21 52 24 17 81 96 6 69 9 91 6 65 70 68 82 7 65 6 85 90 39 46 36 71 63 25 62 50 95 18 49 45 80 26 54 11 56 31 7 76 80 38 90 44 39 93 13 61 48 33 32 33 
47 64 83 24 75 13 4 18 10 42 39 27 81 70 73 35 94 49 2 33 28 29 61 55 73 74 45 84 62 56 88 4 98 19 71 47 51 76 82 33 18 2 34 53 29 59 72 37 48 88 66 9 15 66 92 37 13 91 92 48 50 73 97 30 8 92 54 77 76 86 3 0 72 2 11 52 39 69 81 20 61 37 28 39 47 59 56 55 54 40 26 32 32 6 7 61 22 80 2 90 
13 47 10 11 50 30 37 19 72 76 98 45 9 1 4 7 76 10 36 96 57 65 73 20 45 49 2 69 7 25 40 69 35 31 84 81 94 55 59 63 35 20 60 63 93 63 94 99 96 89 79 41 44 63 7 42 63 24 1 87 99 89 47 6 61 74 77 18 40 95 16 64 76 78 71 87 44 90 85 9 85 99 36 26 65 72 62 95 45 89 62 35 91 47 21 67 19 44 73 24 
82 83 65 9 59 16 39 80 18 36 55 73 26 40 28 42 64 54 52 58 92 99 43 24 6 23 44 89 85 42 63 17 82 36 82 26 25 43 43 35 72 64 94 0 84 11 83 41 79 47 82 76 50 6 9 59 28 24 89 86 80 66 41 45 92 53 99 53 25 96 64 0 16 90 19 74 34 14 93 1 12 9 39 40 74 98 91 31 34 8 12 78 67 49 1 77 58 13 96 63 
19 9 86 78 29 77 61 18 28 80 21 15 27 79 69 12 37 59 95 25 98 46 57 93 54 88 76 8 94 14 76 75 20 16 65 34 48 71 10 96 66 37 5 78 78 8 66 96 82 73 55 49 23 90 87 98 98 82 70 56 67 67 96 78 11 19 89 19 71 35 37 82 25 49 79 31 51 34 47 38 69 92 84 2 70 44 19 1 30 22 54 62 78 99 64 7 88 84 54 46 
25 77 69 85 92 45 52 17 25 44 80 87 34 96 26 4 65 60 90 87 58 38 70 92 22 88 44 96 64 10 87 46 67 94 19 96 32 83 0 26 77 38 21 6 26 1 97 36 59 38 53 12 7 25 96 38 51 93 84 93 90 24 57 80 11 24 19 37 24 24 3 78 42 32 77 56 4 52 13 70 0 63 55 39 40 38 81 43 86 86 83 19 98 92 68 63 3 60 88 12 
88 60 76 51 84 58 78 16 4 63 29 65 97 97 23 41 5 39 9 16 1 59 98 34 65 9 92 68 83 74 68 94 60 16 40 74 27 32 38 96 79 43 38 6 53 57 4 61 22 15 68 17 39 85 6 37 45 67 37 59 85 23 81 35 17 46 19 41 28 82 58 20 52 73 0 36 69 72 3 20 60 90 49 97 1 50 96 73 73 62 50 23 3 9 72 54 50 8 69 64 
34 56 26 49 95 91 79 88 99 20 40 10 30 20 45 0 81 59 19 57 90 50 81 37 65 54 9 16 91 21 22 51 90 15 81 19 29 75 43 86 37 31 91 66 25 89 88 28 38 96 10 10 22 91 80 72 85 92 8 60 57 4 74 61 30 69 21 41 45 64 27 41 62 80 16 60 43 86 10 2 24 66 52 32 0 73 3 53 45 77 40 95 2 11 28 46 92 43 88 32 
83 29 73 94 87 26 30 9 3 93 83 73 20 83 22 26 72 53 76 96 21 40 63 40 65 93 57 87 68 46 19 83 28 12 23 40 51 79 35 1 90 63 79 10 33 81 12 36 59 17 26 76 15 65 55 56 23 66 33 16 80 36 66 59 11 16 58 64 18 94 49 67 78 13 41 80 67 42 70 16 64 86 84 57 25 47 13 75 70 45 68 24 46 19 69 99 36 9 25 9 
21 43 81 76 46 21 14 33 55 96 60 23 67 81 51 60 10 4 53 4 9 80 77 60 14 50 87 52 23 95 46 44 47 50 58 71 54 5 50 13 88 90 69 60 25 84 67 1 59 31 14 24 89 18 46 31 86 32 34 2 5 6 75 92 48 51 94 73 39 75 65 57 54 51 70 32 41 81 36 79 19 4 18 90 69 4 25 66 68 19 40 12 53 10 6 34 4 98 19 6 
84 13 83 57 69 25 55 90 95 87 69 91 66 19 7 99 53 48 7 84 55 14 58 83 56 39 32 46 56 27 90 69 13 61 95 60 10 71 36 20 48 81 48 52 8 53 46 54 57 63 84 66 4 33 95 22 45 90 20 87 7 22 11 3 34 97 30 7 17 33 13 18 3 81 55 39 78 96 83 96 10 89 19 80 70 44 41 50 28 93 37 46 54 83 42 87 64 28 20 61 
88 99 1 89 40 98 11 84 35 89 22 12 83 39 14 17 65 95 42 86 61 45 54 34 87 58 63 10 95 98 65 11 21 45 73 77 20 44 4 42 3 56 82 27 60 15 71 94 33 18 96 31 9 7 81 52 64 80 69 67 1 11 69 37 35 91 90 65 81 63 93 61 35 70 8 5 2 94 95 18 11 25 53 21 83 37 60 59 97 59 49 95 0 75 75 70 18 77 25 78 
42 31 76 78 74 49 28 85 16 13 62 54 62 81 85 35 3 97 39 4 96 25 39 1 19 94 93 6 15 56 45 83 92 24 83 89 28 99 90 16 86 11 52 89 51 28 82 93 38 77 36 63 99 24 67 38 67 72 69 62 1 98 33 53 41 82 51 45 66 38 62 17 77 55 44 36 60 27 22 89 99 35 70 63 74 14 41 62 62 77 20 46 77 52 60 36 4 13 84 23 
51 68 32 17 28 83 28 98 43 23 3 56 74 94 32 60 79 6 60 40 34 13 33 21 5 55 15 83 77 90 26 55 43 72 75 83 91 62 22 36 44 38 39 69 99 74 15 35 4 23 9 9 91 13 66 44 47 53 10 58 1 15 52 32 59 82 16 60 99 92 51 66 1 14 35 9 87 62 83 88 0 39 24 16 19 75 9 27 55 48 41 31 27 25 80 70 82 45 39 64 
58 4 11 63 48 73 46 67 94 80 68 46 80 45 97 82 16 33 96 41 43 19 56 75 51 57 24 6 88 95 8 50 23 32 65 60 16 89 18 5 90 79 37 94 15 77 72 66 26 49 21 78 89 93 58 77 82 13 73 36 45 43 79 19 59 39 15 12 26 81 77 27 21 43 99 40 41 91 77 37 67 89 88 59 28 20 72 90 39 59 18 47 90 49 91 6 8 54 31 0 
97 52 40 11 46 89 95 47 86 55 95 39 5 79 39 24 29 59 70 17 18 93 53 16 46 93 69 60 57 71 86 28 77 20 75 74 33 99 71 71 11 53 31 51 20 81 12 72 83 86 84 28 96 49 8 78 38 99 61 64 74 51 24 55 39 56 6 78 67 86 7 62 99 21 73 65 62 90 21 60 14 61 62 67 60 90 17 90 13 12 67 15 4 86 24 1 54 40 40 19 
71 30 89 85 99 76 65 47 1 62 12 3 38 56 3 23 74 12 14 36 83 18 71 13 66 37 72 43 18 72 39 41 50 80 39 38 86 48 34 98 80 56 38 70 0 63 64 56 83 43 7 87 56 94 12 65 29 26 18 13 23 32 85 55 86 78 47 73 64 86 30 65 56 30 86 25 7 54 54 1 74 11 6 7 97 29 16 19 3 42 19 34 26 20 43 17 41 33 75 30 
29 19 23 66 96 39 82 19 60 17 98 99 79 76 22 85 5 57 29 68 46 42 67 87 38 13 5 24 87 58 52 76 10 93 98 29 80 3 84 60 22 56 79 33 10 30 38 65 0 36 48 40 94 81 58 79 39 5 74 76 38 24 13 67 94 70 67 87 96 47 57 85 17 24 64 92 24 97 39 82 71 64 24 38 57 42 91 3 66 73 80 52 24 74 96 52 65 24 21 48 
81 85 69 50 29 87 72 40 20 33 81 97 29 95 63 75 61 47 68 15 86 46 37 1 52 46 39 35 31 17 78 27 82 70 88 70 7 30 12 16 10 94 55 58 50 96 55 3 41 79 91 22 60 62 10 82 71 79 87 11 1 56 36 12 56 54 21 50 58 86 8 28 19 69 23 72 3 14 45 81 46 22 73 60 42 47 19 60 80 77 52 33 7 65 84 1 73 54 46 22 
86 38 76 34 14 76 83 39 86 83 29 41 99 92 54 87 86 7 72 74 83 44 50 44 43 47 62 95 47 16 41 0 24 13 48 87 8 37 68 80 94 14 27 92 4 68 17 16 67 64 60 37 1 12 0 77 35 96 30 41 6 90 55 35 63 61 75 26 59 34 50 7 44 39 39 14 9 1 48 90 30 21 97 5 96 85 60 59 34 11 35 89 84 86 8 25 91 77 98 88 
37 85 37 23 54 2 56 62 75 68 97 70 6 98 49 69 79 95 20 3 85 80 11 63 99 86 87 95 24 68 9 24 21 72 5 57 67 31 56 33 5 14 57 11 59 98 33 66 67 74 9 49 62 72 44 32 43 32 86 28 7 32 20 20 40 45 33 24 88 34 65 62 84 15 20 91 82 71 88 71 26 54 59 60 4 37 71 68 22 2 99 97 43 76 63 40 61 83 6 69 
83 4 3 26 2 15 17 10 94 84 8 1 31 64 37 89 72 40 88 18 18 71 91 1 1 56 89 21 0 66 44 88 14 15 4 45 2 91 82 30 7 53 3 79 38 34 17 47 92 65 38 3 26 47 30 25 76 48 71 7 18 5 3 72 5 56 23 74 65 13 49 64 65 42 71 70 12 57 5 71 51 77 22 86 87 38 20 48 56 41 66 81 86 46 75 1 39 0 3 45 
21 90 91 54 73 0 30 78 96 94 46 16 97 86 25 36 84 48 36 75 25 5 83 36 20 64 23 13 96 1 73 68 9 95 52 0 62 85 84 82 46 71 52 35 75 58 17 61 45 49 87 30 0 25 57 3 80 68 12 33 48 97 13 20 81 63 76 54 24 78 91 34 63 14 10 0 88 67 91 80 10 45 90 96 84 41 3 91 39 32 78 52 31 38 59 56 97 97 78 63 
16 39 61 95 90 46 38 42 36 43 58 17 68 4 59 50 81 70 24 80 16 97 93 75 10 94 98 70 70 3 80 95 21 45 92 33 83 22 94 49 12 60 16 69 78 31 82 87 88 10 45 89 72 67 65 37 9 48 72 98 48 44 32 11 47 86 66 56 79 64 3 67 7 76 15 44 84 24 81 64 64 47 42 46 45 14 6 96 14 31 75 49 97 24 63 63 71 36 88 10 
88 27 97 29 37 66 60 53 71 16 50 28 29 43 11 89 57 75 63 64 7 93 20 6 91 39 96 58 24 86 45 54 69 31 8 66 46 18 7 17 70 40 86 80 64 16 4 59 36 52 21 50 95 97 74 95 17 89 1 29 70 39 83 50 23 60 3 60 43 4 68 64 25 58 53 84 44 25 20 75 88 47 0 46 87 55 59 77 8 70 8 63 98 85 28 34 32 98 92 51 
95 12 38 61 89 36 87 55 9 17 84 58 35 26 92 75 10 31 14 58 39 78 91 9 59 91 65 52 19 61 13 4 99 10 2 16 61 0 28 38 56 54 72 75 41 23 56 46 60 33 30 86 98 9 20 2 1 45 62 21 89 1 47 11 46 50 29 14 17 48 51 28 48 43 12 64 12 69 90 26 25 21 24 13 17 55 39 7 33 46 75 35 20 62 42 15 20 0 73 43 
46 3 65 86 5 12 52 37 6 60 60 8 22 40 92 98 41 76 98 72 21 12 11 26 42 93 81 88 69 76 46 2 15 25 22 55 43 69 27 83 18 27 3 8 30 44 53 41 93 33 44 8 0 74 0 34 59 72 22 92 38 11 10 28 68 5 38 76 11 2 26 26 61 32 59 97 54 6 49 87 37 12 96 48 59 49 56 74 17 45 87 76 94 19 11 0 94 1 69 76 
12 83 58 69 86 34 35 39 60 51 70 84 22 7 11 15 20 63 12 66 78 86 5 19 69 62 22 3 27 68 71 8 15 36 80 21 29 61 13 24 46 81 93 19 35 4 49 58 66 65 92 75 82 41 40 83 24 86 95 64 82 94 3 48 82 98 43 97 66 5 39 93 4 50 54 25 12 93 38 80 5 83 99 1 11 16 91 28 14 53 6 16 12 68 98 95 72 51 82 86 
86 90 34 85 48 60 33 37 66 56 41 46 10 26 99 55 59 85 96 67 87 5 83 35 55 40 24 10 2 0 80 20 92 73 54 58 96 97 37 68 20 51 31 39 12 20 34 54 2 55 29 4 88 36 73 68 90 95 81 4 54 62 14 2 93 8 55 28 87 59 24 69 10 25 77 4 75 43 41 57 54 29 99 2 56 53 78 72 41 85 44 18 35 67 8 44 47 16 32 36 
58 64 4 33 85 30 21 77 20 81 72 29 13 13 86 14 91 79 84 74 13 95 23 47 49 1 78 32 56 54 19 13 8 75 74 28 35 14 7 13 98 76 99 41 86 10 6 15 22 56 0 47 53 35 64 80 29 91 56 91 0 4 14 49 61 8 18 25 31 93 17 29 21 82 49 74 58 88 79 74 71 3 17 66 53 23 48 25 65 52 93 56 69 20 22 21 6 23 39 40 
54 79 33 64 62 73 36 16 28 47 60 47 25 92 17 52 50 37 63 85 48 78 30 0 33 84 82 35 57 0 63 63 98 52 44 15 92 32 58 94 68 55 74 17 29 75 34 29 27 91 96 84 91 48 59 38 8 46 76 15 93 99 96 20 66 56 75 70 3 95 32 9 66 77 17 56 57 20 85 28 76 60 73 40 72 86 92 60 48 21 46 49 51 64 3 15 74 3 15 4 
24 14 65 4 87 11 21 61 80 80 78 58 70 23 56 22 30 4 93 26 95 88 78 7 65 19 32 93 19 69 99 21 5 89 51 28 6 18 53 52 94 85 73 66 60 54 42 33 66 58 49 41 28 29 90 60 62 5 55 37 36 95 57 14 97 68 64 72 79 30 87 40 24 52 46 4 70 96 67 23 75 88 97 17 76 55 6 94 98 80 23 72 46 55 27 99 37 15 38 1 
3 8 61 26 25 77 32 38 76 21 66 72 77 50 62 1 74 42 52 58 94 13 49 98 39 91 79 15 67 78 91 19 57 10 88 69 78 77 48 2 63 1 85 49 60 16 21 90 74 2 22 87 25 61 93 54 93 37 58 95 50 53 91 37 61 30 48 86 25 10 34 4 90 76 30 14 69 38 73 79 68 75 86 45 67 94 3 85 24 35 75 58 14 84 0 75 84 27 25 17 
72 90 46 97 66 82 50 82 11 21 1 9 65 69 42 50 89 30 15 14 94 51 80 53 12 32 92 62 69 24 38 93 18 76 64 37 10 55 61 30 22 47 8 28 80 92 63 44 86 4 49 34 45 91 23 48 63 39 65 62 72 43 12 67 92 43 51 23 50 64 19 21 99 17 19 23 42 49 24 95 50 31 12 48 96 22 93 2 75 31 69 18 30 7 7 18 13 17 92 28 
30 75 44 12 1 84 10 22 57 10 71 92 70 13 1 65 44 8 82 99 89 14 73 79 54 36 19 51 1 5 91 31 35 21 63 14 80 75 45 94 79 80 50 19 57 97 60 69 64 17 50 17 40 78 68 1 0 82 80 57 1 95 72 85 28 3 41 32 53 73 72 15 36 60 46 11 55 47 25 83 44 81 97 85 88 62 64 79 4 65 94 53 52 27 11 85 53 83 74 26 
27 8 94 36 70 52 47 32 68 43 16 72 48 28 86 94 58 85 87 17 15 69 32 82 22 53 40 32 99 91 66 47 42 91 68 46 99 58 77 4 29 45 4 39 85 22 26 90 69 53 90 60 56 10 3 41 7 77 6 34 61 21 57 3 95 49 2 13 23 41 96 0 65 97 18 33 78 23 21 9 65 49 41 60 32 4 87 54 0 51 14 42 19 3 86 28 81 60 60 40 
80 0 67 91 97 27 70 37 92 27 15 48 91 9 60 76 89 31 32 32 52 7 20 44 26 64 66 11 56 83 54 71 28 1 91 35 7 75 60 48 69 94 88 90 45 81 91 41 53 39 22 80 44 97 0 73 16 28 13 35 68 90 55 31 30 39 4 12 10 34 72 66 36 13 23 13 29 33 61 95 32 41 12 25 18 54 49 33 68 19 11 34 98 41 16 76 31 42 46 31 
43 42 13 30 22 10 42 82 35 77 51 85 37 79 59 52 44 88 49 68 35 28 48 4 85 73 14 77 50 38 25 88 40 88 9 24 41 75 63 20 14 45 97 67 64 99 59 36 22 32 70 96 55 45 79 66 30 8 74 7 55 19 56 70 64 45 70 5 48 94 15 76 50 49 19 2 17 7 76 46 10 99 65 48 3 26 2 28 27 15 11 49 22 77 52 22 39 63 29 37 
47 57 25 89 51 50 25 26 81 49 42 2 30 47 10 54 40 21 11 25 70 14 28 28 8 72 33 79 18 80 69 87 14 82 27 85 26 26 42 50 50 95 96 19 98 22 0 54 32 51 75 45 11 74 8 72 80 24 87 2 80 47 64 4 10 91 55 52 70 34 15 59 31 55 44 69 24 83 49 34 93 36 61 6 60 45 28 52 51 25 74 6 33 63 36 4 71 99 14 35 
47 19 80 8 41 96 28 81 14 37 91 47 15 24 47 46 63 93 12 80 43 28 85 32 13 46 30 14 7 58 12 66 46 3 57 98 42 26 29 7 3 74 15 56 33 0 71 93 56 32 76 9 58 19 90 80 53 59 78 66 12 48 61 4 50 92 18 0 77 45 62 91 20 1 25 30 95 10 83 36 69 96 84 99 44 20 19 1 44 50 28 69 57 85 41 98 39 9 22 95 
63 57 81 31 52 74 85 84 61 72 96 50 28 60 23 49 55 45 45 11 75 47 52 3 23 17 3 19 86 89 83 71 63 94 8 22 19 93 38 32 36 28 65 72 57 23 66 32 65 80 40 80 93 30 37 23 68 88 68 0 58 54 99 19 53 92 68 10 1 82 54 66 99 60 9 26 34 27 37 0 86 7 83 65 10 59 65 26 67 10 92 24 87 7 23 44 53 47 57 35 
39 5 83 55 46 11 23 27 73 67 16 4 8 76 20 89 30 10 26 79 65 27 71 40 97 96 26 21 28 91 7 59 36 50 34 71 13 92 1 84 45 83 35 8 5 66 1 22 54 75 72 95 60 83 65 80 41 57 34 99 53 57 86 3 21 82 63 61 53 77 73 92 51 35 45 17 24 57 79 32 41 63 73 58 87 19 9 39 34 70 57 1 16 3 97 45 52 83 85 46 
25 9 8 40 18 95 52 7 26 93 78 8 84 28 52 59 66 9 73 98 49 35 97 92 50 58 49 53 20 82 98 21 70 60 77 72 2 19 46 61 14 86 89 98 65 43 80 62 90 59 27 64 93 96 68 43 98 51 54 19 70 96 20 23 3 70 22 59 55 11 72 40 4 12 10 37 30 29 90 9 34 7 15 70 62 85 74 36 48 72 24 26 80 83 56 96 56 43 85 57 
58 28 93 75 92 79 71 90 87 24 62 45 82 59 51 3 84 47 9 52 69 15 79 14 53 25 66 87 33 51 15 88 82 0 95 7 83 95 41 40 70 46 64 25 63 49 82 8 48 72 47 53 4 35 70 80 57 12 25 56 55 62 28 21 99 16 80 16 28 68 60 64 77 62 51 10 52 83 59 88 69 74 54 75 9 56 55 80 84 22 35 68 17 45 44 59 38 77 5 21 
88 2 36 61 67 23 97 3 1 92 71 73 59 7 12 57 53 65 60 25 91 78 10 95 96 66 86 19 90 29 82 86 38 70 80 56 57 95 96 78 6 12 78 76 23 81 26 16 15 84 14 84 30 56 87 16 42 26 48 52 43 74 7 12 62 6 5 97 98 93 61 51 12 7 4 7 96 18 15 40 19 0 84 84 43 76 26 52 21 90 92 60 78 91 28 43 56 47 32 55 
30 81 28 83 3 41 17 66 38 56 61 92 65 29 8 10 72 77 3 31 77 88 83 35 38 75 80 94 29 30 47 27 26 71 48 2 45 46 16 40 10 18 22 76 70 23 88 1 52 81 13 51 60 18 25 30 27 40 56 58 32 86 6 32 16 91 31 47 48 50 70 10 27 3 15 69 57 66 1 90 12 56 41 59 72 6 89 21 78 81 28 31 97 46 71 47 95 85 67 99 
99 49 23 48 69 1 44 59 31 6 27 1 42 88 24 69 57 50 85 71 49 38 28 20 0 80 4 39 84 81 69 42 98 3 83 13 80 11 29 69 71 60 46 77 65 10 16 70 33 73 55 41 67 39 36 69 94 15 74 69 69 19 5 2 22 72 30 57 93 81 46 32 37 70 78 91 90 38 93 61 70 71 84 74 45 24 87 67 11 14 49 84 57 23 58 50 26 13 47 57 
75 47 22 24 1 17 42 2 95 40 53 11 11 32 88 43 97 49 3 6 61 39 69 57 24 2 38 92 79 52 87 13 83 53 6 55 44 14 63 31 51 61 42 67 13 80 23 44 94 22 58 89 98 53 10 20 3 42 99 45 91 11 6 48 72 99 66 84 61 35 37 17 54 99 97 82 43 39 44 60 5 63 13 57 57 12 51 24 57 17 22 96 52 44 64 75 90 30 22 5 
24 26 60 61 33 32 7 47 13 97 80 35 92 8 83 57 47 12 42 50 42 9 71 78 29 41 21 1 13 40 50 87 82 25 0 87 75 54 45 63 79 6 95 38 13 46 2 82 22 42 1 65 79 92 66 26 71 20 13 55 14 6 9 73 30 74 60 42 28 11 74 74 46 54 21 25 88 75 56 28 20 24 49 62 47 80 42 53 1 67 3 89 92 21 12 48 8 80 14 30 
73 26 40 91 57 57 98 43 95 80 54 66 53 47 45 92 86 43 93 10 87 1 68 14 75 27 95 35 0 15 4 81 45 74 45 71 40 36 62 33 12 94 20 72 8 35 51 96 69 28 93 90 78 38 12 62 20 14 42 35 3 46 43 80 80 81 43 77 96 37 92 91 7 0 2 35 21 73 97 70 91 67 43 93 97 26 15 27 42 88 61 19 56 79 83 38 38 50 75 14 
40 9 65 36 78 93 0 79 72 79 52 37 12 8 23 26 16 81 24 22 21 39 11 0 80 49 7 53 12 5 0 57 65 1 33 44 19 87 65 39 86 7 20 10 20 79 40 69 15 15 57 90 98 70 38 34 38 24 72 85 85 82 32 59 41 59 80 20 17 45 38 88 98 39 41 24 96 60 48 80 23 76 0 57 40 1 8 80 70 37 71 83 38 33 5 12 82 61 62 20 
89 42 11 74 24 57 26 8 19 43 25 52 75 8 78 11 11 99 38 39 96 18 98 51 10 94 4 15 51 86 70 27 10 40 28 20 20 12 21 45 94 72 0 56 56 55 51 65 3 50 35 22 17 32 17 20 37 17 69 8 85 9 33 14 20 14 89 54 59 47 44 44 52 39 89 2 24 26 15 55 1 89 25 78 72 11 66 74 51 66 92 73 67 40 15 12 20 88 45 81 
89 12 80 36 89 52 28 74 53 63 37 36 52 28 18 30 18 84 47 63 45 58 21 27 25 54 20 42 4 70 2 77 36 18 53 46 61 0 72 97 27 39 18 28 1 35 80 75 85 77 70 85 70 23 19 5 0 23 84 84 95 48 50 93 38 41 55 54 53 21 30 71 41 63 66 37 83 55 61 20 19 52 77 64 42 43 71 37 6 87 46 37 78 27 34 22 78 25 49 63 
44 5 31 67 66 37 57 60 98 82 97 43 8 99 84 85 38 76 17 35 42 18 20 29 99 93 49 27 17 78 0 34 74 86 56 34 57 3 3 20 70 97 50 29 18 12 73 55 29 4 49 84 45 52 52 77 65 15 17 85 61 8 76 54 12 86 40 23 39 60 51 95 24 92 26 72 27 81 67 71 15 85 11 8 37 25 91 89 44 14 72 8 61 24 85 32 21 3 38 31 
58 11 55 53 7 12 59 40 26 28 53 89 89 29 98 70 13 74 57 96 37 20 71 83 78 60 67 67 25 23 57 25 30 58 1 91 99 79 31 72 16 8 60 84 74 27 99 42 81 97 41 55 31 87 58 38 86 25 33 52 12 77 58 50 85 68 82 25 37 3 11 53 8 77 16 29 54 18 15 42 62 95 36 9 82 41 97 10 36 20 65 67 31 81 89 54 33 73 26 62 
24 39 54 39 26 51 89 83 74 92 3 84 19 1 39 31 39 68 36 75 92 15 13 15 90 31 82 28 61 37 96 35 20 90 74 89 75 86 78 95 72 56 42 32 60 9 80 13 9 95 46 16 63 12 66 29 91 7 25 37 34 92 62 67 50 46 97 11 97 62 93 41 87 62 27 55 42 85 63 42 64 33 80 90 32 9 80 92 36 37 25 52 26 98 58 71 33 10 40 14 
23 99 40 20 12 46 9 92 96 24 26 91 36 12 50 29 31 8 82 17 84 65 7 18 28 19 93 50 13 34 71 50 18 77 0 52 73 28 89 29 98 53 79 59 54 75 84 72 37 71 69 71 23 51 19 90 37 15 43 33 34 17 46 46 0 12 84 18 89 41 59 19 37 98 0 71 6 78 30 63 68 32 10 79 70 71 93 93 99 11 55 72 97 45 41 67 92 17 82 90 
40 67 27 96 12 54 35 74 74 65 55 91 59 18 39 88 4 13 81 30 1 33 79 74 1 49 15 52 34 70 12 59 35 71 88 96 67 9 37 5 72 92 17 84 51 93 29 76 30 54 54 74 11 38 33 76 71 78 17 18 7 48 0 46 77 38 92 66 94 55 93 59 71 31 22 73 98 49 23 0 82 80 42 9 74 83 42 65 62 94 83 53 6 32 40 26 66 94 41 23 
26 48 97 21 7 70 99 3 35 46 67 86 58 28 51 22 13 22 30 90 86 42 33 84 35 60 61 64 27 84 88 95 74 8 71 3 9 46 59 53 39 76 43 78 46 55 50 46 96 77 61 22 23 18 75 80 79 10 98 52 83 73 45 49 31 23 84 4 68 45 40 84 64 99 4 75 32 28 22 16 36 35 98 58 10 67 68 20 65 21 57 69 14 36 35 57 96 45 32 49 
69 68 92 56 13 35 38 6 98 62 5 45 24 79 79 50 46 47 93 53 65 64 8 88 33 64 12 5 17 94 55 17 58 0 92 76 63 41 68 55 16 63 25 85 28 63 6 73 27 32 50 38 32 49 28 36 79 99 38 10 86 87 24 49 13 39 32 52 72 39 60 93 24 42 24 27 96 70 88 31 42 48 27 40 60 75 65 66 84 0 2 6 72 38 17 40 2 67 24 73 
75 14 40 52 20 67 0 71 89 48 37 13 74 33 96 30 60 82 35 21 13 3 80 29 90 64 44 79 23 82 36 31 84 87 13 89 63 81 37 26 6 45 0 3 35 9 16 57 45 2 89 70 53 32 96 55 64 46 58 74 70 98 87 25 92 8 15 16 74 18 5 72 0 9 95 40 34 14 1 73 17 71 85 36 56 91 65 3 99 30 75 28 30 42 82 64 66 27 54 68 
0 21 94 64 26 84 76 53 69 35 49 41 83 89 45 0 2 64 53 65 46 94 18 66 20 58 13 96 54 63 6 74 21 19 14 31 92 50 32 30 75 72 45 94 96 88 2 70 0 87 14 74 61 17 13 3 83 74 28 8 17 59 50 85 73 18 27 76 78 83 91 14 73 45 28 7 18 65 84 41 85 12 53 70 53 75 54 80 23 30 23 64 90 1 39 74 25 11 49 44 
13 96 48 9 17 86 24 33 63 18 94 34 54 71 62 32 69 43 6 92 8 86 49 33 21 32 25 9 36 74 50 19 36 91 73 72 86 43 11 59 83 40 38 60 65 13 88 17 5 63 5 64 67 14 48 27 38 64 64 77 30 64 53 56 63 81 32 23 93 16 87 18 76 96 22 52 40 36 29 52 65 42 87 3 23 70 42 29 46 9 48 94 92 83 65 91 23 3 66 65 
4 17 70 81 88 76 91 5 27 85 71 74 70 52 27 50 61 26 8 32 60 43 40 29 33 88 15 29 23 63 83 31 22 42 96 93 7 42 25 32 68 57 19 59 79 65 35 61 92 34 77 35 77 74 73 78 93 16 19 82 47 31 63 76 4 3 91 74 31 84 75 77 1 62 65 90 69 17 93 19 24 99 35 11 32 10 16 60 77 50 77 73 24 46 21 45 72 61 97 83 
6 60 63 35 94 62 84 91 22 13 50 1 93 71 84 40 45 91 38 84 80 93 44 63 97 7 43 42 77 90 48 21 24 25 43 26 73 64 78 95 37 19 25 38 96 15 49 9 76 89 18 18 58 63 62 52 82 84 15 58 95 84 90 63 83 34 76 99 60 28 61 74 87 36 44 83 24 52 38 46 2 77 31 49 36 91 57 51 80 44 30 14 67 81 28 58 97 77 58 54 
6 25 6 7 94 97 97 51 33 77 83 56 38 89 60 61 57 24 10 76 30 51 47 49 92 39 85 30 89 37 57 19 24 81 37 15 53 68 49 79 68 5 0 47 80 95 22 59 65 96 89 84 52 37 68 27 66 96 71 38 96 34 72 76 53 31 62 25 40 78 32 27 40 98 56 34 73 97 37 39 32 50 45 7 46 98 91 42 14 6 48 22 97 84 13 36 93 31 80 6 
12 60 14 46 53 3 8 78 0 29 65 20 23 82 88 16 21 66 54 4 86 72 97 59 52 7 86 93 8 49 72 98 64 73 3 12 39 79 0 75 25 89 29 47 97 68 76 24 64 33 63 17 97 14 90 1 61 16 36 7 91 5 11 20 76 12 70 91 27 4 60 96 93 43 63 19 11 5 22 82 76 95 95 10 20 64 47 7 9 25 47 56 93 99 83 93 0 71 65 4 
72 69 68 21 87 54 33 29 48 63 58 87 99 45 97 67 25 74 44 10 19 47 2 9 95 48 32 48 5 77 66 34 23 50 95 71 75 86 40 61 52 3 71 71 91 5 87 31 43 8 8 49 31 30 23 28 3 82 20 90 35 18 57 19 91 3 95 74 33 67 92 18 95 29 99 77 84 68 47 2 67 82 88 41 26 51 68 33 92 50 97 30 12 86 96 51 52 32 74 29 
82 57 96 32 46 66 68 18 56 91 38 38 15 92 84 6 99 52 98 32 91 17 65 89 38 37 38 19 70 62 29 45 89 84 2 24 68 16 23 53 97 60 48 84 5 50 52 71 86 79 77 56 26 25 10 58 56 59 10 99 78 59 71 5 31 4 56 38 17 1 96 42 11 33 77 15 81 53 32 9 40 3 5 29 20 4 8 6 27 4 77 22 99 12 38 66 31 77 11 77 
78 87 39 27 40 93 52 57 78 75 51 27 88 99 85 0 21 64 21 73 49 28 7 49 17 22 48 24 89 59 55 66 66 28 88 50 78 27 78 98 32 77 90 77 2 9 58 73 73 63 63 42 72 79 68 59 81 71 42 50 17 6 80 57 21 91 34 95 61 53 28 47 35 68 81 17 35 68 68 43 17 44 36 66 52 78 99 25 66 93 80 88 72 39 13 89 80 56 90 91 
99 22 40 72 12 70 12 45 82 48 95 63 53 63 26 76 59 39 14 42 40 70 42 59 89 44 88 26 41 22 84 70 22 14 26 32 78 57 23 1 83 85 19 76 7 60 74 77 7 43 87 99 4 0 60 55 48 6 3 25 31 39 36 71 97 45 68 8 81 52 5 98 58 47 96 15 5 55 39 76 24 7 71 40 49 62 53 43 74 46 31 30 35 66 13 10 41 95 84 39 
25 22 72 56 36 70 45 39 30 52 71 62 44 42 50 64 63 83 62 96 34 78 11 80 71 83 41 9 44 44 60 22 15 57 90 2 60 18 27 97 31 39 32 59 85 59 79 63 63 9 11 98 44 88 21 0 14 50 62 29 49 36 86 12 79 92 76 40 83 59 38 61 46 84 79 98 7 72 20 22 24 67 80 68 97 87 7 41 37 12 37 9 33 15 22 18 7 11 37 44 
35 57 74 26 46 3 16 87 80 56 63 13 86 97 1 70 96 59 55 12 6 91 86 23 26 26 34 12 89 46 31 64 26 40 38 81 60 96 3 8 22 86 77 0 49 59 57 41 21 47 15 13 83 64 9 23 67 39 85 49 36 13 4 24 12 73 36 69 50 79 20 46 60 72 94 69 42 25 90 57 0 65 11 99 92 51 61 34 40 99 14 82 25 44 86 21 24 14 6 91 
