69 94 69 51 88 22 66 71 64 51 20 8 70 24 90 7 29 15 95 7 52 2 18 65 34 23 89 71 19 18 83 64 89 1 87 99 15 16 94 58 84 94 22 89 56 55 64 59 18 52 18 77 65 52 25 33 28 1 10 48 55 90 60 86 85 34 10 41 71 5 29 57 42 52 80 43 4 23 66 85 91 83 95 57 34 50 31 68 0 2 11 89 58 16 98 54 64 89 15 70 
95 65 63 19 33 31 46 70 70 97 61 93 22 8 47 80 19 71 27 87 29 56 72 15 22 79 76 51 66 74 98 57 67 8 56 89 18 46 60 13 51 71 45 42 81 11 43 86 57 90 43 62 51 70 89 90 49 90 11 86 92 81 75 11 84 42 36 71 80 33 45 89 90 10 21 89 32 92 78 54 31 85 41 25 66 68 81 49 22 99 23 91 69 50 50 20 17 12 70 88 
35 72 15 53 39 43 95 77 34 68 99 9 37 31 89 94 39 58 22 36 2 49 36 89 86 74 10 71 83 88 63 57 91 95 0 70 67 32 73 7 39 33 69 42 79 0 61 84 57 28 66 5 24 52 42 60 93 55 65 64 76 12 52 53 53 51 17 80 49 2 32 6 63 5 41 58 10 32 64 29 73 51 26 77 40 16 36 10 72 83 9 40 38 22 46 73 52 98 6 26 
41 14 88 55 51 74 87 32 25 99 5 90 65 45 33 87 10 85 51 96 63 92 23 79 52 56 92 72 17 49 54 29 44 27 56 30 38 90 99 18 65 69 69 82 7 47 5 41 7 31 23 9 64 72 10 0 15 48 5 95 98 0 43 48 1 28 26 26 24 75 21 1 81 46 4 81 3 10 44 19 82 63 56 22 77 85 92 32 34 72 36 46 49 92 99 84 68 75 52 99 
38 75 48 51 69 67 98 85 48 64 7 42 96 51 26 2 26 53 7 11 29 91 74 52 14 83 75 12 82 91 95 95 34 13 70 72 5 30 38 48 1 95 6 6 55 0 77 7 93 7 52 80 29 41 43 61 63 47 39 13 54 96 51 47 31 96 53 43 74 68 54 50 17 1 69 78 13 83 24 17 64 95 7 19 45 54 39 18 66 74 83 78 8 74 20 18 38 14 90 85 
43 82 40 96 41 28 48 3 66 98 84 37 14 12 4 21 61 94 25 87 51 70 14 68 12 13 37 58 65 70 88 25 84 66 61 45 19 6 42 96 20 50 45 99 12 40 99 18 77 25 3 23 8 54 29 55 47 29 76 7 79 88 49 32 54 86 89 50 87 49 8 82 29 4 99 54 25 74 63 81 70 43 7 75 23 30 44 50 72 6 11 30 9 68 51 14 84 37 59 51 
11 48 90 92 57 27 37 47 13 91 58 87 59 8 82 11 7 49 27 37 24 60 55 19 46 62 67 86 18 10 17 15 53 83 84 31 46 82 25 78 64 49 62 59 45 16 68 94 37 81 2 10 49 3 88 17 10 39 85 73 77 3 37 31 32 10 2 47 50 3 61 37 63 25 7 54 70 27 81 8 16 41 9 67 41 51 97 28 13 81 81 6 27 39 4 14 69 37 47 91 
0 17 50 43 85 75 47 44 92 98 0 30 72 61 43 48 72 81 36 82 0 85 19 54 15 10 2 1 39 56 77 91 41 52 96 34 38 8 21 32 11 51 82 92 33 90 85 70 89 39 95 61 6 35 78 64 94 40 51 88 82 3 94 49 92 4 10 7 91 10 52 70 38 80 15 85 20 90 71 84 52 3 3 9 63 60 63 21 34 17 42 94 66 70 31 38 21 65 6 49 
71 86 89 48 29 71 23 90 80 74 89 55 69 11 24 59 32 38 94 52 46 29 36 59 56 58 99 77 72 27 62 72 2 25 60 59 20 46 38 79 58 38 11 19 20 77 57 34 0 63 47 58 87 64 97 21 75 85 0 20 34 82 67 46 37 26 53 46 55 55 24 78 56 59 64 51 70 4 8 15 83 14 82 79 59 74 25 1 7 88 20 31 42 18 9 29 23 8 3 83 
27 56 48 78 44 27 97 36 23 99 15 6 58 14 14 30 76 11 24 50 33 52 68 15 73 60 12 37 0 73 36 22 40 96 83 53 14 19 10 33 97 68 55 2 32 41 44 0 30 60 34 37 64 7 68 84 17 26 3 79 73 36 62 24 36 59 37 72 56 92 55 71 90 14 76 24 5 82 92 52 88 35 30 61 0 3 36 89 76 37 84 18 5 93 46 21 45 61 22 90 
88 53 72 26 73 41 26 47 37 45 34 91 66 85 57 40 74 2 4 23 66 82 85 12 88 27 3 88 2 50 49 60 22 89 21 9 99 49 57 40 21 18 62 24 24 27 35 18 45 86 55 53 73 7 79 70 78 32 39 5 88 74 40 17 64 6 81 40 67 74 60 59 40 37 56 40 31 71 12 32 1 50 66 20 3 34 73 30 24 55 77 62 97 77 13 94 16 55 17 48 
49 16 24 87 75 90 15 63 69 63 80 38 59 70 93 39 4 9 77 20 1 56 24 52 0 71 25 78 41 72 49 69 33 39 81 28 33 77 60 92 1 82 62 87 61 74 84 99 66 82 5 24 50 12 13 14 46 68 4 46 32 9 49 10 52 75 95 47 82 82 31 99 96 3 55 52 14 38 35 28 27 0 6 49 2 13 24 58 97 77 45 66 40 98 40 56 45 21 33 64 
86 73 52 2 4 36 55 28 83 50 65 97 2 75 37 95 85 0 60 0 56 4 82 65 13 55 4 94 36 39 69 22 74 99 70 50 88 88 66 72 98 54 80 82 52 19 47 51 23 97 79 65 75 26 85 59 27 12 3 25 90 23 41 58 29 22 51 10 85 67 56 96 14 2 70 37 48 76 3 33 1 77 87 21 15 16 59 90 19 81 22 53 50 67 62 96 67 23 13 15 
82 45 68 67 84 2 80 83 38 90 95 8 30 58 13 39 51 44 80 52 88 26 33 21 4 97 80 18 33 31 93 76 71 26 80 45 18 38 73 23 18 69 93 41 18 14 73 32 99 48 28 69 27 91 91 86 21 71 43 67 62 24 19 75 28 82 2 15 94 83 35 95 93 21 63 15 34 95 35 87 56 67 50 54 58 37 10 3 44 79 38 5 22 28 98 5 6 82 55 17 
12 51 36 11 14 86 10 7 73 3 18 1 97 32 32 74 63 38 84 44 97 12 58 53 74 54 32 97 32 92 91 82 34 43 65 96 10 68 77 84 27 21 0 41 38 81 96 26 54 88 30 15 81 89 27 58 73 57 3 23 51 49 33 67 22 12 66 42 19 8 42 35 85 81 39 16 47 81 99 58 37 93 20 30 75 68 77 21 3 47 48 97 45 17 6 84 28 20 35 52 
64 40 19 44 25 98 16 78 97 96 37 45 78 11 10 13 35 32 72 37 9 11 59 36 48 29 43 36 98 49 56 3 2 34 93 82 26 70 99 82 75 90 5 20 9 44 7 61 65 33 16 55 97 21 80 39 4 83 6 83 78 62 64 42 79 92 84 9 89 44 7 93 46 95 41 6 16 82 8 78 78 91 80 50 70 33 38 4 63 41 31 46 4 3 16 98 45 80 84 15 
48 12 14 82 21 7 79 16 21 60 97 7 33 86 73 87 57 47 87 39 59 66 60 97 42 67 20 98 99 64 85 41 62 54 14 30 52 86 28 85 35 98 42 32 99 3 75 90 16 83 93 97 36 17 99 3 54 64 72 83 82 10 18 58 56 95 84 56 39 28 96 78 67 96 99 83 91 88 34 2 66 41 13 66 48 24 62 89 59 85 88 33 16 81 16 88 8 77 60 53 
95 58 98 11 20 70 8 22 1 54 34 64 19 38 59 9 29 10 27 66 10 74 67 99 65 73 83 47 68 57 58 88 39 66 84 27 58 88 32 57 33 81 30 67 88 72 22 67 22 67 15 39 17 51 99 9 71 81 59 76 40 43 85 70 7 45 72 27 5 62 52 37 72 14 79 64 40 92 88 15 52 51 77 72 23 56 26 32 92 67 52 71 90 56 34 83 76 52 19 66 
18 24 68 49 9 95 45 30 8 27 91 6 86 86 75 16 57 46 41 76 91 58 41 19 16 66 49 14 37 73 17 93 44 18 4 22 84 2 56 66 50 87 20 36 68 60 67 79 53 55 91 57 81 11 75 33 42 63 94 60 90 98 62 79 60 41 64 92 14 41 80 28 56 38 15 36 90 93 50 30 66 4 78 30 16 16 74 48 18 45 57 92 16 46 85 53 36 35 11 70 
26 22 20 95 42 18 71 14 53 69 92 93 16 94 56 27 66 98 26 89 26 34 6 23 6 0 24 35 6 25 90 5 92 48 49 7 18 57 38 87 4 76 29 15 84 7 98 17 75 13 55 39 74 61 0 36 60 50 81 68 34 56 69 56 32 59 80 93 90 62 14 75 35 31 0 37 77 13 64 48 98 81 24 75 64 10 48 92 95 7 97 20 70 50 68 56 75 91 23 5 
25 89 20 41 15 16 51 86 99 90 66 35 39 23 31 93 94 76 18 23 34 91 20 17 4 13 27 9 28 15 94 19 52 78 0 90 91 12 92 51 15 4 40 74 10 57 74 80 91 77 90 36 49 14 93 4 12 0 6 94 76 65 47 1 26 16 10 34 24 68 40 8 84 33 1 31 4 69 94 84 76 40 36 48 52 24 38 24 0 82 48 67 50 45 4 46 35 41 65 20 
16 63 79 24 94 75 26 80 88 41 31 75 64 77 11 10 72 1 73 38 38 13 54 89 58 17 90 0 55 41 98 76 17 8 0 60 62 73 71 69 42 23 60 78 63 16 60 55 80 21 55 1 89 60 76 28 52 50 1 35 63 82 98 3 54 17 61 31 62 19 16 87 94 66 63 12 81 65 11 50 25 64 12 91 78 75 54 59 65 72 69 49 94 49 67 5 64 65 56 10 
37 89 93 62 81 46 90 87 19 85 48 40 65 71 71 76 56 26 11 99 40 15 62 59 13 74 65 97 66 59 18 60 84 75 85 33 51 78 26 99 68 82 7 9 10 16 70 50 39 93 93 3 30 76 83 48 42 41 6 68 84 77 47 70 33 49 34 8 30 8 63 73 20 45 7 48 8 76 75 26 35 8 98 72 1 81 9 13 39 47 88 77 95 90 15 51 39 35 94 72 
56 79 24 21 92 47 62 89 53 56 59 14 17 51 11 42 63 56 16 81 84 70 64 29 13 6 29 72 54 37 46 53 12 35 7 82 63 10 62 73 87 26 66 78 80 18 36 92 40 95 52 2 19 8 38 67 37 61 66 61 91 8 17 47 27 16 78 85 73 36 92 12 62 28 40 6 53 22 28 42 62 24 69 16 82 3 34 40 4 27 7 33 57 18 29 61 71 66 70 45 
27 43 19 61 4 61 96 77 90 53 69 86 11 97 50 20 9 85 0 8 68 73 70 97 89 84 48 43 30 90 91 75 84 69 97 81 23 28 88 59 41 56 85 21 6 40 89 70 90 61 95 66 92 65 39 16 81 43 67 46 0 58 81 6 72 29 68 8 39 99 2 81 18 24 61 26 52 72 76 9 83 22 9 23 16 40 40 47 95 73 62 34 52 11 51 31 76 86 93 49 
14 73 31 27 91 95 1 15 60 49 44 74 71 42 76 22 29 31 31 69 15 76 97 6 6 86 50 30 79 94 84 56 90 14 34 4 30 27 61 76 18 23 56 92 99 12 53 20 26 0 41 19 23 30 20 6 90 49 63 74 21 12 77 86 22 22 45 77 31 91 16 6 67 46 50 48 42 68 51 8 51 80 70 57 97 69 34 20 81 38 75 28 7 88 92 3 7 93 30 37 
80 6 63 77 81 2 32 13 0 98 68 23 25 36 22 2 72 0 28 2 30 51 13 75 3 50 0 78 87 91 27 29 67 46 18 64 90 75 75 56 2 38 86 41 79 27 33 95 17 87 46 52 1 22 36 96 3 42 63 92 53 76 74 24 35 26 49 87 62 13 27 65 74 40 74 41 57 80 46 3 23 38 48 7 71 50 39 22 63 56 27 96 34 8 15 51 29 82 12 40 
12 96 36 51 34 72 56 83 80 25 6 15 46 81 18 82 58 62 91 46 98 37 56 19 76 16 0 62 48 30 83 52 32 41 86 87 98 82 40 97 83 53 30 78 39 20 55 63 97 92 96 51 52 39 4 61 2 22 76 32 24 70 21 34 26 90 64 64 5 39 90 20 42 88 31 97 8 15 85 75 61 99 58 42 65 3 78 29 44 83 62 26 17 82 75 64 11 88 63 71 
95 85 53 31 13 86 68 99 31 70 10 88 8 11 53 51 6 18 1 39 15 60 15 3 48 30 49 98 46 48 11 47 64 22 66 84 65 39 96 5 8 41 63 78 69 88 28 97 70 54 86 17 70 3 27 44 64 27 27 65 71 76 36 93 73 24 17 35 9 31 10 59 2 96 87 25 57 22 33 93 81 1 65 88 45 70 62 52 9 99 85 1 3 50 42 33 9 57 46 21 
38 86 7 24 69 24 52 87 58 5 18 74 24 89 22 27 53 12 15 92 88 91 82 81 69 41 96 46 56 27 17 50 83 56 55 61 61 91 12 27 75 57 72 65 14 8 60 75 17 48 91 47 0 64 99 26 9 88 8 72 90 96 41 69 28 57 22 17 95 14 40 83 53 39 18 17 23 89 41 87 73 64 95 98 42 24 5 23 40 33 52 5 52 71 55 99 61 10 15 97 
10 62 28 0 14 33 90 3 56 15 71 89 69 75 33 9 32 97 49 41 92 43 9 30 42 7 80 39 87 61 12 64 42 45 92 29 61 28 46 91 44 84 83 77 98 65 17 39 92 85 74 84 40 90 27 26 86 46 53 58 53 28 23 39 92 65 96 98 74 45 91 64 79 43 29 97 27 14 29 5 65 82 39 31 1 74 93 27 10 43 5 99 19 57 33 66 51 33 27 41 
10 66 29 7 49 88 8 26 41 70 19 78 92 23 23 38 73 31 96 21 65 34 15 15 22 94 26 44 7 45 90 96 72 77 32 51 3 31 82 54 31 77 41 55 8 59 23 30 63 93 97 25 32 71 14 97 77 85 25 1 8 76 77 79 40 93 11 61 84 32 89 9 1 15 85 56 9 28 95 79 59 60 54 79 81 58 23 47 76 76 56 19 67 56 36 47 75 61 48 84 
65 35 62 31 35 28 43 60 88 81 75 24 94 61 67 78 87 44 82 34 28 74 13 3 87 92 63 27 11 31 57 33 44 33 17 58 26 25 49 35 96 18 22 18 7 62 38 42 75 63 51 8 80 90 93 52 5 76 77 57 67 46 27 3 51 96 53 45 81 48 33 6 13 19 82 80 55 56 5 85 75 96 73 57 60 30 0 20 12 80 84 46 0 54 46 51 42 17 64 82 
48 2 65 25 51 84 85 79 0 72 10 5 38 76 82 77 8 37 69 83 0 28 6 48 48 63 73 93 0 1 20 2 24 64 19 63 79 94 16 83 24 4 95 62 12 13 64 34 41 15 10 14 85 25 24 19 62 85 38 32 5 2 54 44 16 4 68 53 28 75 79 7 47 46 8 41 10 4 56 7 22 36 33 5 16 21 65 59 71 28 7 61 97 90 46 89 40 92 59 82 
26 40 65 67 67 52 67 45 67 62 82 46 24 36 83 71 32 89 51 74 10 32 81 67 13 83 64 88 61 67 10 31 62 17 52 93 98 16 27 7 83 46 89 75 33 20 80 21 1 46 48 79 99 5 0 59 79 19 27 6 18 60 35 0 51 15 2 50 64 61 75 15 19 63 7 60 12 54 76 18 56 58 50 60 66 20 4 4 26 44 81 10 63 77 91 52 38 24 0 81 
95 39 40 80 98 7 54 38 2 39 27 87 20 11 62 14 52 11 4 27 35 92 16 9 97 17 70 35 61 86 14 0 41 73 50 7 36 17 99 24 57 76 60 39 13 99 87 40 40 19 18 40 56 14 81 55 91 44 0 59 22 23 36 31 57 81 73 19 45 49 2 35 40 95 4 79 52 72 36 50 62 45 28 50 32 70 8 35 1 90 45 89 16 9 41 35 48 50 76 69 
66 43 71 70 27 94 91 99 44 60 48 94 59 55 87 54 68 40 52 49 23 19 4 48 68 63 58 84 56 64 33 33 66 83 37 27 7 71 25 18 61 73 44 62 82 19 87 35 27 20 55 3 70 27 82 81 61 21 72 89 12 39 86 38 10 41 50 14 11 20 78 12 36 74 1 86 95 35 55 74 37 54 39 74 93 42 87 95 43 2 80 2 81 24 12 44 53 1 12 84 
15 67 89 78 28 39 12 3 43 69 88 2 54 2 53 49 61 24 95 48 55 40 9 81 13 65 62 28 83 31 12 57 7 42 7 8 61 60 28 28 77 16 87 80 27 4 29 90 48 34 86 60 31 54 98 59 67 11 86 30 80 47 62 32 56 36 44 50 51 9 15 15 97 8 86 56 35 53 87 61 80 62 43 41 6 8 42 11 15 7 6 41 85 82 89 14 6 41 20 38 
43 14 99 21 11 5 25 1 83 87 30 7 21 33 52 56 69 83 58 51 38 31 80 82 37 82 75 46 11 45 87 71 76 43 82 16 76 35 50 15 73 95 19 76 17 36 3 95 42 9 78 31 31 92 34 61 32 44 90 17 73 72 72 99 87 20 29 76 91 58 36 51 99 50 67 55 26 61 89 74 40 31 58 16 98 35 33 8 99 49 87 51 39 10 1 99 3 82 87 49 
1 98 34 53 21 70 35 45 48 94 69 65 7 45 38 42 56 99 12 18 57 87 10 15 29 79 36 38 48 79 22 57 93 15 29 92 89 25 78 13 29 90 13 95 80 96 77 52 68 59 73 69 90 72 18 17 16 31 14 72 42 48 56 99 35 97 77 25 17 66 67 40 59 32 19 16 26 74 24 63 38 89 90 66 75 63 61 6 11 86 2 87 66 74 95 45 7 68 1 36 
80 92 57 41 10 6 60 9 73 56 80 66 19 24 40 4 19 32 37 6 7 29 42 84 95 87 64 8 98 81 99 0 47 21 61 13 60 63 44 38 10 31 62 26 6 72 35 36 54 38 3 76 70 6 76 94 29 37 46 71 43 22 65 13 17 16 75 52 3 83 83 94 20 74 13 50 39 33 59 5 9 19 31 89 18 67 18 71 5 86 40 94 22 12 36 32 82 25 51 1 
6 50 25 62 51 4 56 51 38 43 63 80 74 66 49 88 43 94 14 91 77 16 97 79 92 36 16 37 31 44 25 41 54 76 17 13 8 27 6 17 0 2 73 16 68 79 36 58 79 33 52 23 4 90 90 0 24 77 45 95 42 85 20 59 37 73 84 44 26 62 60 39 0 46 43 62 4 14 25 59 80 94 22 27 99 16 80 37 98 50 67 35 30 40 45 52 29 21 14 42 
69 45 38 90 23 71 38 94 88 71 5 22 70 91 14 82 40 54 76 79 7 37 61 40 64 89 64 55 78 96 35 84 30 60 80 41 35 9 22 3 91 34 46 20 19 99 90 65 66 48 45 21 86 53 12 87 46 20 61 13 11 75 11 74 23 75 41 13 46 24 30 14 9 72 8 36 13 94 16 3 78 54 5 37 51 10 72 40 35 10 36 9 0 32 5 3 3 2 71 25 
76 77 0 2 3 63 37 55 79 83 25 53 35 80 62 32 62 19 65 90 55 13 12 36 29 41 23 88 39 9 96 78 24 98 74 68 24 40 31 8 90 8 88 27 97 82 38 28 92 26 83 49 91 70 99 26 95 76 3 68 5 8 37 76 66 45 29 39 89 84 43 96 97 40 47 92 44 96 14 49 56 6 89 22 22 34 23 18 1 43 22 76 0 95 98 30 26 12 13 32 
72 21 46 30 60 51 12 40 61 10 17 27 15 67 80 37 20 75 69 25 35 76 23 99 48 82 34 60 36 57 41 19 79 33 61 59 55 46 64 93 51 29 1 68 8 54 29 81 22 47 0 34 58 49 24 82 74 62 59 60 9 3 35 31 77 42 35 75 35 91 87 20 50 67 68 87 51 1 69 27 59 17 10 42 77 28 75 64 25 77 35 63 1 73 85 56 27 94 66 77 
27 91 1 56 91 93 76 38 8 17 79 11 87 0 69 49 80 83 33 2 13 21 79 12 10 89 52 39 16 12 72 2 8 78 93 54 97 24 34 81 52 74 70 56 27 98 7 98 95 13 54 16 79 32 27 21 86 38 64 84 96 4 55 97 96 53 61 29 56 90 5 54 2 73 89 42 26 58 69 5 99 18 34 13 54 68 71 78 52 8 21 51 12 58 8 51 89 46 63 83 
49 73 40 98 18 52 53 10 28 76 90 95 11 94 69 58 34 99 50 48 9 15 58 54 3 46 38 87 99 23 0 76 51 36 74 64 45 77 50 88 69 0 25 0 32 73 94 74 12 15 29 34 4 11 49 4 5 56 11 78 8 78 76 61 34 91 96 9 34 50 72 95 50 90 77 55 1 83 14 74 71 51 57 82 29 12 68 99 46 56 77 96 86 77 26 14 99 97 83 32 
49 37 78 76 62 58 76 9 42 52 1 30 23 59 35 41 88 34 96 27 87 66 37 92 8 79 96 98 37 0 28 71 99 1 66 66 62 96 32 13 19 77 67 1 45 39 54 74 62 25 45 2 11 86 83 22 63 75 96 38 4 23 82 38 39 41 34 54 32 12 45 96 45 80 56 7 39 43 21 42 42 66 2 61 67 0 23 84 50 27 39 81 16 42 79 54 65 19 87 92 
19 67 69 90 7 22 19 57 36 35 31 56 68 67 21 31 61 4 85 15 81 58 13 32 22 13 41 47 21 98 97 51 92 95 43 38 73 60 77 51 61 31 65 62 21 74 60 97 99 83 52 94 45 60 38 19 57 76 42 16 96 70 7 95 89 89 90 88 88 16 50 12 68 59 91 48 96 29 80 2 81 63 93 75 77 21 69 93 26 52 43 38 89 31 63 46 37 54 91 97 
7 80 66 21 40 67 97 11 29 10 45 12 29 26 96 14 21 61 3 98 55 43 23 60 13 37 47 13 28 40 42 29 66 38 53 17 53 16 23 19 41 91 55 15 1 30 37 48 1 36 37 35 38 2 88 7 87 12 44 35 79 85 63 20 46 12 11 61 12 48 64 15 23 46 81 28 13 21 76 17 54 98 68 28 59 66 52 43 47 17 78 1 5 71 25 48 2 85 71 9 
16 24 33 52 15 14 96 55 39 58 60 36 91 32 71 92 65 17 61 71 37 2 5 30 46 36 18 32 38 76 10 0 61 85 31 17 70 66 76 23 89 80 90 93 72 20 49 64 32 89 4 3 82 24 52 96 6 59 20 66 67 3 32 38 68 89 75 47 83 8 69 53 62 13 91 54 66 15 45 76 28 28 96 25 17 72 21 95 50 72 28 46 48 13 17 81 88 42 76 77 
62 75 23 88 19 96 64 53 20 30 40 47 85 68 4 62 54 60 10 84 69 23 94 17 17 22 44 42 1 31 57 56 23 35 58 61 51 17 40 2 94 79 50 53 64 19 79 49 18 78 56 75 20 8 85 59 90 42 67 64 80 95 97 72 67 56 29 31 42 12 30 18 25 44 59 31 21 11 62 91 12 72 2 71 82 71 27 91 60 21 4 73 60 20 29 16 33 6 29 79 
72 1 69 60 96 67 91 5 34 55 78 7 48 28 90 33 67 40 62 46 98 3 80 25 37 9 73 93 42 82 86 45 82 20 10 29 99 62 69 58 49 11 36 15 55 93 2 12 47 91 19 91 53 33 87 65 35 78 1 10 25 82 0 92 75 53 57 97 39 72 22 63 5 87 7 47 68 46 20 49 55 16 50 71 19 85 89 61 43 27 36 16 90 3 70 5 48 1 6 11 
35 37 50 83 3 75 38 4 3 69 30 44 18 55 86 2 2 68 53 72 72 40 92 70 93 41 2 63 60 42 32 60 11 0 53 7 70 47 36 98 53 73 88 52 61 1 21 11 18 23 48 14 67 13 99 69 67 57 38 35 31 9 37 71 44 67 3 46 62 27 58 80 88 2 88 21 66 88 61 63 97 24 46 29 31 94 74 85 55 77 87 12 9 51 39 49 80 13 71 37 
31 19 16 75 59 32 92 89 47 42 35 29 77 41 91 78 28 79 57 29 77 63 65 11 71 26 75 2 85 7 39 72 90 44 74 82 27 71 66 81 44 29 59 89 78 80 95 88 86 13 3 53 2 70 88 40 56 48 37 13 99 19 17 34 46 36 47 42 98 95 12 20 91 3 33 1 94 43 6 33 26 54 26 87 9 89 43 26 60 43 4 74 73 86 58 64 35 80 76 67 
55 76 35 11 54 98 44 23 35 33 75 17 31 79 52 60 18 78 19 93 47 53 6 50 71 76 14 29 54 13 82 12 94 55 42 93 57 32 2 91 52 17 91 1 13 49 34 19 97 56 13 87 38 37 29 81 33 89 40 82 94 13 43 5 88 66 79 84 18 36 33 14 42 29 46 37 45 34 40 73 95 47 50 41 53 35 74 78 80 94 65 70 43 50 87 48 56 82 28 36 
55 26 18 44 48 36 0 64 58 60 62 85 67 66 33 86 98 2 1 30 43 53 18 30 82 34 32 18 26 40 6 87 7 66 25 68 22 34 52 83 84 30 75 45 50 3 97 68 19 44 86 97 30 32 97 22 86 31 80 66 43 70 33 30 47 68 5 18 97 87 36 81 12 99 40 61 23 74 13 31 47 48 92 78 30 93 38 65 27 84 21 13 22 78 1 55 74 60 68 36 
15 91 22 39 61 37 10 43 78 61 58 72 47 82 69 85 74 66 47 68 38 89 29 26 63 59 38 38 80 86 4 63 98 74 83 28 43 95 82 8 51 13 44 15 41 35 87 99 6 78 99 62 45 54 0 11 7 12 3 47 53 6 62 22 78 65 31 9 66 9 83 51 23 78 19 39 52 37 35 44 15 88 73 4 39 39 16 12 9 3 1 4 46 96 6 39 66 54 9 2 
35 95 20 1 89 4 67 12 57 5 57 51 32 90 82 41 1 52 48 50 33 27 32 96 2 12 88 14 18 34 39 46 13 17 52 69 86 68 43 0 34 39 12 57 69 75 78 78 77 49 79 53 24 12 4 93 93 95 15 56 66 98 3 10 25 59 96 1 60 16 40 17 18 20 86 41 50 99 16 10 74 2 22 88 0 86 93 60 56 67 12 13 23 64 90 17 26 49 20 17 
41 58 50 39 41 78 45 88 8 18 22 22 93 67 1 96 64 9 10 16 50 98 92 76 12 26 96 16 96 0 44 82 1 36 5 67 64 23 46 93 22 52 86 26 28 80 32 60 25 5 4 73 67 42 84 42 1 34 13 42 47 74 76 96 22 92 5 24 42 85 29 21 17 25 41 53 73 94 82 5 41 66 95 69 60 69 75 46 71 78 8 60 84 80 75 38 66 32 21 91 
55 74 21 48 28 53 87 28 12 43 4 59 43 48 39 94 8 61 68 1 77 41 51 89 38 79 58 57 72 98 59 72 84 48 40 89 99 57 28 66 91 12 7 61 11 7 92 32 87 88 22 26 23 6 76 7 5 45 22 12 93 25 29 30 32 49 84 65 58 19 36 72 20 34 49 87 2 32 18 24 98 97 14 46 89 95 28 79 74 36 88 68 24 53 44 50 67 68 42 39 
6 56 54 77 3 55 42 59 51 41 12 2 8 20 40 61 0 87 51 31 96 90 63 64 5 18 19 75 17 9 86 16 26 49 95 66 2 41 56 34 70 88 43 85 41 5 20 46 27 62 24 79 83 97 6 13 89 20 76 6 39 96 12 71 74 80 75 51 79 39 41 15 20 23 83 21 85 80 22 14 51 4 1 94 76 28 96 3 38 95 1 35 52 65 63 25 91 95 46 99 
90 77 71 39 0 32 4 47 89 57 69 20 99 89 0 41 74 34 98 61 30 75 23 9 37 68 76 70 56 72 63 35 45 30 4 25 58 61 17 91 64 64 38 61 75 97 78 40 77 53 32 88 49 60 34 68 65 41 4 69 65 25 20 10 94 28 84 91 23 28 4 1 15 9 25 72 27 5 31 2 73 0 38 95 94 14 2 9 72 68 17 31 55 93 43 28 4 78 13 1 
94 12 79 88 41 20 14 98 52 55 18 63 51 11 71 63 73 34 59 84 58 49 75 3 8 88 65 23 80 72 74 60 23 93 31 48 70 1 73 90 53 56 77 80 90 34 13 51 42 14 44 4 80 33 92 6 55 50 54 13 80 50 38 44 35 15 80 6 58 13 57 5 14 17 74 73 35 65 26 88 34 83 66 6 93 82 98 35 65 19 14 10 63 0 98 4 1 58 53 10 
58 90 76 43 32 40 50 45 21 20 95 46 56 70 69 82 9 45 47 59 92 35 84 51 78 27 30 33 5 62 16 95 81 89 92 75 78 67 13 97 12 28 92 4 0 97 33 78 9 51 77 89 31 2 46 96 39 53 66 94 7 71 63 58 67 47 18 50 4 68 43 48 4 99 72 14 99 58 74 5 60 43 44 74 55 24 42 60 53 11 89 96 48 25 31 50 53 83 57 87 
7 81 87 79 18 26 49 5 96 76 15 25 30 80 62 6 14 37 25 52 88 22 4 19 43 32 60 80 34 28 63 15 26 73 99 26 69 54 85 9 15 74 78 59 48 8 93 16 42 9 14 71 77 16 0 50 88 28 90 15 2 4 78 69 49 11 33 16 69 73 29 34 25 74 89 54 33 50 59 77 79 8 67 70 43 47 55 17 24 22 0 80 77 74 28 58 73 65 14 97 
59 25 53 62 68 63 45 11 5 45 58 68 44 67 42 96 6 77 97 90 2 80 71 55 8 86 95 34 5 98 1 47 70 32 13 84 7 93 45 57 41 51 19 10 33 84 36 54 83 56 44 10 87 39 88 79 3 71 11 84 33 42 28 63 98 32 16 94 39 84 27 77 47 71 81 62 58 57 49 4 81 10 30 96 49 36 37 48 0 75 98 9 53 61 61 36 36 80 27 96 
14 20 93 78 94 61 46 61 40 48 81 97 72 21 81 37 78 2 42 16 97 61 94 44 78 51 38 12 67 12 95 4 23 17 88 57 75 21 92 15 42 55 40 73 89 48 3 0 69 36 65 24 21 38 61 38 95 40 65 59 3 79 21 67 2 91 24 6 84 39 92 39 8 69 65 2 58 67 24 23 67 4 36 43 28 0 77 42 69 89 87 42 20 51 28 11 0 23 49 36 
4 16 34 57 26 17 38 37 2 6 62 82 23 5 20 63 35 20 43 17 10 56 15 45 55 11 59 36 8 59 47 52 51 98 62 67 65 61 37 61 38 37 52 34 37 98 89 0 53 58 42 99 76 66 67 75 39 55 73 50 99 12 73 81 34 86 4 6 68 56 14 76 44 52 13 39 86 81 47 59 87 87 48 27 99 80 29 0 29 67 19 32 87 27 85 40 56 28 75 53 
24 94 59 46 59 87 22 64 89 81 6 40 39 93 87 49 57 16 90 46 48 44 65 70 66 78 45 72 82 53 44 93 68 63 63 88 19 34 71 18 82 58 9 94 71 17 36 58 8 0 42 90 76 64 99 61 44 79 13 78 70 7 67 21 44 51 49 14 53 94 44 16 73 68 74 34 75 44 27 82 52 50 49 7 89 20 61 41 99 68 95 14 78 52 84 3 44 46 18 55 
84 53 4 15 87 40 51 95 33 77 80 24 3 88 74 91 28 93 78 53 97 87 26 59 85 31 91 80 37 0 70 3 33 80 8 47 23 60 29 70 63 67 30 65 51 65 54 94 24 73 0 14 78 7 45 53 40 67 35 99 2 98 73 76 10 92 97 47 94 85 67 42 37 80 3 89 31 32 94 61 73 1 89 83 56 36 29 57 78 38 17 84 64 58 2 8 61 55 29 27 
22 35 27 52 57 67 9 55 60 7 68 92 96 38 1 57 29 41 58 59 67 67 58 65 25 61 67 63 22 51 16 41 77 99 39 32 57 91 13 95 61 37 52 46 44 87 42 43 4 28 48 67 36 26 31 11 67 92 78 62 55 42 28 46 39 95 72 69 28 34 99 50 70 6 64 4 97 35 39 54 2 64 50 47 8 71 31 33 50 29 20 16 22 78 47 45 98 41 62 43 
59 91 34 4 4 26 18 73 60 24 3 10 49 17 89 26 35 38 37 17 76 54 45 27 10 18 83 75 56 19 17 92 97 74 80 8 53 9 4 82 4 37 67 6 24 88 90 18 97 79 16 19 95 10 8 84 68 74 58 55 29 83 81 73 86 11 75 95 59 35 44 86 89 78 83 11 44 7 15 95 67 98 53 40 35 76 35 5 7 6 52 71 7 76 1 73 98 11 84 64 
2 81 66 62 75 63 91 32 43 39 60 55 48 11 56 56 98 30 52 30 31 22 99 87 96 81 58 66 66 64 23 96 9 21 32 46 83 60 14 86 28 80 63 83 73 18 85 10 2 11 60 23 77 46 14 72 43 12 76 84 53 47 27 39 20 64 77 29 24 17 34 64 55 63 94 26 96 68 15 91 42 63 27 2 35 54 4 38 77 12 75 52 47 48 54 52 19 87 0 96 
43 66 77 31 21 10 95 49 75 91 16 62 59 26 89 50 99 66 58 0 65 25 15 82 33 8 42 67 99 92 78 18 74 19 32 91 5 86 8 79 90 68 70 92 0 4 53 1 85 54 24 19 27 63 91 77 90 45 24 26 3 21 51 96 20 40 67 55 95 48 50 66 83 28 50 25 97 37 64 79 72 38 30 94 55 66 36 2 90 33 12 70 79 44 99 17 70 73 41 43 
92 55 68 50 28 81 16 76 54 93 70 6 36 55 27 30 58 42 86 72 38 86 42 26 60 63 37 58 82 47 32 16 39 30 20 28 89 89 76 69 60 44 55 83 77 55 52 43 83 0 13 64 29 42 34 20 17 49 82 59 71 68 34 74 60 63 92 88 60 59 29 5 10 90 71 81 60 39 30 84 27 42 25 13 55 84 31 84 38 34 59 11 49 30 0 92 56 9 13 9 
31 82 60 88 44 68 74 17 44 24 71 17 96 73 65 8 37 44 58 31 51 53 89 30 21 39 66 51 6 88 79 60 53 0 73 97 51 72 91 42 81 40 35 44 76 66 83 65 54 37 31 44 1 4 3 61 54 85 20 75 34 88 90 0 3 36 24 21 26 39 19 90 20 69 76 74 63 87 97 55 82 93 82 13 7 54 64 0 44 6 73 27 8 25 13 82 56 94 25 52 
82 98 22 21 4 42 60 58 31 6 92 75 61 59 66 67 34 31 71 38 16 92 54 75 77 19 90 45 44 94 71 93 1 43 4 20 69 67 45 85 34 21 28 76 20 63 89 80 25 31 97 88 52 10 80 32 32 18 27 22 67 72 80 84 85 40 37 99 83 75 5 22 36 34 96 3 22 81 77 32 0 51 14 54 3 12 85 18 10 38 37 69 14 48 54 10 45 16 28 85 
39 8 36 39 11 75 30 23 88 42 11 7 59 81 2 63 6 34 57 56 89 27 4 97 4 22 82 27 34 95 90 39 92 57 88 16 13 10 60 29 33 52 55 0 47 18 37 67 99 24 6 47 99 66 75 79 18 11 8 98 19 4 71 40 27 66 28 74 9 66 91 36 37 36 97 11 51 50 70 43 13 50 26 31 44 65 76 74 99 45 59 96 12 69 23 93 55 23 43 5 
40 39 27 17 72 34 40 49 39 38 23 23 41 24 66 55 3 37 29 67 83 5 21 64 2 13 66 58 80 0 42 12 29 57 47 36 7 3 45 30 24 36 82 30 1 78 26 7 40 59 95 1 34 92 24 23 55 56 91 22 6 86 21 4 8 12 61 80 1 77 57 9 61 34 40 13 12 24 62 84 91 5 38 9 81 12 61 64 86 22 92 61 30 51 92 60 89 96 19 94 
82 46 6 51 18 18 60 11 47 91 46 54 8 53 93 15 11 31 4 24 84 31 67 76 39 48 22 73 93 1 74 45 99 76 44 91 76 42 8 85 80 53 73 28 52 74 30 98 72 23 16 75 51 36 49 91 89 78 0 39 55 51 46 30 67 21 77 42 58 25 18 87 42 39 57 23 63 75 55 62 8 82 11 0 66 55 73 53 25 23 67 29 20 67 95 60 94 48 27 55 
32 51 95 96 97 90 64 62 23 62 77 73 28 15 55 20 89 37 49 35 22 53 13 55 78 35 48 48 17 36 7 91 47 71 15 45 66 28 46 14 98 38 12 80 64 46 5 98 89 66 83 1 84 14 86 34 31 44 2 22 98 55 13 82 61 99 54 93 32 63 45 14 59 39 40 62 42 47 65 39 45 59 25 2 76 36 20 62 59 15 62 37 0 48 29 35 45 86 28 52 
75 14 88 11 95 33 48 17 56 73 31 18 53 26 21 50 25 1 33 70 52 62 93 74 40 11 59 30 12 76 20 0 36 84 18 93 33 56 26 37 21 30 82 88 14 85 91 14 83 35 99 99 80 71 74 68 36 92 58 93 24 49 51 63 13 95 68 19 49 8 64 39 54 69 52 9 79 79 57 18 35 85 76 33 91 25 80 80 99 83 71 81 84 18 77 97 9 50 26 58 
63 85 27 27 57 59 59 12 40 51 45 77 56 75 8 91 43 3 58 61 98 60 26 69 40 25 94 11 77 97 28 85 40 88 43 64 5 82 44 37 2 47 17 0 86 49 29 69 74 23 57 20 35 84 7 63 57 47 30 77 71 72 33 85 55 79 83 70 91 7 66 66 16 42 3 82 57 63 58 72 99 28 65 88 4 25 50 15 2 92 84 50 6 55 87 13 64 19 17 59 
9 82 3 84 42 76 4 12 34 25 30 44 11 30 38 22 29 76 42 18 96 1 62 82 23 46 20 34 32 5 87 29 46 72 89 90 20 89 59 2 4 91 6 68 81 41 36 70 25 42 61 4 65 80 66 15 60 89 85 20 2 95 70 40 82 87 74 18 35 89 42 19 20 65 62 37 25 37 86 35 8 9 33 44 51 3 41 10 83 16 18 82 30 51 14 41 30 93 64 76 
14 44 31 91 93 0 30 82 71 26 22 78 82 83 75 87 70 4 98 58 52 72 42 40 49 27 2 7 25 32 51 17 66 62 71 35 63 66 93 44 60 16 46 18 83 14 86 52 52 57 87 69 54 47 71 87 70 85 56 35 67 34 45 65 42 75 82 59 2 48 88 71 39 47 94 32 76 72 24 68 39 93 26 47 5 86 99 91 85 44 30 45 53 37 12 51 38 87 48 26 
71 47 40 82 41 91 44 20 85 72 59 2 82 84 36 53 17 50 11 27 59 27 53 84 34 35 2 48 30 99 60 93 97 9 91 73 68 21 75 4 96 13 57 99 14 93 9 3 31 41 11 8 39 88 21 21 98 35 85 67 71 9 12 40 32 4 69 45 42 71 98 67 91 45 60 7 74 22 5 40 78 85 19 94 49 14 66 47 53 25 54 65 24 50 30 2 93 10 28 10 
59 47 66 15 45 31 4 85 82 34 24 61 22 21 14 44 25 57 24 83 76 45 48 65 65 19 51 39 86 57 2 15 58 79 67 9 31 83 11 30 38 61 65 89 51 0 57 30 80 65 66 1 66 47 69 72 83 79 7 72 86 24 13 53 26 37 57 36 12 97 51 45 19 63 65 73 54 96 65 29 5 58 37 0 88 35 31 61 9 25 5 9 54 71 3 56 62 87 31 73 
48 49 54 79 44 5 32 80 75 24 40 29 5 17 81 68 65 61 3 14 19 19 87 13 56 42 68 27 39 27 51 87 63 67 30 83 82 77 42 7 56 88 2 85 27 56 14 54 49 57 9 20 70 88 31 45 43 61 58 46 47 20 19 71 6 92 80 18 40 8 43 38 99 68 29 34 63 88 19 26 88 43 25 45 93 55 86 48 68 72 40 34 81 30 36 41 88 14 87 19 
42 54 50 84 35 32 47 80 85 25 86 79 59 48 47 25 68 14 36 95 42 63 1 19 22 85 10 68 50 74 93 60 88 8 16 42 25 28 5 37 42 48 37 98 97 54 54 7 15 88 69 81 37 6 50 32 21 44 48 16 90 61 56 22 91 92 66 71 19 52 71 28 93 63 69 27 66 91 19 8 39 65 8 91 21 89 15 86 78 70 32 74 6 45 21 63 6 96 21 52 
3 17 33 15 78 16 78 28 63 37 94 24 15 1 14 37 59 84 44 92 6 20 76 54 90 80 52 47 1 38 80 88 85 49 31 35 14 14 32 28 39 22 55 54 68 16 20 82 6 44 36 11 91 19 33 55 56 0 69 9 57 40 42 44 4 61 92 95 28 28 66 73 78 52 30 70 0 63 24 55 14 67 80 71 71 55 91 38 22 59 75 62 96 21 74 4 92 78 98 48 
28 36 21 36 57 25 34 58 26 92 62 99 32 6 49 43 22 52 42 55 27 56 28 58 57 65 81 47 77 42 79 85 62 73 41 76 83 44 33 3 35 88 76 91 35 94 69 71 35 31 45 77 76 6 6 56 17 87 71 37 16 43 91 71 63 43 6 14 56 68 49 72 97 36 40 90 91 45 52 76 78 46 70 36 32 75 6 88 70 5 24 3 92 87 40 45 2 50 32 61 
37 71 22 98 27 14 35 85 1 57 0 50 63 14 79 21 87 10 44 63 19 34 51 57 17 96 53 88 68 62 71 82 16 72 46 60 85 39 77 88 88 9 31 60 83 88 45 12 98 7 91 61 13 86 6 74 99 9 41 52 20 47 78 36 80 43 0 44 40 24 50 62 8 97 19 79 73 18 43 44 43 10 5 5 11 41 7 83 39 9 69 0 70 37 46 72 6 4 19 6 
75 80 46 4 78 64 22 91 81 22 15 46 37 47 28 56 17 44 11 72 69 2 25 65 2 32 3 62 36 55 20 15 82 50 20 61 41 72 84 15 31 11 43 33 49 94 21 17 79 5 14 84 75 71 81 58 17 96 49 1 73 49 79 43 69 80 1 6 1 28 39 15 96 69 77 82 13 43 36 33 62 33 12 55 15 48 92 60 54 93 52 46 13 84 20 37 17 45 57 70 
58 24 6 28 56 39 67 93 56 3 8 88 1 4 68 10 68 49 40 62 38 52 47 4 17 9 22 18 54 53 52 74 77 32 20 30 5 35 5 85 34 28 59 5 48 27 55 1 10 6 55 97 31 99 79 12 36 21 51 49 54 76 26 29 45 76 74 40 81 68 85 42 68 91 31 52 32 72 45 99 78 99 54 0 11 64 56 29 54 2 25 99 99 54 87 72 15 61 80 51 
67 46 34 33 33 81 85 35 24 45 14 5 3 57 9 85 70 69 62 4 80 45 17 44 20 59 10 63 97 5 34 26 56 13 51 54 5 0 5 31 44 84 6 71 14 58 43 37 70 76 45 77 85 63 51 67 90 95 44 85 1 13 87 6 22 10 73 56 53 34 91 31 53 27 5 43 97 95 2 50 57 39 24 47 1 15 71 60 27 30 5 11 95 2 44 39 15 75 4 16 
72 18 31 60 62 41 94 92 3 45 48 92 90 84 92 98 57 44 76 20 61 32 81 40 10 38 94 44 31 13 51 34 22 67 32 57 19 94 30 76 9 66 98 70 34 30 10 47 8 8 15 23 36 38 27 29 70 39 47 17 9 32 28 33 56 15 23 28 25 54 37 16 89 0 56 33 4 65 36 94 38 14 28 44 34 78 37 89 95 3 99 27 69 33 49 61 21 45 16 57 
18 84 75 83 41 33 10 37 20 9 6 99 92 18 71 40 57 18 73 57 1 44 68 50 71 18 31 91 93 85 79 69 57 18 43 78 64 7 71 45 55 14 90 12 77 24 88 2 45 56 0 61 29 24 56 37 60 25 94 51 8 15 99 28 67 51 43 88 11 41 0 93 87 64 26 44 93 88 74 35 84 54 90 84 87 89 85 77 19 16 98 28 35 31 50 37 30 16 9 30 
4 39 50 94 42 75 55 89 72 10 47 79 76 74 78 70 37 34 97 70 80 61 35 67 65 41 90 45 97 3 50 71 54 84 19 32 56 31 25 39 3 10 77 17 97 46 10 85 41 35 88 87 20 91 0 67 23 41 0 72 36 9 10 8 70 14 63 66 44 76 48 40 73 56 85 38 33 61 28 50 22 16 40 40 89 1 30 21 87 39 12 40 24 58 0 25 55 76 92 97 
98 95 12 61 31 96 83 41 54 78 81 48 29 53 56 18 90 89 93 77 40 92 46 88 48 11 6 97 5 38 0 97 90 62 36 65 15 31 30 63 35 91 21 49 41 70 55 45 28 50 61 42 51 38 73 90 77 90 78 92 80 12 68 12 1 58 45 1 31 39 12 83 33 19 67 81 30 71 78 92 29 12 46 80 58 2 19 27 89 84 41 68 69 31 32 1 26 28 67 80 
