39 60 36 17 18 42 61 39 95 11 61 75 71 56 1 77 11 73 23 77 36 24 18 18 54 2 41 43 47 34 24 62 78 77 15 42 14 10 28 35 61 79 51 89 9 24 12 89 54 78 85 94 71 14 17 76 13 15 76 86 1 38 44 42 5 9 43 45 51 61 6 87 30 91 21 23 1 45 80 86 19 81 93 70 55 64 83 15 17 72 3 45 5 74 93 51 32 66 73 31 
44 35 66 30 19 20 83 70 63 63 64 6 20 3 75 44 59 40 28 96 30 38 26 97 11 36 83 74 70 45 45 7 89 36 89 92 42 84 33 61 91 86 33 10 97 78 11 97 67 52 28 46 80 87 68 98 88 82 65 83 54 91 15 58 62 68 56 22 70 20 22 37 90 22 87 17 52 28 37 48 44 99 98 71 24 48 7 39 15 38 29 9 55 31 95 76 12 68 80 64 
75 45 88 45 43 11 66 37 15 20 73 26 29 84 91 11 9 66 41 89 12 23 61 73 30 72 16 92 38 34 84 45 54 61 21 6 47 25 78 34 77 69 94 99 74 77 64 59 47 95 19 87 16 60 90 54 69 8 63 11 81 71 23 90 30 17 30 48 72 69 35 1 59 77 61 78 79 77 71 99 11 13 45 50 6 71 44 88 92 10 72 80 59 76 24 78 91 78 46 6 
8 45 48 53 8 91 54 11 17 48 8 38 0 6 7 33 38 7 59 69 5 70 35 52 6 15 84 46 86 91 51 25 15 91 6 28 0 75 9 55 75 90 9 77 78 48 16 33 48 56 66 47 86 24 96 22 62 85 67 22 90 19 15 52 67 73 93 87 72 41 10 10 86 31 4 3 2 26 2 54 17 66 75 62 2 28 83 23 81 83 77 21 39 8 28 80 86 93 69 52 
90 17 64 47 25 3 99 97 23 44 79 7 36 21 60 15 50 82 79 67 29 72 86 88 70 53 64 72 68 81 25 99 17 15 64 11 12 34 0 30 21 17 16 77 10 38 66 26 52 74 89 33 18 11 1 54 5 94 52 69 87 39 95 96 70 27 58 21 15 48 83 95 36 51 68 23 50 63 41 42 62 36 69 45 66 94 35 76 71 59 7 83 65 62 41 1 35 29 78 38 
79 42 98 80 41 93 13 78 52 77 4 68 96 52 27 37 43 48 68 1 81 56 67 33 1 14 4 97 23 78 76 98 23 6 92 92 63 43 77 81 52 24 77 95 93 55 26 10 24 29 88 2 17 73 82 80 72 55 20 90 6 80 23 40 83 29 52 64 31 49 42 49 99 85 50 12 57 23 48 11 34 61 79 70 14 18 97 91 97 13 0 77 21 24 81 48 4 36 67 87 
96 8 74 34 88 66 84 26 88 21 95 58 40 68 69 94 44 43 72 43 44 16 90 77 27 83 92 43 41 49 29 42 74 30 29 67 55 81 43 2 11 62 56 11 54 2 81 50 68 88 87 83 89 20 4 38 16 7 89 57 30 54 2 0 77 12 49 48 21 1 62 99 49 40 71 39 64 19 48 37 77 38 77 36 57 85 63 94 41 2 23 93 84 74 49 58 74 30 92 91 
77 1 11 30 82 65 35 14 43 71 70 48 24 59 96 65 47 67 55 3 13 15 0 96 26 56 39 68 0 45 40 9 31 55 28 67 91 96 98 51 2 42 83 94 87 37 50 7 72 54 4 17 76 49 74 18 60 90 13 73 15 63 59 97 99 34 58 37 10 72 58 74 65 53 94 52 44 38 32 42 87 35 5 9 67 54 94 18 99 23 76 41 8 10 2 84 46 74 49 61 
46 55 4 45 37 82 81 81 99 76 89 53 96 96 55 79 81 25 20 96 34 71 7 29 98 25 8 45 79 47 81 82 56 80 44 34 65 47 54 70 78 49 55 69 75 22 59 78 78 46 72 25 37 50 53 89 29 95 39 58 83 85 74 33 98 71 2 85 73 94 30 95 47 71 48 21 53 34 83 22 46 9 86 89 88 72 65 24 42 26 73 11 21 92 83 6 91 64 61 51 
2 5 29 91 89 69 42 18 97 47 3 13 2 30 49 39 48 17 32 99 4 5 75 66 1 0 69 16 80 11 19 55 63 22 70 51 57 87 27 39 55 76 97 12 53 33 74 8 20 97 42 66 47 64 65 56 11 41 60 35 8 16 30 98 52 27 15 90 58 53 16 77 51 71 11 70 8 62 58 63 89 88 55 72 27 90 15 92 48 11 20 60 75 95 99 20 42 59 58 81 
0 74 8 92 58 79 94 61 97 77 14 49 13 67 71 49 65 49 16 55 23 10 16 11 45 49 54 68 80 97 96 87 16 44 57 87 24 11 34 17 51 51 13 50 98 8 85 58 8 25 46 4 21 67 90 31 47 92 70 63 62 47 33 65 32 35 29 7 7 49 19 63 91 38 10 57 64 20 71 51 33 12 71 1 76 72 80 25 64 21 84 0 61 16 36 90 74 33 53 3 
81 0 77 79 67 47 80 3 69 76 31 31 75 59 8 86 98 91 31 49 80 85 13 16 59 44 83 35 26 47 73 32 93 76 3 0 94 99 52 27 87 46 10 31 66 30 61 36 43 46 91 86 4 10 27 87 23 35 16 24 67 29 85 61 72 85 95 91 44 28 42 41 6 4 19 6 34 33 21 7 9 63 44 44 7 42 19 96 54 61 16 40 37 47 40 63 56 36 23 67 
86 56 50 35 84 17 8 1 68 65 66 22 10 33 41 52 89 7 32 67 42 23 67 92 72 22 76 85 31 67 92 41 51 82 63 3 31 20 27 20 15 0 58 18 1 11 43 34 11 83 68 33 82 55 21 11 37 84 15 16 25 83 9 44 95 57 59 45 35 51 33 22 55 32 82 66 51 87 6 33 28 93 73 66 14 94 70 86 23 87 2 16 77 24 20 1 6 79 28 74 
54 41 50 92 93 31 74 19 71 80 62 54 24 77 20 45 27 37 5 96 82 25 64 20 39 27 39 92 1 99 19 70 2 90 38 5 64 23 58 96 85 10 11 20 11 59 33 91 84 50 23 46 31 48 55 5 7 58 19 24 51 45 99 24 30 94 29 57 28 78 41 62 30 29 53 52 62 74 88 64 93 99 56 28 45 19 41 22 58 55 44 25 97 97 22 68 71 53 90 74 
78 18 89 21 16 89 63 21 80 80 16 99 11 10 40 93 28 81 48 60 75 16 42 49 38 51 95 40 99 27 26 2 96 46 48 16 73 38 14 28 26 45 66 72 33 81 15 85 80 64 14 86 58 43 37 5 98 83 9 53 5 12 9 77 33 14 55 0 69 92 86 29 59 19 75 64 39 6 20 2 94 43 36 69 79 99 92 64 1 85 13 26 86 68 51 60 26 22 65 64 
51 99 95 35 31 71 33 35 50 11 36 1 61 78 29 25 63 79 76 80 96 1 3 53 20 24 64 39 13 54 20 77 79 8 25 51 22 17 80 12 65 23 43 29 62 77 31 5 6 85 25 37 30 55 34 34 62 34 31 53 57 10 82 42 57 93 63 72 41 57 14 36 28 98 61 24 76 28 92 38 50 40 79 76 40 20 12 78 12 23 6 70 87 70 65 76 34 4 2 47 
27 4 17 82 95 28 42 14 43 39 57 23 85 8 46 93 60 50 59 69 51 84 11 48 85 30 71 67 5 79 34 87 76 20 58 39 3 1 45 84 31 31 18 37 10 81 5 75 20 51 24 26 66 35 71 32 6 70 52 10 6 0 59 25 81 87 57 66 95 5 64 46 37 38 91 95 38 51 5 35 80 41 71 50 93 66 81 97 87 86 18 73 90 69 77 17 65 63 90 96 
64 28 61 31 16 49 43 86 87 42 66 40 86 58 16 40 45 96 43 37 38 87 95 69 84 64 23 10 44 94 85 37 41 22 5 32 89 33 60 41 28 79 76 83 24 52 66 45 13 44 55 4 22 99 65 46 60 24 38 76 27 71 89 4 10 71 31 28 34 36 16 65 38 48 27 47 66 57 11 16 65 28 58 75 67 32 26 64 3 52 67 77 89 1 72 54 59 96 81 28 
97 95 72 70 75 38 46 41 14 56 61 78 81 31 92 54 98 40 31 53 43 54 19 98 94 78 84 14 61 75 29 91 78 91 39 7 38 38 99 29 2 13 49 31 90 69 69 28 98 65 55 88 87 65 49 18 39 37 2 89 95 94 24 74 75 87 19 69 43 30 52 66 21 8 23 50 91 90 37 14 11 62 56 79 20 21 72 2 15 2 85 90 53 31 78 85 82 62 30 55 
15 36 78 65 60 37 54 48 69 74 11 19 78 34 48 82 40 22 11 9 38 77 47 34 8 68 47 27 54 46 46 42 53 2 49 93 98 80 32 48 15 33 48 72 1 35 28 59 54 36 27 53 88 46 54 49 7 47 51 24 40 50 57 9 41 14 76 15 15 29 67 11 33 47 36 28 79 0 84 75 82 27 80 74 74 13 59 98 10 50 49 25 15 66 44 13 4 86 73 78 
15 96 88 8 7 92 3 96 65 13 20 8 89 28 2 2 31 62 2 22 90 84 3 6 87 70 70 50 44 32 90 27 31 37 11 48 66 45 45 48 49 42 27 42 86 33 29 22 23 57 75 36 61 25 11 95 88 54 89 55 12 31 12 25 58 60 40 50 45 80 29 7 10 35 51 65 26 39 96 81 43 51 58 93 54 48 41 46 47 90 3 73 65 63 31 29 52 90 94 39 
96 71 24 90 93 56 90 76 39 75 48 12 78 70 82 56 74 27 63 6 87 2 73 87 45 36 70 87 98 97 18 79 48 92 71 4 64 85 29 11 39 99 61 42 41 32 32 94 71 1 88 9 61 26 75 58 31 62 95 70 75 71 40 77 8 81 43 46 25 86 4 51 46 73 15 53 10 27 48 82 8 42 55 16 12 50 41 17 20 49 68 71 23 78 8 14 60 8 87 7 
36 36 74 16 94 19 62 17 23 5 86 73 26 19 81 10 48 43 86 37 82 37 94 9 11 8 90 9 33 79 86 96 84 29 49 97 61 95 53 67 12 56 94 91 7 2 50 31 5 91 84 65 4 34 77 29 2 27 6 91 34 93 23 85 53 74 59 31 71 92 82 91 39 90 99 99 85 92 14 13 48 60 21 22 79 13 93 62 88 85 99 95 51 53 87 33 19 64 53 89 
90 30 39 0 58 66 54 70 0 57 96 9 68 32 10 72 81 76 17 33 22 81 62 30 13 25 38 24 91 5 71 56 32 97 21 31 20 55 31 51 39 30 90 66 17 73 46 46 29 28 34 90 19 99 43 48 63 76 68 67 0 19 33 19 20 12 95 75 6 83 18 95 98 9 58 22 12 97 47 25 51 6 61 4 87 99 42 36 85 2 9 94 42 13 50 75 23 61 63 85 
19 53 27 97 53 60 33 1 28 2 47 88 24 8 15 72 98 29 47 95 47 35 28 92 9 6 84 64 55 27 31 1 63 53 22 90 93 9 83 92 69 63 4 96 99 4 59 13 17 17 61 28 58 3 30 78 18 4 17 93 75 63 8 22 66 51 50 18 49 22 47 67 35 44 92 12 40 25 16 4 71 7 81 48 5 2 87 88 17 22 86 15 84 47 6 36 53 67 16 96 
97 58 3 93 19 53 40 41 24 70 85 80 49 59 51 42 89 25 11 81 12 64 78 57 32 96 73 24 11 2 76 48 61 76 25 95 12 49 63 31 70 69 31 66 34 49 71 3 84 98 14 77 41 78 35 52 78 22 61 90 53 70 6 3 38 38 98 16 95 74 31 1 10 53 58 45 70 65 61 99 48 14 47 53 67 64 87 71 26 38 89 93 53 72 33 1 76 99 6 65 
47 20 98 44 88 82 74 54 97 16 92 37 49 30 27 41 83 70 80 31 25 22 86 86 17 89 43 54 61 51 1 34 8 21 37 27 25 84 19 61 84 24 90 1 29 0 46 64 75 92 16 52 2 52 76 44 77 15 2 44 63 82 10 10 46 34 44 95 20 19 72 49 90 58 1 12 14 50 28 39 93 42 83 97 29 34 91 68 23 32 31 70 25 48 58 1 90 31 99 27 
86 79 51 31 43 7 54 2 72 30 37 33 13 17 55 34 23 46 31 46 45 66 74 94 39 1 45 77 31 96 37 16 10 88 6 10 92 6 36 74 13 30 37 47 74 91 90 40 79 94 67 93 27 27 90 61 42 29 3 59 21 98 12 89 60 70 26 79 52 38 85 73 31 1 63 97 8 94 74 35 69 84 5 14 11 41 29 82 77 49 68 97 9 87 62 87 80 13 70 53 
63 73 23 51 93 26 88 94 43 96 1 74 46 87 23 4 3 18 89 81 5 79 48 63 34 29 16 54 63 6 0 73 29 58 63 99 48 91 52 39 36 59 28 90 37 43 66 15 39 45 27 24 28 68 50 21 0 6 85 73 8 67 78 39 83 57 69 53 87 43 67 23 70 85 26 23 50 52 49 25 77 98 83 76 60 65 23 22 40 16 71 41 63 18 41 70 49 85 25 18 
46 98 12 63 57 0 57 52 37 50 94 0 43 29 49 52 61 16 83 10 13 38 92 21 85 73 25 15 81 72 99 10 74 36 41 62 5 39 63 29 31 5 55 32 88 10 72 34 33 3 46 22 71 99 22 22 77 54 38 73 61 29 82 16 97 69 72 53 47 53 81 51 3 49 26 2 93 93 54 14 94 4 4 82 67 13 51 59 87 7 23 9 68 17 52 33 53 9 98 55 
83 16 27 54 42 50 33 50 96 14 45 61 36 29 80 73 8 71 92 21 40 14 62 70 38 78 3 96 26 33 43 45 35 75 73 77 78 36 8 39 35 57 54 47 65 57 3 0 2 17 44 4 39 90 37 1 72 37 51 50 43 51 71 95 89 98 46 5 21 40 21 22 74 54 37 51 63 60 5 62 81 7 25 43 68 15 1 65 65 70 34 79 40 36 49 60 60 33 56 94 
59 56 10 42 4 22 9 62 25 50 54 80 74 81 73 51 83 65 10 87 74 66 39 74 37 65 46 92 25 80 1 43 91 77 49 4 13 23 68 75 24 62 54 98 4 63 13 11 93 51 23 79 13 63 9 67 95 76 70 65 18 83 66 88 61 68 48 31 81 6 0 27 11 74 12 19 56 90 57 48 45 51 38 80 32 82 5 32 53 75 93 76 41 7 55 10 89 83 87 72 
21 32 42 94 14 22 74 35 40 48 1 61 36 9 85 51 3 28 75 14 63 32 31 80 86 94 59 93 43 84 52 70 68 79 86 59 41 76 86 31 34 74 28 23 69 27 1 43 28 52 23 36 22 85 63 23 8 41 56 32 68 26 98 87 22 41 43 46 77 37 97 47 6 21 12 49 28 50 90 33 37 21 0 91 37 1 11 73 55 89 8 28 88 32 44 44 12 25 79 88 
85 77 95 82 19 19 39 60 9 14 28 89 90 21 84 14 92 15 93 91 7 28 0 88 69 24 19 87 92 59 76 89 74 60 35 25 65 53 22 16 53 92 58 98 37 83 33 83 87 29 2 97 69 68 0 93 57 57 87 20 13 46 7 64 62 55 46 88 96 56 56 20 11 86 98 12 96 55 28 46 95 6 98 62 75 63 0 34 43 15 12 34 20 12 28 98 15 92 89 42 
28 75 59 49 79 65 62 0 6 68 37 61 39 46 80 87 88 55 75 40 64 18 97 14 87 28 83 87 9 69 30 11 70 69 65 86 66 66 7 26 8 0 79 25 48 45 50 59 97 27 87 15 99 18 16 68 49 46 67 98 62 48 5 84 62 88 32 20 23 19 20 9 65 82 96 44 65 31 42 95 56 19 86 70 72 63 43 95 35 70 65 71 76 27 52 69 34 59 66 18 
82 94 99 94 37 90 46 30 46 68 33 62 8 46 41 90 55 1 91 15 36 52 14 59 26 33 81 29 80 22 32 85 52 54 38 80 80 17 42 3 23 17 31 57 98 78 39 34 61 17 7 9 4 60 68 18 1 89 70 57 23 73 77 1 20 63 39 28 79 37 84 90 73 68 15 32 93 66 58 35 49 53 45 49 87 43 3 11 0 93 33 64 80 16 3 17 50 16 4 86 
77 75 23 91 19 14 71 94 57 74 24 0 59 58 23 94 62 99 17 75 35 32 55 91 62 11 32 61 86 43 37 25 46 71 33 15 93 12 49 44 18 18 87 10 4 9 35 97 96 9 24 57 63 98 23 97 9 62 37 3 49 39 52 77 23 14 40 78 8 20 74 5 61 27 45 21 47 48 7 98 57 38 25 74 82 79 63 3 21 57 14 48 6 28 60 63 35 74 53 35 
55 24 38 26 37 79 54 92 24 21 4 32 70 96 44 89 75 31 1 17 63 0 11 15 2 2 40 95 6 73 72 51 66 14 69 10 87 3 56 95 20 98 93 55 22 13 21 99 95 6 34 74 58 12 27 26 92 22 81 40 21 77 49 61 90 8 66 22 49 43 77 71 30 57 44 48 97 64 52 48 80 60 98 31 58 23 84 77 76 74 3 91 95 8 87 46 82 93 31 46 
25 60 31 8 26 37 63 15 8 8 48 83 41 42 93 35 44 23 20 73 66 83 65 0 36 29 80 21 14 52 2 93 43 92 84 61 93 74 27 19 90 87 15 93 38 2 26 27 91 6 96 26 19 1 97 6 13 92 2 15 63 71 20 31 89 33 57 95 94 39 84 45 79 92 3 73 8 25 43 34 67 90 59 87 70 85 93 73 89 92 18 28 24 29 97 49 49 54 89 18 
69 70 82 36 35 95 53 96 62 92 54 13 41 5 43 85 67 17 90 58 60 79 12 31 33 10 80 99 35 10 6 41 2 2 40 61 51 84 60 69 96 17 8 72 36 65 66 83 99 51 92 73 10 48 87 8 2 26 55 53 21 7 54 52 26 35 48 43 10 63 38 81 79 46 25 78 40 97 34 58 69 69 39 53 24 11 1 13 96 57 40 5 9 96 66 12 16 37 64 31 
93 52 17 56 94 25 28 60 70 13 73 89 25 21 75 27 45 28 96 7 82 15 60 46 94 13 94 25 57 5 17 97 39 51 86 25 33 32 7 97 37 5 28 1 60 22 47 78 78 76 69 29 45 77 75 18 69 9 78 62 80 37 39 72 84 80 85 28 69 78 92 30 77 48 62 22 77 19 4 83 22 13 68 89 43 17 80 89 85 18 74 76 29 30 97 41 60 3 38 15 
85 35 80 90 58 36 65 55 24 26 34 6 73 12 97 35 50 12 45 20 58 55 93 91 24 13 97 83 60 4 25 39 41 15 39 66 77 41 39 76 62 54 25 70 19 65 43 28 18 71 36 27 96 85 36 1 98 48 13 99 35 80 77 95 77 22 9 33 21 85 41 39 93 79 5 55 45 77 83 0 5 96 94 17 4 54 87 49 62 60 90 48 1 77 47 53 78 96 93 96 
11 5 83 33 4 13 1 98 98 2 46 22 21 97 95 87 13 91 82 77 36 78 8 47 35 25 7 21 39 9 40 15 89 89 97 93 20 96 14 31 50 10 45 43 82 8 51 93 84 8 45 38 89 57 18 68 8 66 49 84 69 97 95 5 33 73 66 57 47 4 45 1 38 19 83 82 18 35 9 45 3 34 55 27 64 56 6 10 20 62 49 34 83 96 40 7 11 42 60 5 
36 78 31 21 57 99 47 36 3 45 91 50 88 7 41 77 85 97 62 25 64 56 6 34 13 10 63 88 17 30 37 26 83 20 83 23 67 65 12 36 24 5 15 98 51 57 87 95 52 35 15 63 63 71 37 25 67 3 22 69 13 19 38 16 93 3 12 30 21 16 71 63 10 17 74 42 62 54 29 98 46 58 25 21 1 49 47 18 98 12 7 61 51 7 63 74 53 63 65 58 
97 2 72 97 4 80 95 21 91 56 59 41 90 86 60 98 23 45 25 34 69 31 83 37 13 44 91 45 59 5 59 12 10 86 83 29 58 58 12 36 66 1 16 21 53 35 55 39 35 31 50 68 24 94 82 57 41 89 96 12 84 27 50 88 25 48 24 92 73 15 55 74 9 11 66 10 82 25 16 23 40 59 85 53 52 95 40 4 7 57 96 0 83 99 94 5 44 48 66 21 
55 79 98 52 74 21 55 15 1 72 85 12 99 69 77 32 48 32 29 54 9 74 36 72 84 20 18 8 94 30 70 65 94 46 79 69 72 83 88 57 14 24 75 31 38 9 99 23 24 64 24 9 9 51 44 1 32 85 20 64 96 22 84 75 90 45 75 90 48 33 52 95 2 97 66 91 76 15 39 79 69 18 2 54 62 80 35 67 46 28 66 98 0 33 72 80 86 98 33 67 
1 19 89 62 60 35 77 96 93 36 41 66 82 88 48 40 17 33 79 89 90 44 93 26 84 17 54 11 38 66 71 7 63 41 61 97 89 87 98 8 98 38 64 88 7 29 75 37 20 70 94 27 77 61 5 87 56 83 1 14 78 6 39 10 94 47 18 17 39 95 83 44 62 34 94 24 0 1 42 5 78 63 25 51 25 7 81 77 46 20 7 66 87 8 62 2 47 33 58 73 
72 5 29 47 50 57 65 27 98 24 72 65 24 65 64 66 37 74 99 54 89 98 50 61 52 94 32 61 37 11 1 31 92 23 0 51 52 81 30 57 76 54 24 61 88 14 27 59 54 90 41 91 70 71 27 27 77 50 77 27 9 77 25 56 81 27 28 76 94 72 33 13 95 11 63 56 29 27 45 16 34 43 92 95 10 41 89 67 7 30 28 61 33 76 88 62 69 88 52 39 
56 36 1 35 54 47 89 79 63 76 76 69 76 25 8 87 90 94 10 62 33 89 90 18 75 98 72 65 63 81 77 44 16 3 16 9 33 83 6 41 39 42 90 55 60 25 81 22 18 61 12 96 91 6 0 7 31 53 43 56 80 76 47 54 80 44 44 52 92 65 53 51 32 59 48 86 43 61 38 38 28 25 41 60 61 3 64 28 23 63 86 68 15 12 10 86 15 51 74 31 
32 14 40 68 46 9 98 81 92 90 45 99 54 52 58 22 36 59 62 8 1 70 76 5 76 25 46 51 82 95 46 47 68 43 13 81 78 55 3 33 55 97 68 62 87 89 50 55 51 90 8 60 45 61 39 82 48 15 43 50 40 34 52 79 60 98 89 34 87 76 53 41 89 32 12 39 16 32 20 43 23 44 52 91 61 39 53 51 61 18 88 75 37 3 7 45 45 29 52 62 
29 70 18 82 29 13 84 33 56 93 55 37 11 65 16 98 51 26 51 41 25 34 42 73 89 22 13 69 38 79 57 21 85 12 23 99 91 22 62 37 15 64 69 2 51 65 90 1 78 57 53 88 60 27 33 48 69 60 84 52 99 59 98 65 33 30 16 53 32 9 92 70 1 89 88 41 27 89 98 78 35 16 31 99 29 29 25 33 80 99 65 2 1 47 69 95 12 32 60 4 
91 21 92 73 47 29 28 63 68 11 74 32 5 3 9 91 8 37 53 48 19 40 12 62 58 50 67 46 55 42 9 87 48 2 12 46 80 54 95 20 77 8 48 53 72 66 98 56 53 13 91 36 44 99 4 57 1 12 96 4 24 68 33 14 32 32 44 44 56 57 8 3 6 53 26 26 76 37 63 20 61 19 77 98 45 41 43 46 67 37 91 13 42 98 89 39 77 87 14 80 
60 75 10 44 16 20 78 58 22 96 56 94 11 13 24 61 34 76 43 34 74 65 30 10 93 4 89 83 38 79 84 93 71 30 30 17 14 47 81 46 9 39 49 20 23 57 44 42 21 70 13 97 85 68 19 55 58 6 65 13 4 16 20 43 98 92 16 67 84 4 46 45 30 79 98 51 98 73 57 13 12 97 77 18 41 50 7 63 76 41 32 71 85 70 24 52 39 11 36 49 
23 29 23 68 39 6 78 14 15 87 14 37 39 55 10 53 92 79 46 10 16 91 96 33 96 85 1 26 60 25 45 24 70 57 62 51 86 65 90 10 62 22 72 71 96 14 14 71 68 91 20 62 76 26 79 24 65 29 58 65 52 17 17 63 13 24 20 53 51 81 82 46 75 97 60 58 73 4 71 8 13 55 21 73 14 60 58 4 1 11 9 62 36 50 78 72 49 93 89 26 
4 28 58 71 99 2 71 2 85 64 18 11 78 33 40 87 18 27 97 8 55 97 0 64 59 42 77 35 52 66 61 12 79 28 42 8 58 56 40 65 13 14 47 1 27 26 42 45 34 73 11 81 56 25 16 9 29 88 82 9 77 74 36 40 8 88 73 54 54 43 70 61 96 62 34 5 36 67 91 70 72 60 38 70 46 61 45 26 51 36 44 94 21 13 45 37 77 91 85 13 
69 15 64 98 2 60 74 24 94 14 23 84 71 35 64 68 43 43 11 69 91 46 5 93 94 79 61 80 40 79 24 28 26 56 67 9 28 12 20 34 31 1 78 60 96 26 2 6 78 65 74 82 44 62 23 19 51 69 24 8 44 35 59 84 61 46 23 18 96 2 9 50 26 19 63 64 74 40 44 89 96 29 29 65 95 44 79 60 56 41 78 47 62 59 13 8 59 2 48 68 
28 98 27 97 32 96 23 20 61 71 73 97 48 98 45 76 30 69 5 38 90 56 3 49 65 35 28 65 75 2 26 64 4 16 50 70 83 23 74 76 74 94 91 49 98 0 26 66 92 59 52 60 72 70 46 60 17 63 66 62 50 91 12 1 99 89 44 10 90 26 68 66 55 66 20 73 27 98 76 73 89 87 30 64 71 44 97 41 42 23 73 48 62 50 63 96 17 63 87 92 
42 60 25 89 82 57 33 3 86 54 71 62 54 10 93 67 29 32 42 86 97 11 19 10 77 85 7 92 22 3 85 5 42 17 0 63 87 24 26 48 75 59 58 52 50 30 22 56 40 56 42 43 61 75 56 77 31 10 76 22 75 54 56 40 66 17 59 96 33 35 79 91 6 74 86 87 33 69 81 63 4 38 92 16 79 76 94 53 6 63 70 9 63 43 76 98 6 12 96 58 
76 78 59 86 68 53 39 41 24 29 90 94 31 64 26 32 21 56 91 45 32 86 92 3 2 81 75 55 31 59 44 70 36 22 88 33 28 89 41 68 34 28 84 91 83 53 42 47 89 9 97 74 80 18 16 37 5 26 31 90 20 72 6 83 62 81 72 1 98 70 16 52 7 32 89 6 59 89 81 2 43 9 42 95 71 63 84 9 74 21 14 60 98 36 92 34 93 57 36 2 
35 16 92 70 44 91 15 32 8 87 83 33 5 82 15 41 32 61 9 7 48 21 78 28 67 35 8 86 1 96 96 55 74 84 32 18 44 4 27 37 21 33 28 31 93 66 87 52 71 11 42 70 16 0 28 31 77 50 36 93 83 64 83 21 28 88 73 51 99 83 9 92 70 74 28 77 86 15 88 7 41 19 69 3 72 13 59 12 20 63 90 99 66 40 51 31 55 18 51 81 
29 24 28 13 67 22 34 78 57 36 60 26 68 84 44 94 67 64 85 24 98 52 90 5 2 19 38 94 57 20 74 14 19 7 78 90 73 25 67 63 41 12 36 38 67 39 60 26 14 37 4 91 61 64 90 3 43 47 37 57 82 12 85 39 44 24 33 16 27 60 19 55 2 49 4 11 19 50 81 3 88 36 37 80 37 42 84 8 66 15 60 9 56 77 66 79 9 87 90 98 
78 37 82 95 65 62 0 20 58 14 35 58 89 46 24 31 28 64 34 29 74 99 70 82 81 59 31 40 80 52 33 74 85 65 52 55 81 51 52 82 27 95 94 43 81 97 57 58 20 5 2 61 4 91 57 75 8 73 1 86 87 96 62 32 20 88 96 26 66 32 67 20 78 22 25 1 93 6 16 14 40 73 25 93 15 63 55 0 62 29 0 42 86 73 32 97 3 47 84 57 
28 69 14 99 12 89 73 69 76 37 96 30 61 8 6 69 31 39 57 11 14 74 51 56 60 88 88 33 27 12 54 55 4 78 9 23 72 90 14 39 46 71 86 40 66 82 87 92 36 56 7 29 48 16 20 95 21 98 59 47 31 57 51 53 61 52 24 39 14 51 96 58 12 34 58 88 19 35 78 54 11 68 69 89 24 63 37 24 45 5 22 52 35 52 50 70 23 37 15 64 
71 98 35 2 45 8 68 91 24 67 92 40 95 76 94 97 83 23 39 94 65 95 16 35 68 35 37 87 15 26 93 93 54 85 86 68 45 84 28 73 38 18 49 58 25 0 52 33 40 5 30 14 80 35 28 25 36 73 94 39 16 96 23 27 87 70 39 44 41 69 69 65 20 88 65 71 63 73 1 18 92 11 86 83 14 8 97 57 94 2 78 55 75 37 53 5 3 76 52 41 
20 25 76 7 46 78 99 36 35 45 82 80 77 14 50 94 19 16 20 8 71 53 13 83 94 59 87 12 49 55 58 64 66 23 54 13 69 86 45 65 29 82 27 22 17 51 39 95 44 38 9 26 9 28 27 66 75 48 49 35 49 27 52 36 91 87 56 69 20 45 29 29 23 95 51 21 72 56 70 21 64 6 64 2 95 58 52 69 13 78 14 39 3 44 8 10 36 89 97 67 
44 88 20 20 31 83 92 24 16 67 61 72 52 32 41 1 94 71 19 47 1 4 12 60 96 90 28 61 68 81 4 44 23 42 18 91 88 24 4 24 71 14 72 66 39 76 11 94 49 99 1 81 54 94 25 41 15 49 89 86 84 67 96 75 27 2 30 50 27 45 96 20 1 99 65 12 17 18 67 94 48 3 38 43 88 99 22 3 33 37 71 41 75 31 6 77 63 98 98 64 
75 22 64 81 44 53 66 81 10 50 57 88 55 41 74 92 8 57 58 37 28 66 54 73 93 9 94 38 56 21 32 22 88 15 55 91 26 71 44 63 67 80 13 69 51 74 89 80 53 15 75 44 62 85 90 19 18 49 0 57 37 98 49 71 14 32 7 65 42 19 3 6 99 33 87 36 23 94 98 84 19 73 35 95 7 4 66 38 95 52 19 71 18 87 65 16 2 29 6 99 
69 92 15 51 15 15 50 34 3 94 54 4 98 79 20 7 41 4 75 51 91 96 37 91 88 11 36 85 55 78 61 95 30 14 88 62 77 47 64 11 72 92 82 95 11 30 64 99 62 26 78 33 6 78 52 6 13 26 85 97 10 67 0 26 57 49 37 58 19 2 39 54 53 14 3 74 41 4 19 68 42 80 36 49 33 47 53 40 76 20 41 60 62 68 35 11 26 53 76 52 
65 66 72 96 78 46 84 76 96 62 95 50 27 8 52 23 27 25 84 60 30 13 33 11 67 98 69 4 62 50 23 11 29 41 82 40 64 74 56 34 17 16 18 88 15 17 65 2 36 94 37 6 45 26 94 6 13 27 88 1 64 32 35 64 29 46 43 63 98 53 86 64 35 59 70 99 46 46 10 58 5 45 27 63 68 9 63 60 45 5 66 43 13 20 3 58 4 12 41 52 
52 31 79 45 78 97 49 42 2 1 0 53 41 17 23 51 91 79 11 78 74 62 96 6 95 68 89 2 27 57 58 32 71 91 79 9 35 24 76 82 81 17 15 72 8 36 45 33 15 21 49 24 0 84 58 9 48 65 55 60 25 80 56 3 81 51 94 18 25 42 58 59 22 66 71 94 39 9 65 14 23 81 22 48 24 33 83 13 20 28 6 55 94 25 83 72 21 26 39 49 
92 9 53 16 46 16 19 84 52 88 47 70 7 8 46 33 5 55 61 17 97 75 10 32 19 24 81 88 68 28 0 45 9 96 7 77 48 67 48 33 70 77 34 52 4 15 41 9 95 13 62 94 85 24 75 26 50 21 68 38 20 37 95 35 47 55 21 35 4 87 87 91 2 32 28 20 29 81 63 37 46 51 11 27 0 58 44 34 98 76 26 51 44 98 17 6 66 22 79 26 
34 40 62 63 26 85 47 7 42 49 35 64 67 60 56 5 96 56 99 71 32 33 13 98 92 21 58 36 27 12 53 25 35 91 69 12 9 88 0 85 84 97 86 99 65 18 60 56 47 36 22 14 90 84 13 88 57 15 14 93 80 63 3 49 50 70 14 58 15 74 43 69 2 0 48 37 5 16 9 51 68 41 34 26 95 70 96 73 78 89 52 71 8 54 4 53 67 6 67 79 
37 25 23 80 24 34 57 35 18 95 73 66 84 83 23 0 7 13 85 44 40 85 41 51 20 50 57 70 19 60 2 76 94 38 74 45 90 3 49 68 56 73 13 55 34 42 17 80 75 18 19 33 1 40 89 75 18 65 46 4 49 26 29 44 71 94 78 69 85 15 31 9 7 59 37 39 34 58 75 5 46 42 63 13 71 95 36 7 69 28 7 66 45 98 97 61 6 87 76 27 
4 74 49 82 84 5 45 21 12 7 66 4 92 19 97 64 2 53 30 35 65 51 0 45 8 30 21 71 41 63 24 4 88 84 49 70 58 79 84 71 73 65 58 60 50 3 57 41 20 17 51 38 63 27 0 32 49 16 91 3 40 48 1 24 20 81 48 82 1 2 96 5 36 4 55 18 83 60 62 37 35 57 18 52 78 98 4 27 24 79 29 13 65 52 73 50 32 33 66 49 
10 72 67 76 94 97 33 9 15 76 22 56 98 8 52 38 54 58 64 8 70 39 28 12 38 66 22 23 32 41 26 60 8 7 10 12 21 14 3 26 35 82 31 5 42 34 13 80 32 77 48 53 62 15 84 69 42 62 53 22 73 71 54 94 15 37 53 84 71 92 15 49 22 26 34 36 6 2 61 85 43 49 48 54 28 97 97 11 90 64 22 0 18 89 80 56 16 44 79 65 
72 36 83 17 52 40 67 38 78 78 59 86 19 8 71 40 0 36 2 23 89 43 9 52 11 57 37 38 50 91 58 42 30 76 96 27 29 68 81 43 90 25 77 38 49 80 47 15 27 48 41 45 39 21 73 47 73 41 60 59 57 21 80 36 67 50 46 62 86 74 86 22 19 72 17 90 84 64 26 22 68 17 20 8 36 33 68 25 67 67 55 60 2 32 18 46 47 20 92 3 
50 66 40 88 52 13 20 9 4 80 9 81 24 60 84 36 41 32 28 69 5 33 97 8 44 31 4 13 44 88 32 81 10 4 88 60 54 9 30 60 86 28 20 18 45 55 17 74 69 16 42 4 76 62 29 92 75 10 17 81 80 17 64 25 81 32 66 67 4 20 26 59 96 60 98 99 90 51 2 94 5 70 21 93 79 13 36 27 75 45 95 69 86 3 93 46 75 6 89 41 
22 39 58 17 69 40 72 28 28 93 61 23 87 26 27 73 58 12 34 50 93 60 56 5 39 6 91 21 64 67 99 25 44 20 12 31 26 84 59 90 77 59 52 78 53 65 74 91 69 50 78 56 32 91 77 91 26 22 1 78 85 1 54 99 15 88 45 60 57 20 25 4 96 58 36 2 71 49 0 64 81 15 58 98 61 63 86 68 15 43 69 72 65 50 31 89 22 32 49 53 
77 28 22 67 25 35 77 96 63 92 91 87 37 63 36 52 10 10 63 19 14 29 77 48 28 96 98 56 37 7 52 45 30 4 96 15 13 97 42 48 87 20 55 93 98 79 41 17 69 53 7 34 16 36 10 73 27 45 3 39 37 96 21 33 53 25 38 23 55 83 1 73 91 79 22 90 62 17 9 86 58 92 76 9 52 88 24 76 41 79 54 48 12 21 90 4 45 81 27 76 
91 67 28 76 85 92 38 93 12 94 40 6 56 12 72 49 3 41 11 4 46 0 38 35 1 33 29 35 2 50 32 33 5 88 0 84 11 34 5 91 37 62 10 50 39 79 92 66 23 84 30 66 10 23 36 61 49 48 83 26 81 54 5 91 26 50 29 85 32 31 77 79 75 38 94 45 43 7 48 11 83 67 82 94 98 80 44 89 82 81 28 68 97 67 85 90 29 89 31 89 
81 54 27 62 73 68 5 48 0 95 71 77 28 79 99 75 6 51 78 65 3 14 43 78 62 43 34 77 99 5 25 94 45 91 14 83 23 70 91 35 3 22 51 99 16 37 21 90 16 32 9 98 61 62 50 27 85 20 30 4 67 2 69 60 76 46 56 95 30 18 40 73 40 82 90 50 50 24 20 6 14 67 95 46 15 70 99 12 33 53 38 0 5 44 53 36 87 71 15 90 
9 30 39 54 25 22 49 45 10 23 40 52 43 52 10 5 69 48 15 89 70 74 78 1 37 31 6 94 52 70 12 99 20 12 82 96 72 66 40 5 88 16 28 79 7 63 19 11 7 73 26 33 53 3 22 82 92 59 28 61 9 59 55 62 67 78 27 36 16 90 94 62 57 50 1 96 7 24 70 39 22 25 59 12 36 40 62 92 13 28 18 94 86 38 68 28 35 3 43 41 
26 86 65 83 97 5 11 66 70 43 67 9 53 9 84 55 66 65 41 54 21 99 82 36 78 56 63 85 20 59 62 29 97 26 87 12 66 24 50 83 21 77 29 78 84 99 67 10 84 78 24 33 14 98 94 56 69 75 39 61 24 22 56 12 17 34 89 70 6 21 42 88 74 64 1 78 76 4 17 84 96 59 31 69 38 55 67 77 7 13 49 90 33 96 32 95 38 46 79 13 
64 3 50 91 11 26 12 16 4 93 74 10 1 36 66 37 81 60 45 52 5 60 65 51 10 21 68 70 9 18 57 41 1 14 40 84 40 65 7 73 84 73 86 39 23 22 17 93 9 39 47 52 66 98 11 26 27 65 78 52 33 51 70 25 23 95 46 18 27 35 57 0 13 11 32 20 19 75 31 63 0 83 95 43 22 85 31 40 5 0 11 50 14 63 60 81 16 84 40 38 
70 2 49 94 66 45 34 21 4 40 69 80 77 79 75 78 2 63 56 92 39 26 54 63 17 24 13 30 72 54 0 44 61 84 90 90 27 74 78 37 90 74 83 19 41 17 84 3 60 59 39 86 38 12 65 12 33 12 42 32 34 77 1 59 18 80 9 97 29 34 89 16 18 19 77 30 7 52 50 54 15 12 17 72 20 88 34 76 14 29 7 58 86 90 58 63 91 6 18 99 
10 21 95 36 51 29 71 33 95 36 73 58 44 44 43 31 19 88 94 60 77 53 27 48 56 59 24 29 55 90 53 19 29 34 27 26 89 79 44 93 9 21 88 64 21 94 0 62 75 42 9 92 97 50 4 56 21 90 51 89 47 80 66 21 79 40 18 45 53 52 58 46 98 91 1 16 13 82 15 31 74 48 15 87 78 63 60 36 32 13 63 58 34 36 96 79 6 96 9 71 
62 22 27 71 17 62 22 9 53 12 71 14 86 32 84 21 53 88 4 88 21 30 55 17 8 70 4 3 97 35 2 8 28 72 88 52 39 50 28 35 95 68 37 60 51 24 91 96 17 32 32 49 96 72 57 65 25 42 38 13 84 81 78 85 95 38 97 83 75 3 3 71 94 51 5 61 91 83 82 97 22 57 91 67 78 34 35 27 2 92 94 70 80 94 80 86 64 68 61 61 
21 2 62 57 95 11 15 44 40 69 71 11 88 2 19 61 99 14 26 87 82 80 60 41 4 67 94 54 66 62 41 29 13 57 63 52 8 13 98 82 9 37 74 4 60 60 34 91 1 7 2 16 73 11 7 35 93 90 38 89 94 68 22 33 0 14 28 41 4 38 36 54 87 81 49 72 77 33 13 58 74 41 74 78 76 39 29 0 21 21 69 49 35 82 2 61 9 83 86 68 
47 16 95 13 9 88 87 68 40 10 84 6 49 8 20 94 86 37 68 27 82 78 79 11 37 84 1 10 80 6 1 64 98 24 0 51 87 46 11 36 11 95 27 83 71 0 22 44 59 26 25 45 44 19 96 86 44 35 97 80 62 25 5 85 44 27 91 35 77 76 22 75 48 8 41 11 62 9 65 27 16 73 83 57 17 62 19 32 61 13 81 50 50 82 37 48 33 0 96 73 
16 64 20 9 39 50 16 21 25 92 73 72 36 29 16 44 59 93 86 1 87 76 0 5 16 48 70 89 46 34 62 46 83 95 73 20 26 71 58 51 69 35 70 27 27 28 78 21 41 31 31 74 50 66 55 32 12 26 48 3 86 39 58 46 3 53 88 82 23 5 92 14 20 95 83 99 26 21 83 17 44 24 63 83 7 73 66 68 35 58 15 43 21 38 72 32 78 87 11 87 
30 98 66 25 77 25 78 20 64 4 25 64 91 88 61 51 41 71 4 49 25 43 23 20 11 3 76 9 58 79 84 92 45 84 79 80 88 11 89 79 1 24 24 1 86 39 7 63 64 82 99 22 32 85 56 67 49 22 98 89 67 11 92 72 30 74 85 45 78 3 85 56 89 79 82 13 77 57 83 90 17 9 61 7 90 52 5 75 86 67 49 55 75 61 19 65 37 95 22 94 
82 87 9 86 45 12 89 51 25 54 79 97 35 39 23 33 70 8 59 93 67 90 67 99 32 43 88 92 16 61 15 75 80 77 71 30 80 20 23 12 1 74 81 35 46 74 69 36 28 22 50 61 67 59 34 22 65 0 25 71 45 31 44 77 33 56 85 71 31 9 78 67 54 29 85 17 78 65 75 55 29 88 42 6 22 58 59 64 79 75 24 10 27 45 40 63 75 35 33 86 
33 4 71 93 10 95 89 47 48 12 29 43 80 71 3 85 28 55 98 4 57 78 50 36 99 31 57 3 93 64 1 7 46 49 5 5 76 81 24 80 3 31 10 55 38 67 4 5 46 99 66 99 27 16 39 74 19 93 97 6 8 54 13 89 58 33 34 65 69 93 93 1 56 86 83 56 65 37 86 71 95 84 29 40 94 97 59 0 46 87 85 90 62 81 63 80 58 26 68 34 
51 37 37 17 6 57 0 18 75 75 61 74 23 59 69 68 77 25 21 17 97 86 1 83 2 21 78 17 53 17 36 22 93 87 96 93 89 41 65 84 56 7 9 63 75 53 95 22 36 40 66 17 86 76 73 49 25 18 57 96 87 11 18 41 15 45 18 16 61 80 2 42 6 23 82 14 54 76 95 87 47 78 10 86 84 58 52 58 33 12 37 68 29 90 18 78 13 49 82 67 
47 3 86 54 39 81 63 54 92 58 16 23 95 43 69 61 63 52 44 97 81 43 54 42 74 92 87 62 28 1 9 45 62 87 50 49 42 72 13 39 18 70 88 25 43 68 31 45 52 91 71 48 94 16 19 86 46 0 35 29 80 36 20 16 50 22 78 74 52 48 57 15 87 39 97 66 31 55 84 23 10 25 10 8 14 37 10 23 2 78 56 18 63 86 72 25 52 50 70 7 
48 65 24 51 83 7 44 61 48 69 87 10 57 20 57 12 92 7 5 1 52 41 31 49 23 83 96 50 99 25 86 4 18 42 81 42 19 61 89 95 89 11 5 76 74 55 95 4 24 31 93 25 75 55 92 11 43 27 19 23 23 53 33 62 67 97 31 2 65 73 40 95 66 75 70 13 4 93 94 34 87 75 58 59 8 31 26 4 24 14 44 31 13 57 9 21 73 18 45 7 
60 31 28 98 64 27 50 74 51 80 76 92 64 41 92 54 49 65 75 63 9 40 8 91 20 37 60 88 31 15 32 90 97 3 71 12 50 61 85 67 16 11 18 42 87 28 55 23 25 33 97 69 50 33 51 71 92 80 91 83 42 9 72 71 70 41 71 84 32 39 82 59 89 94 80 57 65 67 78 65 25 96 73 41 47 21 17 66 1 20 90 0 20 44 13 65 62 81 49 74 
67 20 22 39 65 89 77 16 85 88 26 5 31 60 67 8 13 28 86 60 20 40 32 68 92 36 39 8 89 72 48 44 22 64 17 86 21 36 47 9 79 90 3 27 57 86 66 2 35 83 5 98 12 40 10 98 94 30 5 62 92 44 34 99 5 27 19 41 39 27 8 57 23 97 17 2 75 78 76 98 81 72 32 12 2 32 77 36 79 36 36 76 42 14 85 18 9 68 84 64 
58 66 37 98 38 41 8 94 83 93 55 12 28 21 85 25 77 17 95 2 70 0 92 29 4 43 39 19 32 41 35 74 78 41 94 8 59 78 23 93 47 33 48 2 67 52 93 86 53 37 88 61 7 28 5 19 36 45 82 30 56 70 66 47 64 24 95 3 95 36 11 40 91 88 87 61 66 51 15 98 6 89 30 81 75 98 75 2 96 46 90 84 69 5 75 84 39 0 71 1 
37 71 24 74 97 24 24 96 38 72 53 26 9 81 48 37 33 48 5 59 63 24 25 21 74 35 27 9 88 35 44 73 49 39 50 84 15 27 63 84 6 1 73 22 61 42 89 50 89 52 37 30 18 5 2 92 83 44 93 37 25 83 88 85 79 32 49 57 85 32 95 44 74 89 48 61 22 78 86 75 60 49 45 42 64 96 52 50 56 16 47 73 60 74 96 50 84 3 81 31 
