79 85 27 86 83 22 13 29 64 44 89 32 24 67 23 45 20 53 62 22 6 18 19 71 51 5 12 90 37 10 66 68 81 82 0 99 97 52 17 5 40 62 0 80 90 39 45 46 97 45 35 71 32 79 76 5 39 63 16 16 83 82 42 21 63 56 71 23 31 65 44 8 49 7 46 29 17 56 96 90 6 16 53 48 77 50 43 67 67 50 35 22 27 51 66 20 5 53 67 98 
54 46 62 95 75 84 80 7 72 39 64 98 94 13 26 95 67 53 22 76 5 56 87 25 73 89 12 37 85 96 38 7 13 45 39 49 35 74 43 53 0 10 41 57 69 71 72 64 37 39 51 77 81 90 70 84 42 67 22 99 9 60 50 71 1 47 15 7 0 11 61 43 59 90 23 5 35 8 40 48 36 24 71 70 81 45 36 96 92 23 9 27 44 3 24 53 84 37 1 0 
42 45 46 98 16 68 5 42 57 87 58 15 19 23 94 78 59 92 27 68 2 28 56 64 19 32 68 90 12 61 42 13 94 70 0 10 51 26 24 89 26 56 78 36 26 18 67 86 59 18 2 81 21 82 49 43 89 99 42 93 45 1 54 26 79 68 41 46 89 85 16 26 63 43 36 27 37 24 76 97 87 97 72 87 47 53 78 55 42 44 57 47 85 35 57 38 53 34 43 47 
33 30 89 20 19 60 87 78 45 86 71 76 13 80 70 81 55 41 0 18 54 51 51 12 14 45 39 9 33 12 64 29 95 40 54 36 34 35 44 82 89 14 13 10 0 3 84 32 97 46 79 1 34 56 38 51 96 5 91 21 94 62 80 11 4 98 57 21 16 76 67 78 18 21 94 12 73 50 50 47 74 97 79 2 53 11 95 72 97 29 42 79 76 91 61 57 26 18 48 52 
98 11 8 40 59 15 77 14 83 88 59 11 25 92 68 41 40 81 13 57 71 56 24 18 79 94 90 4 48 47 80 29 7 13 67 20 16 5 28 11 46 0 93 47 75 92 17 61 21 80 38 59 77 62 73 88 64 8 38 64 59 29 9 39 0 4 35 11 41 97 17 84 70 15 14 52 18 94 35 67 83 41 36 41 56 87 57 1 22 22 30 52 65 76 62 30 27 57 86 45 
63 32 85 8 60 14 7 97 68 56 66 14 39 77 25 5 91 3 19 62 38 8 10 61 17 96 1 8 34 61 82 93 21 15 4 48 47 61 76 63 81 72 90 87 35 50 43 59 46 82 37 63 54 54 42 58 8 65 92 30 97 50 72 36 67 85 90 23 92 0 44 2 87 32 59 26 74 38 14 56 25 60 21 19 16 60 45 80 77 91 36 87 14 78 24 29 62 9 90 82 
81 24 25 73 0 62 24 62 56 67 52 20 49 41 92 6 24 15 20 11 76 14 73 16 19 80 57 65 48 57 22 93 32 43 13 45 76 49 79 48 41 79 88 82 81 93 1 90 8 81 28 2 97 7 11 56 35 3 48 47 80 32 8 15 25 15 93 57 49 17 46 31 86 1 69 46 61 17 6 25 94 12 75 49 85 72 93 61 15 17 58 84 51 66 41 0 94 46 33 26 
65 17 58 79 75 5 36 62 78 11 33 23 34 70 25 21 87 82 37 79 42 69 33 60 39 22 13 89 77 62 25 40 47 71 47 22 18 47 45 48 27 77 43 89 78 37 96 30 35 38 57 84 56 55 5 98 95 70 55 82 70 65 44 98 32 30 48 6 89 99 39 64 52 41 4 50 68 76 22 55 38 74 42 1 62 55 32 63 88 38 5 35 27 77 19 0 66 46 34 7 
91 80 84 47 6 69 52 24 8 99 61 89 47 92 83 88 26 97 16 26 57 20 29 58 34 69 67 59 76 68 14 58 85 97 94 4 56 23 91 84 64 65 87 32 58 90 74 53 43 25 87 0 58 45 36 26 6 25 22 95 63 78 34 47 29 63 38 84 10 97 28 0 30 20 28 19 84 34 77 64 98 99 23 4 91 9 2 97 16 13 40 31 41 57 6 21 78 15 8 79 
93 50 13 92 61 55 2 98 76 87 62 79 77 27 57 99 65 36 74 91 67 49 63 68 5 85 20 17 9 69 12 52 68 10 56 75 42 78 76 22 98 13 95 81 91 1 40 52 71 19 70 17 91 33 53 13 91 75 26 62 68 57 46 40 47 32 10 54 15 45 37 19 62 72 16 76 12 94 46 72 73 48 40 75 44 45 23 47 84 37 18 41 54 28 25 90 55 42 30 57 
91 96 94 88 89 92 3 61 9 92 33 75 20 12 9 88 83 49 9 58 7 17 22 97 3 76 50 19 22 27 6 3 67 52 75 74 46 1 34 23 9 37 46 48 99 36 69 37 23 25 99 73 68 21 2 95 72 15 45 23 99 11 0 0 41 15 60 56 10 23 59 6 4 79 85 24 46 71 48 94 73 33 33 65 16 27 60 26 84 71 50 33 39 47 41 86 36 6 84 27 
36 82 28 48 47 88 66 6 6 36 45 22 71 18 70 41 14 73 67 3 87 90 93 57 44 85 97 46 72 94 0 15 24 2 98 7 49 82 60 71 38 21 62 5 51 6 60 86 66 33 26 34 26 63 89 12 97 46 4 99 30 93 49 59 22 71 60 67 86 95 61 7 10 41 5 56 41 71 1 91 25 78 50 10 40 97 40 86 86 46 1 82 17 73 57 3 51 46 76 33 
95 10 43 36 71 12 79 75 95 3 14 89 86 80 51 52 29 18 64 74 16 70 66 94 37 12 36 32 14 77 76 73 7 23 71 61 43 18 31 85 99 44 38 51 57 7 45 71 21 97 70 13 34 64 45 85 55 44 88 42 91 86 29 74 14 50 97 20 65 39 75 3 65 13 99 26 22 95 51 0 9 22 17 83 0 10 19 99 30 79 63 96 39 55 39 80 4 19 56 98 
86 91 29 68 31 49 11 98 46 44 27 63 40 65 87 67 83 54 76 73 50 15 71 71 61 70 14 65 26 42 38 46 64 50 79 9 35 6 71 30 4 22 63 43 99 10 46 89 34 42 35 99 64 95 34 47 37 45 62 18 23 47 21 29 70 96 83 49 72 83 67 91 49 93 20 44 89 61 11 18 77 85 58 24 82 11 64 79 60 98 98 94 68 42 66 82 88 73 65 97 
35 68 35 88 11 89 65 31 14 34 26 26 21 58 71 89 79 7 95 63 1 40 71 99 92 87 57 50 11 89 59 89 7 25 2 38 36 75 0 56 38 98 79 60 45 7 39 25 84 7 46 4 40 19 69 65 59 22 29 49 46 89 64 84 72 38 46 64 8 9 27 98 54 31 86 41 45 3 98 85 95 51 52 10 5 10 48 85 89 72 72 38 42 11 47 99 70 3 65 99 
62 56 24 58 49 98 10 64 61 54 52 17 35 27 6 68 1 95 68 3 3 39 92 49 93 29 49 73 74 68 76 46 74 9 33 28 3 16 4 34 78 32 40 20 20 7 52 35 11 49 88 22 44 81 22 55 9 13 46 39 47 29 83 18 64 58 35 59 61 43 40 90 23 77 75 54 31 12 54 78 28 13 77 7 88 32 6 36 38 37 50 16 50 31 45 35 68 65 81 87 
26 25 10 53 5 57 69 72 75 44 31 2 59 61 3 41 68 46 48 79 78 67 76 53 5 0 72 56 31 85 57 81 98 56 90 79 7 76 42 46 89 20 84 55 20 34 38 1 83 57 36 81 35 77 41 49 94 45 94 14 9 73 21 93 38 78 79 99 61 3 10 75 67 77 6 24 7 4 90 54 57 15 41 74 64 98 38 1 29 59 28 52 68 19 66 2 69 82 94 86 
7 36 33 48 3 61 39 37 61 75 70 89 42 19 28 69 94 30 53 25 16 48 78 19 22 10 20 45 7 8 7 87 66 44 34 77 85 6 79 63 65 52 60 90 87 85 9 82 0 73 50 28 21 70 32 3 62 66 19 81 65 79 42 55 1 24 78 33 91 90 76 14 51 69 10 60 36 41 84 38 34 59 27 11 8 96 33 67 57 39 62 27 81 69 7 49 88 74 97 8 
99 79 0 37 92 96 9 27 91 3 41 33 64 84 50 29 99 45 79 15 86 45 91 58 26 61 34 74 16 24 27 23 80 84 41 57 75 63 13 81 18 63 19 74 99 76 57 95 80 55 84 92 73 36 12 39 61 27 38 70 48 36 40 18 67 33 5 74 96 40 49 31 44 33 11 38 26 99 22 13 98 13 17 50 58 92 74 26 44 20 24 52 28 4 11 92 87 34 88 23 
32 90 83 44 57 73 97 80 10 45 53 10 94 83 1 80 86 62 89 98 94 70 80 45 81 55 85 70 60 46 76 52 70 45 45 46 42 91 77 93 97 42 0 6 3 85 10 83 52 60 76 60 59 30 82 80 1 81 10 31 7 80 0 82 74 64 40 17 42 11 35 77 42 47 9 10 57 15 38 98 24 63 57 71 16 64 25 26 39 6 70 80 2 89 15 73 88 13 40 66 
98 6 78 75 78 18 70 22 48 57 2 74 87 84 22 52 32 21 27 30 12 21 89 45 87 14 30 24 1 19 88 57 76 66 0 67 51 77 37 97 97 39 70 99 68 65 0 42 39 95 54 45 58 48 54 45 30 43 73 80 44 6 98 41 6 61 75 79 16 14 3 52 51 42 94 0 71 84 55 42 66 68 63 62 20 43 63 24 94 44 24 88 30 2 16 99 12 77 4 72 
9 15 95 90 22 92 50 82 13 47 86 44 0 98 94 50 91 92 42 47 35 73 18 5 46 95 63 66 12 52 70 17 42 34 15 40 15 34 97 20 89 96 31 59 89 31 42 17 37 48 28 74 5 63 40 95 28 78 27 67 20 68 15 60 8 25 61 58 61 29 17 30 39 70 64 59 46 57 89 42 40 95 57 52 53 64 67 29 52 5 0 85 12 27 25 85 7 3 42 83 
57 47 8 42 80 40 26 42 74 54 1 50 92 85 0 86 54 10 89 51 11 97 41 29 22 44 13 85 21 20 62 51 57 18 59 50 43 44 33 57 9 77 67 36 60 67 70 40 76 15 54 14 72 75 51 63 16 51 11 59 40 24 69 56 79 76 73 94 0 85 33 83 80 98 27 37 60 23 12 32 20 77 96 46 15 57 31 74 53 28 67 17 3 63 43 75 34 47 48 87 
3 99 77 85 74 73 9 64 16 35 40 9 9 43 65 10 65 29 83 10 54 70 53 4 59 17 67 19 31 66 58 85 17 18 91 58 79 6 56 2 69 45 74 37 99 72 3 15 89 73 15 41 34 92 24 43 31 66 62 81 5 20 72 47 17 10 65 80 39 81 6 43 98 71 4 41 6 78 0 45 71 7 5 25 37 83 57 95 59 22 52 84 84 11 74 41 56 8 60 91 
63 70 41 18 31 20 88 72 7 20 68 19 68 78 99 82 35 24 16 99 91 61 97 38 61 58 4 45 97 74 76 57 54 21 70 3 72 3 88 35 41 74 9 33 51 33 14 53 61 71 49 29 56 59 93 11 55 93 85 41 52 73 80 27 41 34 84 11 38 30 34 93 41 96 38 24 68 18 70 69 10 32 92 5 25 93 75 97 46 32 99 17 73 1 46 48 50 26 97 62 
92 8 95 3 70 62 94 4 12 80 23 55 38 64 68 16 82 69 77 77 10 39 40 6 61 19 12 21 3 59 7 88 71 77 42 8 16 24 2 56 89 95 33 91 62 5 19 98 24 93 73 93 52 62 61 79 91 85 23 5 80 14 32 19 94 77 49 45 63 91 6 73 14 7 27 12 29 76 71 54 54 71 72 77 3 62 66 49 87 29 95 50 23 88 78 38 89 12 94 74 
60 13 70 86 16 56 7 83 79 14 9 65 92 41 85 49 23 85 78 36 82 6 44 28 6 24 69 91 96 18 90 10 78 95 45 4 33 18 7 55 13 6 1 18 35 37 62 88 1 56 11 31 19 7 21 4 61 81 83 71 36 67 21 30 90 54 68 70 16 33 64 69 30 51 98 42 22 65 21 62 20 88 59 35 22 22 87 34 14 37 19 41 36 60 7 29 54 56 64 42 
25 74 21 60 86 67 77 4 73 24 83 68 57 35 39 91 27 74 66 61 55 83 60 41 73 95 71 64 0 86 7 13 5 75 24 17 2 53 67 49 85 14 8 22 18 7 55 80 11 47 22 22 35 90 11 53 65 41 7 82 11 9 61 85 3 77 19 24 93 57 46 25 0 35 56 99 37 26 63 58 33 97 55 44 99 16 28 26 10 95 77 52 72 4 44 70 51 81 91 52 
67 42 14 23 73 83 91 96 77 98 6 88 94 40 33 44 86 0 55 59 52 23 46 2 58 34 90 15 22 21 28 62 60 90 93 7 33 90 80 4 95 10 14 74 9 96 95 30 32 62 23 50 77 19 50 83 5 13 57 13 71 31 54 41 9 60 21 51 58 52 60 36 74 98 1 93 2 13 18 33 65 38 13 75 83 13 28 36 82 0 19 28 94 78 28 34 37 65 28 65 
67 97 7 63 30 81 4 65 41 7 46 9 46 12 97 51 50 67 90 28 12 7 36 98 32 93 16 40 1 63 56 69 96 85 97 78 36 93 10 81 11 26 27 71 90 21 31 34 96 40 46 16 87 90 94 70 8 6 48 20 16 95 74 24 54 8 42 69 94 85 97 74 3 50 80 91 82 11 23 55 55 24 77 79 23 25 28 30 86 80 97 21 94 53 33 97 96 27 25 43 
71 21 91 51 54 92 95 60 92 15 69 51 74 11 3 90 65 68 89 39 75 11 67 16 75 77 39 97 23 64 68 33 24 17 73 61 14 62 26 99 62 49 52 69 6 57 44 8 52 59 54 32 97 59 2 37 28 56 50 72 13 77 57 30 7 2 79 24 9 6 2 83 56 42 5 26 54 18 91 22 21 18 83 50 87 84 13 3 12 92 79 45 56 52 21 15 3 90 97 3 
79 62 55 77 33 72 52 18 62 82 38 40 99 17 92 8 18 10 17 59 87 43 90 81 87 79 19 91 20 74 67 98 6 76 85 41 13 69 1 8 22 37 15 29 10 9 80 63 84 97 34 8 38 7 3 15 87 76 85 91 31 99 48 91 20 19 95 18 80 8 80 40 35 67 23 46 6 92 68 46 16 1 16 75 76 70 53 60 43 65 53 98 3 23 22 27 92 98 58 49 
78 48 36 95 80 60 97 6 4 20 97 63 26 43 91 11 13 67 34 99 27 93 64 57 96 55 23 1 75 19 19 61 80 31 3 29 18 64 47 50 43 23 93 55 39 45 50 57 50 78 20 61 20 80 22 36 67 20 36 11 96 85 55 74 86 48 3 5 15 64 79 37 59 19 68 76 90 60 63 77 17 2 44 78 13 6 75 58 31 57 0 29 31 32 85 66 58 3 9 92 
21 6 74 24 53 70 24 54 91 9 92 58 9 21 90 57 74 55 3 72 36 85 45 68 65 96 28 35 18 20 80 2 28 40 48 87 47 90 11 20 67 6 46 49 79 62 93 47 55 71 89 85 55 46 13 48 60 77 71 73 53 67 98 86 74 44 53 93 0 6 71 83 53 73 29 17 9 5 79 67 13 2 54 26 23 91 5 32 26 75 7 97 76 64 29 68 73 32 45 2 
25 98 94 22 97 88 52 23 10 10 54 14 87 24 22 51 36 88 73 52 83 22 64 11 25 15 26 17 52 79 15 96 68 90 60 62 60 37 96 86 87 22 51 59 26 17 53 35 19 89 89 54 62 18 10 10 7 68 29 5 52 64 92 80 32 25 67 99 77 63 78 47 6 95 18 11 24 89 11 14 58 25 44 51 39 24 77 51 15 91 30 11 52 61 9 89 18 29 34 0 
96 82 84 5 61 74 91 22 87 17 95 81 68 83 84 70 34 2 4 9 43 32 41 92 84 13 63 73 89 42 32 78 78 38 3 17 12 79 25 83 31 71 74 20 90 56 39 73 48 81 64 21 78 24 93 75 17 24 29 44 33 50 18 16 94 75 94 95 5 19 61 58 19 61 56 70 62 61 62 64 56 22 37 10 36 77 7 97 37 70 14 7 34 26 72 75 60 37 87 78 
22 12 31 88 91 57 81 96 83 58 89 56 14 84 3 29 58 21 87 33 7 87 93 54 41 58 90 50 4 64 48 59 71 96 47 21 63 97 29 53 45 27 79 37 23 22 46 81 51 34 93 68 0 79 15 68 93 14 55 18 99 32 46 25 50 89 45 8 31 51 16 86 5 61 74 98 94 98 17 31 79 78 33 94 34 82 64 90 58 79 41 58 96 13 17 53 93 61 13 14 
40 89 93 99 78 34 72 40 83 31 78 3 3 92 6 6 40 65 60 51 1 87 34 23 87 47 73 7 92 27 58 71 6 78 81 51 8 8 58 38 91 44 83 40 14 35 97 13 58 94 58 8 81 88 47 77 17 39 89 45 29 87 73 90 59 50 72 26 36 21 32 9 64 91 33 79 60 17 10 26 9 2 52 40 50 80 7 55 33 23 14 18 22 20 42 87 9 73 62 66 
61 31 86 73 93 59 91 79 21 57 69 98 24 90 4 16 57 77 0 98 36 72 0 60 46 28 29 19 43 43 46 4 11 40 95 93 79 32 95 57 70 95 50 92 11 52 15 64 77 74 60 57 96 51 67 4 74 86 22 18 58 92 94 95 47 6 57 41 72 62 83 89 42 83 17 41 59 22 53 3 50 18 45 57 35 63 39 1 1 58 60 55 64 80 8 85 84 96 18 94 
59 97 64 6 34 93 53 89 99 91 21 5 73 3 61 29 84 71 76 28 23 88 4 11 84 39 29 78 2 30 15 72 80 89 50 96 69 9 27 83 7 54 65 7 41 72 5 78 84 9 9 20 60 0 34 69 15 93 33 71 10 76 3 98 16 83 89 40 99 31 31 47 40 41 95 97 42 17 92 52 22 72 71 2 65 7 14 58 35 2 36 79 10 82 92 41 26 93 1 42 
40 12 37 47 97 75 92 55 92 46 92 34 98 92 98 58 13 95 32 46 99 27 17 48 1 16 76 72 15 64 5 61 33 78 44 84 54 48 8 51 72 15 91 53 21 28 30 91 12 5 91 72 75 22 65 7 40 58 36 40 29 9 94 18 49 82 66 73 3 16 62 16 21 96 30 44 78 78 43 33 95 94 53 88 8 13 36 51 49 4 72 1 98 70 28 21 52 85 5 32 
45 35 16 68 72 14 5 16 37 65 48 5 93 32 28 16 21 18 22 57 43 34 8 14 26 25 71 1 35 65 82 21 23 61 60 84 55 67 64 16 74 49 30 19 62 41 13 17 82 63 51 0 66 44 16 83 31 80 91 50 21 20 41 73 98 46 59 95 28 12 38 69 14 87 74 42 87 19 95 66 72 63 23 6 55 43 23 54 7 9 23 81 58 56 41 64 1 10 13 61 
11 82 17 70 88 37 33 67 15 88 44 4 78 73 5 63 77 89 11 8 94 19 77 66 23 67 64 73 48 73 94 64 15 27 7 92 77 52 34 14 22 47 18 18 40 11 70 80 92 60 78 4 42 82 27 0 91 96 44 25 63 84 6 74 84 80 1 47 35 88 72 86 9 11 94 34 2 92 58 93 25 78 13 40 81 33 86 4 58 31 2 15 15 25 92 55 86 58 78 86 
0 34 10 15 43 78 4 16 25 0 49 25 91 17 19 56 18 78 37 85 56 11 78 80 19 13 33 60 53 56 40 2 52 72 49 58 48 31 64 10 45 15 54 25 70 64 58 65 74 84 34 12 42 26 0 63 35 61 45 0 14 21 37 94 45 56 61 95 45 62 78 25 76 85 95 32 35 90 76 87 75 51 99 76 0 47 79 85 32 83 12 76 21 83 11 71 85 68 86 93 
84 87 1 19 12 22 22 11 89 49 38 17 0 48 89 58 8 58 85 1 93 57 58 48 56 85 52 48 52 58 67 13 7 30 78 20 24 38 60 81 60 44 96 23 34 5 68 66 76 64 68 49 78 62 6 63 97 19 73 46 4 9 54 74 22 35 38 32 60 77 69 87 8 23 90 15 75 87 0 27 71 11 69 30 60 6 85 30 83 29 5 61 79 32 93 85 92 95 30 29 
17 48 80 65 18 22 43 6 98 90 21 30 25 36 79 26 54 32 95 44 47 39 34 64 92 9 73 42 81 48 57 34 98 25 91 6 37 21 69 91 59 79 34 50 31 19 80 29 20 82 36 94 52 89 98 32 4 83 50 4 77 87 42 1 87 17 40 95 42 20 30 32 91 12 16 92 8 25 2 62 66 95 80 24 18 67 22 48 50 34 15 83 65 49 24 63 81 65 64 71 
36 99 47 65 1 51 76 79 4 0 31 98 9 11 98 5 33 13 50 73 50 70 66 84 92 56 68 27 83 3 75 31 19 18 88 39 81 54 27 28 64 74 37 45 12 2 72 61 74 79 14 70 28 67 33 35 62 10 54 6 81 41 49 98 15 26 12 6 96 15 88 47 23 57 80 54 48 4 12 78 84 2 61 80 93 65 53 55 80 97 18 19 4 78 37 17 81 45 29 25 
25 88 46 31 17 11 38 49 35 54 71 93 63 32 33 50 60 5 98 53 41 87 79 31 91 49 57 91 0 88 69 97 24 31 24 36 71 42 42 96 72 18 0 9 76 71 16 69 26 25 44 97 5 95 14 41 62 92 95 14 16 12 17 29 94 99 15 8 76 44 75 32 64 33 57 79 14 33 23 97 97 30 98 74 57 52 16 26 50 6 12 35 34 91 9 38 14 12 83 48 
80 56 42 72 65 63 68 82 65 20 81 37 91 25 14 36 11 76 99 2 26 55 36 32 57 15 33 79 8 90 92 51 32 34 67 1 74 41 63 56 10 42 76 98 72 76 38 52 78 62 95 28 46 39 94 1 77 55 0 49 12 17 13 66 35 50 94 82 99 65 40 61 24 65 42 63 46 53 59 54 27 90 94 32 74 86 92 65 55 98 40 52 39 13 51 36 25 92 18 49 
61 97 67 82 79 0 69 57 67 90 68 93 92 56 34 56 55 28 96 5 74 50 67 31 48 26 51 91 98 28 56 42 59 32 86 95 8 75 99 11 67 85 27 14 32 36 9 9 40 25 83 25 46 26 18 39 76 4 87 87 79 10 81 46 1 65 3 31 38 98 61 98 20 37 30 16 4 22 97 14 66 37 29 52 47 30 80 67 69 31 75 38 87 6 10 85 11 90 32 47 
57 96 70 30 80 77 47 60 22 59 99 29 39 25 45 38 14 10 63 84 21 52 37 13 71 32 90 86 90 66 19 90 81 43 28 26 78 67 44 94 32 69 66 54 17 79 85 92 78 66 61 93 72 45 23 43 69 21 16 58 14 49 17 65 91 63 89 47 59 2 61 57 74 25 72 34 68 24 31 14 96 78 56 79 33 23 95 41 55 51 35 76 5 31 45 68 58 62 62 96 
10 10 44 13 15 16 7 49 2 17 8 95 23 78 50 94 0 95 11 86 61 56 84 29 65 68 29 50 51 93 7 46 31 51 3 16 83 80 52 22 77 12 40 16 75 11 27 1 13 71 36 44 9 46 51 41 73 12 95 87 64 60 40 12 98 17 56 11 70 71 3 50 93 31 59 80 60 3 33 36 52 93 37 71 25 15 44 79 86 87 8 80 91 83 92 87 4 64 17 1 
29 23 80 36 96 61 60 52 51 67 90 77 82 0 52 48 57 41 91 19 38 77 68 53 16 31 53 66 12 84 79 43 38 22 86 93 12 85 49 16 15 96 16 73 75 99 19 79 15 82 39 74 43 34 11 89 85 18 29 86 3 66 65 56 40 34 47 72 9 89 60 51 44 96 9 83 13 28 83 27 5 13 58 36 29 43 44 57 76 14 45 95 99 96 37 14 36 77 37 66 
33 24 70 21 31 93 22 37 62 58 56 45 94 25 98 64 26 18 45 57 57 65 16 8 70 95 25 13 60 46 57 75 78 38 23 56 23 25 62 43 61 25 22 8 11 24 4 99 21 76 56 72 58 69 76 54 96 16 66 42 3 89 23 6 47 79 66 33 68 14 55 46 63 65 64 85 79 97 99 48 3 30 30 82 41 73 7 64 99 9 28 49 54 70 38 40 21 95 84 27 
39 99 47 2 63 78 76 0 50 16 33 32 77 95 51 20 94 36 87 15 17 60 55 69 60 33 92 32 26 30 66 36 3 31 71 70 5 96 12 0 36 65 4 43 92 14 74 46 63 40 70 86 98 84 87 95 97 6 95 79 1 96 98 76 92 80 11 86 73 87 37 25 46 48 65 44 8 1 93 75 62 8 5 34 32 60 39 46 73 65 44 48 95 5 45 64 62 97 7 92 
68 48 83 72 15 50 56 12 63 63 34 48 94 84 87 55 57 6 28 63 53 34 19 52 34 34 66 64 34 82 50 37 97 9 81 29 8 33 69 58 7 75 30 60 28 92 38 84 56 65 74 46 0 22 60 74 25 21 63 71 55 83 54 80 48 63 41 3 15 50 52 39 35 15 81 0 90 4 28 66 22 17 33 50 35 19 18 39 84 75 38 33 2 32 13 83 22 43 33 67 
58 30 0 82 52 22 27 48 7 12 14 52 58 6 65 55 8 62 38 79 8 37 32 60 10 9 48 18 94 71 70 76 53 19 34 56 77 68 39 71 92 85 8 67 48 76 97 67 1 40 80 1 68 45 53 13 11 43 95 98 52 77 0 15 7 14 58 72 38 57 30 61 27 77 74 78 20 99 30 11 54 23 28 50 16 69 45 15 33 12 77 43 33 15 38 24 59 92 32 47 
75 61 81 71 19 57 63 22 79 87 64 10 1 97 50 49 17 80 59 12 97 77 8 44 44 79 6 66 44 80 0 37 41 49 73 41 36 78 45 82 76 76 7 38 72 29 98 59 42 45 12 72 54 47 50 70 45 24 94 98 19 53 57 9 31 87 61 2 11 38 10 11 40 74 67 27 26 2 47 80 11 2 61 24 80 80 52 96 1 37 95 95 42 5 24 68 90 12 36 43 
67 22 3 5 77 86 20 2 84 18 26 23 88 14 28 52 48 50 18 35 27 40 73 29 65 7 37 93 32 89 89 43 24 27 83 99 73 46 81 78 25 88 15 4 82 49 9 95 25 79 72 46 11 20 92 94 62 15 20 5 27 16 49 7 99 36 72 70 92 60 35 29 25 12 14 80 48 71 2 54 75 41 89 22 57 61 55 4 11 1 17 63 15 58 84 95 99 8 68 65 
72 26 70 80 57 2 43 83 15 76 73 84 87 23 99 71 46 47 36 3 43 53 92 4 82 12 62 90 28 25 97 45 67 14 10 85 51 86 9 16 94 28 28 66 12 93 16 68 1 94 77 88 91 7 92 4 62 5 23 69 55 14 33 73 77 86 14 24 2 8 5 28 5 55 73 3 98 70 45 98 59 55 55 83 77 47 22 10 99 32 6 31 70 83 37 22 40 12 80 97 
31 60 11 2 48 17 16 56 17 24 5 20 3 72 86 99 55 41 38 78 79 55 24 33 32 60 92 4 46 19 74 26 88 86 59 35 68 7 7 77 10 2 74 35 57 94 21 41 5 73 84 10 4 29 93 86 22 85 0 6 26 71 1 30 84 43 69 59 52 83 61 9 36 72 78 82 25 1 50 68 2 8 19 71 17 82 97 99 86 46 15 21 57 96 97 15 27 69 12 49 
36 70 97 53 92 46 35 10 92 70 95 69 18 92 29 12 43 70 56 63 31 19 46 52 94 22 41 10 50 53 14 21 29 25 72 96 29 25 75 39 17 11 85 15 81 22 12 83 13 81 30 99 89 56 53 72 1 9 79 2 48 36 21 64 90 34 10 55 95 83 54 32 4 2 16 75 56 79 93 8 75 71 10 51 93 29 52 64 90 81 57 3 45 0 30 42 19 19 43 1 
2 85 82 57 38 82 23 4 26 89 12 92 17 60 29 18 98 23 74 53 86 30 96 51 62 51 92 26 29 35 66 63 87 39 49 60 46 58 44 19 43 62 96 39 44 0 19 57 25 72 9 66 20 80 52 36 78 40 81 93 79 65 16 93 17 74 5 22 36 4 17 88 52 25 63 0 35 43 84 83 84 62 95 44 5 51 49 74 33 30 51 63 69 95 34 2 20 96 48 70 
24 59 87 42 23 17 43 95 46 42 63 69 21 91 61 31 32 0 46 42 64 75 15 95 80 8 89 58 85 63 99 1 7 59 66 66 59 32 25 22 50 43 2 10 4 41 50 10 1 45 44 36 70 38 37 53 7 20 96 18 63 14 29 22 92 40 70 3 85 73 85 51 26 96 43 95 31 74 32 78 92 39 12 43 43 31 1 14 82 79 70 98 98 4 68 79 32 38 19 54 
95 96 47 58 66 15 3 0 28 8 57 98 98 35 84 79 3 86 43 58 57 65 58 37 99 71 26 92 22 21 68 11 4 37 26 64 75 14 70 92 18 34 67 47 86 16 68 78 35 47 18 40 57 90 17 32 33 2 36 91 38 21 42 21 61 84 88 24 36 3 63 64 14 64 52 72 4 29 42 1 78 74 39 57 85 66 3 3 96 65 50 41 0 38 5 56 5 5 51 39 
73 96 76 31 63 58 25 94 44 92 52 35 9 11 67 76 94 37 44 29 48 43 8 21 41 68 21 81 40 16 24 85 95 68 3 34 33 23 49 45 79 84 83 50 90 82 51 10 74 80 36 78 74 6 33 44 0 43 89 48 94 18 99 5 81 26 77 36 29 53 46 92 89 84 87 82 20 96 62 75 67 1 10 75 21 34 71 37 2 24 19 36 96 93 87 56 95 48 98 26 
41 56 86 80 0 38 20 20 84 75 55 30 89 77 72 4 34 25 20 94 9 73 81 78 97 38 53 33 42 73 69 15 63 50 26 28 50 57 42 76 36 24 37 40 34 13 92 72 80 92 65 55 67 84 88 70 13 34 86 5 72 73 68 72 11 8 78 93 90 85 48 57 55 0 5 12 76 79 15 76 27 31 42 33 64 15 20 23 21 7 20 48 16 52 69 89 32 50 6 74 
13 62 4 88 13 69 39 90 35 17 16 71 99 22 10 80 66 92 29 81 92 39 16 13 47 82 53 85 98 80 93 44 25 97 12 56 47 21 75 0 69 94 49 38 21 90 79 23 19 38 98 73 90 20 49 24 83 0 72 33 13 83 45 18 76 28 45 38 20 87 68 32 24 77 28 77 72 45 79 95 46 8 88 55 80 28 21 46 87 4 78 64 74 57 84 17 98 96 42 65 
24 86 24 22 16 4 10 83 0 45 27 71 48 60 91 70 81 86 46 19 35 31 95 35 72 20 19 69 94 37 85 30 11 16 5 15 43 74 19 41 10 64 27 0 4 45 3 23 77 2 97 54 12 46 82 57 95 70 49 9 84 24 52 81 30 92 92 59 47 87 51 90 1 92 35 5 70 51 56 73 80 32 30 72 17 15 0 35 56 21 56 46 96 23 28 21 56 46 84 77 
83 71 2 30 37 67 26 47 51 30 22 5 99 47 89 69 58 68 85 97 66 36 74 31 75 4 1 46 62 22 35 69 80 26 39 51 75 43 98 34 57 98 36 90 33 1 37 76 24 67 5 58 29 26 29 89 36 33 95 46 43 16 20 73 48 48 35 67 97 91 65 5 50 7 43 97 47 98 23 5 46 10 64 62 77 21 95 15 79 44 38 26 63 4 30 66 10 29 94 78 
22 95 64 17 98 37 55 82 64 88 20 37 0 23 37 75 71 28 33 18 12 0 57 93 74 14 78 71 31 33 96 49 19 23 14 25 16 4 52 88 68 40 14 64 75 0 5 86 34 75 26 10 56 32 89 1 29 54 64 78 21 17 85 32 94 59 61 30 96 21 54 20 43 34 49 81 38 0 80 10 15 2 76 42 43 38 2 34 3 48 39 91 3 7 12 34 10 67 63 39 
10 66 48 73 30 6 87 93 33 47 82 17 25 97 37 43 15 45 36 97 73 37 13 83 77 60 31 55 28 63 38 1 7 85 59 32 32 69 10 79 16 33 99 35 72 36 18 80 94 13 99 22 1 7 72 38 56 1 28 53 98 43 84 36 46 88 47 72 81 17 87 60 88 10 86 85 56 72 79 62 47 38 6 96 21 32 65 43 95 16 64 9 39 87 89 71 67 17 44 26 
38 0 6 59 96 70 73 43 74 75 68 72 51 8 70 64 89 30 24 31 94 27 34 94 92 55 63 78 87 46 18 18 22 8 43 45 29 97 22 40 49 30 52 31 28 83 79 93 87 71 65 69 70 21 40 38 63 60 32 34 33 17 36 95 85 87 58 26 22 47 34 37 2 42 53 6 13 88 53 44 33 5 59 6 78 81 12 25 19 24 42 55 77 69 7 93 36 64 66 49 
55 68 44 13 11 57 41 98 51 41 84 0 35 34 0 57 86 29 91 68 52 93 27 1 8 73 8 78 14 42 69 71 52 81 62 41 86 44 13 55 32 99 67 70 59 73 62 83 10 12 85 67 55 21 8 66 16 67 16 99 19 51 85 87 86 32 62 84 63 84 80 60 23 83 68 82 39 54 78 52 7 14 38 45 75 50 88 61 80 54 18 3 48 26 23 2 68 39 57 95 
40 8 76 74 72 43 85 27 66 89 64 67 16 15 66 19 92 99 65 96 81 70 97 19 24 23 42 91 58 48 31 86 43 27 19 96 4 65 91 50 29 10 23 81 50 95 16 28 15 7 13 59 53 47 8 10 31 46 24 75 61 73 68 56 95 39 51 35 54 67 26 54 11 93 13 77 36 2 13 69 42 28 1 80 3 53 12 54 81 15 35 46 92 24 56 65 77 55 62 70 
2 63 33 0 52 66 76 56 78 12 77 61 40 29 81 56 51 20 37 91 51 30 60 35 43 15 22 62 32 99 65 26 9 35 94 39 28 73 9 17 92 37 4 17 98 62 25 33 94 81 15 19 76 11 7 15 55 21 28 55 0 15 23 31 77 33 91 12 36 38 28 5 7 54 90 73 70 27 56 27 43 62 14 55 52 22 0 1 74 18 4 40 13 27 58 88 89 0 77 18 
39 1 1 71 26 1 66 52 3 40 56 94 51 60 5 14 72 48 87 82 99 13 18 3 36 7 72 42 70 48 76 14 25 55 51 8 1 24 5 39 6 97 19 65 84 72 61 61 23 83 63 17 67 80 76 59 56 47 58 8 26 89 47 48 47 70 87 12 93 57 12 73 49 46 98 44 20 88 30 91 54 9 17 11 96 26 85 42 58 15 92 47 40 99 52 55 48 0 37 58 
9 10 60 87 98 83 65 44 47 38 56 18 39 88 53 7 81 55 20 45 89 67 74 58 73 54 89 64 72 15 17 59 1 17 64 68 13 21 75 53 63 76 59 50 52 98 95 54 63 4 98 51 21 40 19 14 63 94 63 94 52 69 27 2 30 84 39 61 49 50 74 94 50 96 22 16 93 97 23 44 60 75 35 0 58 48 65 94 29 91 10 22 51 28 23 16 39 46 36 38 
22 15 92 4 96 85 7 40 52 63 32 8 70 37 83 62 97 61 2 87 64 54 6 79 29 10 44 0 12 2 76 90 44 41 78 90 67 99 36 33 55 55 7 19 1 90 33 86 29 61 7 21 78 85 94 58 39 14 19 67 14 54 87 69 20 34 36 33 45 26 74 96 85 76 20 56 4 35 79 23 42 14 43 31 86 21 91 7 28 88 28 33 20 1 93 48 17 52 90 56 
85 49 20 24 87 20 95 40 11 2 15 7 17 66 60 62 52 99 82 29 72 28 39 85 50 75 94 63 31 66 47 56 24 90 44 34 68 22 8 30 98 25 74 66 29 15 92 61 53 53 84 89 7 82 72 92 68 4 57 65 18 95 73 5 8 0 84 34 28 70 55 63 86 62 60 85 82 72 65 53 72 49 92 38 2 78 98 89 19 52 51 39 99 45 14 78 64 28 17 87 
99 68 87 47 74 47 76 40 44 97 53 5 41 22 97 21 48 92 46 57 22 15 52 85 86 67 7 28 93 88 87 85 70 32 73 65 70 71 32 62 76 34 17 86 69 67 62 5 2 84 28 15 46 18 68 66 85 61 39 46 77 29 42 73 28 99 37 5 98 61 6 8 97 42 40 44 43 18 56 83 79 30 44 24 65 55 15 66 2 79 88 1 75 31 2 55 54 83 87 0 
91 11 47 93 60 95 24 66 27 2 47 70 23 54 46 52 69 83 40 30 32 17 80 64 91 7 54 58 54 17 18 54 61 44 39 86 8 85 55 77 65 15 43 71 42 97 5 38 94 63 64 22 36 59 65 84 10 67 55 67 2 82 48 47 94 84 70 19 49 14 10 80 46 85 52 18 37 77 83 98 14 13 75 33 32 1 9 49 23 89 1 25 62 8 43 93 60 55 63 7 
83 39 17 16 69 4 85 98 3 35 54 25 55 27 1 44 38 87 32 54 2 47 88 65 92 73 60 91 38 9 47 94 7 64 56 0 79 32 28 56 64 92 87 79 53 87 70 26 30 82 12 67 32 19 84 43 82 39 39 39 84 34 18 82 44 73 26 57 31 25 31 27 5 15 97 99 18 51 14 76 79 60 39 1 40 75 92 74 80 16 75 78 67 50 44 60 14 3 49 50 
57 75 15 36 41 87 90 62 8 2 32 14 85 15 63 40 66 25 54 95 64 30 18 55 2 42 93 10 98 36 99 16 5 2 39 2 44 46 24 88 94 23 33 15 8 21 82 39 95 4 76 1 40 55 66 94 78 60 41 72 35 74 69 67 32 95 33 30 86 71 76 68 89 68 57 48 5 36 17 99 22 52 75 12 76 14 40 93 65 53 63 42 65 95 38 90 5 8 59 88 
64 94 78 2 84 84 48 36 27 66 39 92 55 37 30 38 98 15 16 17 45 6 4 39 17 33 40 42 4 59 18 27 6 62 78 31 83 19 53 96 18 33 10 97 78 27 31 81 32 46 86 49 78 29 80 39 86 99 93 90 54 66 50 96 30 73 48 71 35 53 26 67 86 8 8 2 24 58 64 29 61 75 29 71 66 72 79 47 24 56 39 11 90 15 27 30 86 70 43 41 
98 66 17 78 68 10 66 68 32 62 23 99 66 58 47 75 91 77 89 87 16 14 68 16 60 84 60 90 17 50 41 6 10 70 51 84 24 41 4 63 23 71 70 63 85 27 26 94 49 90 33 6 37 0 25 30 25 27 63 27 63 51 4 1 23 74 56 62 80 20 58 30 95 17 1 52 24 2 71 36 42 90 40 13 27 90 9 49 52 87 18 82 89 34 80 3 96 88 28 48 
90 79 55 18 90 97 86 51 47 15 42 12 88 49 10 3 18 8 6 40 57 12 46 54 58 7 75 96 1 21 66 1 65 34 73 19 32 5 63 71 45 15 50 47 82 43 11 33 75 94 54 16 0 46 35 68 91 27 76 39 54 14 39 37 18 17 42 60 16 70 42 49 38 32 29 0 97 11 79 47 17 4 10 60 54 0 12 68 74 64 90 96 52 37 55 98 15 40 15 49 
54 53 29 76 6 47 97 8 48 27 89 80 65 75 86 33 34 84 75 61 17 7 82 9 66 0 90 45 26 0 28 31 34 44 8 1 30 89 59 47 67 31 19 92 97 29 46 98 69 42 86 40 64 61 64 55 84 37 20 37 75 75 40 26 24 37 29 31 77 0 7 68 58 89 15 0 87 99 73 96 62 12 82 56 81 9 40 25 99 86 96 84 85 90 61 25 69 55 79 32 
15 78 84 95 42 6 94 80 39 74 73 74 65 3 35 22 66 18 29 44 54 50 36 54 4 58 21 97 25 53 81 89 5 62 24 25 82 50 44 27 48 16 0 53 74 51 21 2 11 42 41 83 33 60 94 44 44 33 37 17 58 89 96 16 1 44 9 34 19 89 52 98 6 46 99 61 62 97 15 87 34 44 2 16 0 54 63 70 78 93 45 66 82 14 52 81 90 63 76 97 
39 56 47 41 33 93 65 1 48 75 35 25 17 40 93 59 32 95 3 39 4 92 69 67 88 48 49 79 81 45 17 71 40 81 26 23 77 72 84 82 60 54 63 21 3 93 14 6 16 47 45 52 89 36 84 17 45 11 90 59 16 25 8 16 66 30 51 72 83 46 22 87 7 7 88 39 29 17 84 18 81 10 91 28 86 44 88 52 32 19 49 29 94 59 80 99 67 65 94 41 
55 93 5 73 76 28 65 30 62 39 13 1 6 44 43 84 81 56 95 51 41 56 32 56 80 83 14 96 13 48 93 70 55 40 39 7 95 87 92 7 26 3 91 35 43 77 10 23 89 19 74 31 8 38 52 92 65 81 83 24 11 42 90 94 49 99 21 26 77 15 95 1 45 38 99 40 60 6 0 38 83 71 80 19 50 46 56 86 1 53 41 39 18 70 31 34 88 94 98 10 
5 8 76 41 36 14 69 7 66 53 28 17 66 63 23 48 58 26 66 10 68 52 64 4 65 62 94 37 57 33 8 78 79 61 5 7 10 60 20 72 52 79 44 99 2 23 97 89 36 55 0 87 75 40 14 24 32 73 68 76 3 72 69 90 75 40 86 38 71 80 26 44 82 41 66 53 83 3 84 59 1 82 84 6 61 66 41 78 8 27 4 78 62 51 90 84 50 36 65 98 
56 63 77 39 5 29 83 2 98 32 50 14 80 81 12 75 54 27 46 19 59 80 96 28 38 90 67 65 35 9 85 8 60 47 86 44 8 97 23 27 62 20 51 45 9 62 81 93 51 33 85 6 0 20 2 6 92 29 80 84 75 51 97 48 39 54 17 24 59 99 14 99 16 64 93 24 9 99 58 48 71 82 66 40 52 35 87 75 83 17 28 63 25 55 18 85 14 82 90 82 
7 25 87 15 34 40 38 28 71 2 49 57 30 49 49 61 85 9 51 60 63 24 1 66 53 75 72 12 64 53 40 31 39 90 12 27 14 77 0 9 35 6 56 24 41 25 17 52 78 63 98 44 45 68 69 30 3 68 14 45 29 98 93 54 27 45 59 78 52 45 45 54 22 87 60 44 7 20 36 2 23 79 99 32 4 79 29 35 68 54 42 59 14 1 27 12 84 44 37 68 
2 6 58 0 59 44 5 38 96 57 28 38 57 6 68 51 44 75 92 32 47 22 86 18 50 25 39 73 1 66 58 58 18 31 14 83 86 51 43 45 36 76 66 33 27 29 79 58 98 18 92 82 20 54 47 11 29 52 45 8 82 27 1 96 76 39 39 50 55 43 89 70 52 97 9 30 93 58 85 97 89 22 47 48 80 72 29 50 39 45 48 65 43 39 52 86 82 72 11 21 
99 52 69 68 95 24 7 14 24 43 38 99 73 82 31 75 62 58 40 6 61 48 74 34 9 50 97 26 74 81 31 25 57 78 41 56 78 45 90 45 71 94 57 93 99 42 2 42 78 62 24 72 74 89 65 44 51 4 93 71 47 34 51 30 50 90 66 6 8 60 79 54 58 57 72 26 78 30 73 6 57 31 60 31 83 45 82 30 54 46 68 63 94 50 75 11 77 14 44 13 
21 21 14 13 26 39 41 39 14 17 7 95 2 12 97 60 19 38 77 70 76 50 49 38 98 95 95 53 78 83 74 66 13 60 55 40 90 20 97 27 75 33 26 80 93 19 91 91 78 45 18 48 23 93 74 57 43 52 22 44 9 26 30 8 13 93 78 52 10 4 76 15 90 50 32 37 91 31 30 47 16 22 92 89 47 48 41 68 69 18 57 82 35 69 86 40 72 85 18 48 
62 99 46 78 14 54 50 52 34 24 74 40 18 42 44 25 42 53 59 78 81 7 48 6 35 41 51 89 38 46 24 62 95 45 82 53 0 86 92 14 5 42 50 75 63 23 35 95 14 18 4 52 78 80 67 94 61 35 9 4 56 10 4 70 4 46 97 68 58 98 22 26 65 93 27 48 23 39 46 48 15 9 52 46 53 17 6 99 50 74 39 93 97 83 82 89 98 6 36 70 
98 94 23 26 20 85 38 78 3 4 12 35 7 32 54 70 60 79 72 48 45 81 67 51 25 95 70 79 28 61 17 36 88 91 33 26 53 59 88 38 98 92 88 85 0 22 28 95 49 72 66 42 34 82 79 66 37 21 63 35 22 79 24 61 58 23 42 15 60 53 88 32 0 82 81 1 77 46 96 47 0 58 36 20 21 96 4 20 20 52 14 98 24 28 51 38 66 8 27 57 
82 36 81 15 62 73 52 24 3 38 15 11 83 75 54 67 83 11 70 46 58 62 96 47 87 41 88 10 68 40 84 51 2 48 14 67 98 83 49 74 53 65 12 94 32 13 40 38 79 15 77 71 64 6 94 3 74 16 32 14 42 37 96 74 52 90 72 97 19 75 72 70 15 23 89 97 79 78 5 94 78 24 60 80 76 24 55 93 61 83 83 14 34 62 33 9 5 64 43 97 
