1 69 63 53 88 77 1 80 25 97 22 85 62 13 94 88 60 42 91 58 33 37 85 98 65 28 37 32 26 54 70 29 5 99 99 22 26 93 46 83 39 40 37 29 84 29 27 55 0 19 89 37 64 77 73 42 76 55 35 72 38 79 38 21 20 19 53 53 60 76 51 13 13 4 12 78 12 97 85 78 12 1 41 30 75 61 76 13 24 74 20 60 37 13 11 71 90 57 13 46 
46 18 66 47 82 52 74 39 50 98 59 24 2 21 11 78 46 80 78 52 54 41 82 25 29 51 93 18 55 50 82 78 16 12 45 49 35 1 4 25 15 77 38 6 44 96 46 56 97 22 99 51 5 96 59 66 40 23 96 58 84 88 86 29 51 44 42 10 62 45 38 28 66 8 50 71 34 84 83 53 97 79 30 65 46 59 48 28 1 20 95 80 36 8 71 22 6 40 50 79 
42 97 96 39 7 37 27 49 66 34 42 60 25 3 1 34 3 3 28 58 89 34 75 96 71 31 2 54 49 18 32 27 19 21 86 62 91 2 69 96 94 7 67 47 6 50 38 27 39 78 1 13 26 90 57 73 74 92 63 96 61 32 86 83 34 58 67 75 77 81 11 61 70 46 50 51 6 73 78 68 35 85 21 24 82 78 90 72 92 74 25 61 64 69 14 99 18 2 20 27 
73 77 63 16 0 42 74 22 8 54 57 72 73 45 61 60 1 19 5 9 65 47 45 64 29 77 89 86 31 26 13 45 63 30 99 88 26 5 72 84 33 46 14 44 28 52 13 69 38 1 61 23 97 26 4 34 1 75 83 44 30 91 98 58 76 8 0 30 84 58 32 64 87 97 26 48 4 60 93 66 97 13 21 14 53 7 96 3 42 45 76 67 34 0 15 9 19 50 81 53 
64 73 62 67 17 92 6 3 98 95 65 48 90 5 22 71 25 5 37 78 19 34 16 32 19 76 23 40 45 90 64 90 60 6 54 36 47 41 36 85 36 39 16 46 42 63 68 38 67 50 1 8 49 58 18 18 94 57 4 7 17 63 35 32 55 61 55 24 18 94 68 31 41 55 51 1 88 37 31 86 29 53 42 12 23 61 71 82 26 94 20 40 43 70 87 28 62 22 67 23 
41 94 92 65 94 51 30 60 76 9 90 76 86 43 6 23 81 56 31 51 79 91 92 36 11 73 48 18 23 93 40 32 80 52 98 38 5 55 65 48 66 62 91 91 79 94 51 8 3 17 94 31 78 32 92 42 50 73 86 29 40 90 15 56 71 14 84 87 81 43 88 93 27 76 16 40 6 99 30 44 86 57 20 26 41 17 43 3 39 30 33 50 45 81 84 78 31 87 44 11 
55 39 82 98 75 62 54 55 29 98 78 50 1 16 44 62 19 94 27 46 31 77 28 92 61 47 26 51 24 11 51 31 22 83 89 40 36 2 93 59 4 47 17 83 64 35 68 20 49 95 38 1 56 72 44 56 44 18 7 38 84 62 4 58 38 63 63 70 48 71 60 32 49 55 89 43 4 20 98 11 73 0 97 40 28 45 61 1 6 75 13 8 33 44 49 29 87 51 17 13 
62 45 17 80 42 72 55 1 28 45 11 96 54 5 40 40 67 18 27 76 60 15 13 36 30 97 60 36 50 35 14 36 71 68 62 28 59 4 99 6 20 44 50 98 52 54 90 57 39 85 22 89 9 12 35 7 20 89 18 30 66 52 40 12 13 80 32 99 34 1 21 77 45 91 1 95 56 76 61 14 58 36 69 3 85 64 22 13 49 24 7 84 71 16 97 20 74 54 31 98 
97 1 8 43 74 85 78 91 49 77 47 80 79 61 26 6 85 10 40 49 51 70 15 97 98 96 10 81 82 96 35 28 40 19 2 39 95 62 6 79 7 19 33 30 3 15 15 12 27 41 3 92 34 96 29 58 2 77 55 59 44 43 55 11 81 87 65 74 5 53 41 11 39 40 87 13 9 50 37 54 66 67 52 85 17 32 79 46 71 21 28 21 44 0 5 63 38 52 42 32 
10 28 47 26 44 30 68 16 89 22 56 95 11 43 43 81 96 79 23 98 54 78 13 44 46 33 71 89 18 48 1 68 69 82 52 57 18 95 50 4 76 47 75 49 4 5 20 43 15 66 98 42 94 75 45 43 91 48 38 17 58 86 61 83 7 79 23 27 50 21 31 49 52 77 99 92 44 77 78 72 63 91 4 29 59 60 13 11 66 75 97 2 25 26 32 80 38 15 33 17 
27 47 24 58 76 28 5 57 96 59 35 44 34 48 80 0 18 24 93 11 99 48 78 21 79 48 4 40 49 19 54 62 93 89 1 20 49 16 3 64 51 3 61 6 11 0 36 54 98 13 81 16 35 66 75 73 40 77 58 46 72 17 98 59 93 83 82 58 21 89 9 28 93 45 77 82 43 71 14 16 19 18 93 6 60 24 58 51 61 55 26 27 52 70 77 92 25 45 43 73 
51 60 9 85 38 34 94 38 68 20 99 65 65 47 28 0 73 20 25 71 85 71 60 19 76 34 74 36 92 75 11 4 75 75 57 97 27 0 74 43 61 41 7 74 17 56 44 91 15 49 52 40 84 1 99 61 13 70 75 92 15 85 35 0 78 43 11 82 31 92 99 44 47 57 26 2 78 85 79 82 44 39 49 19 27 34 36 1 73 64 70 83 84 7 83 49 19 45 97 80 
14 75 71 58 25 88 47 70 85 23 30 14 91 14 26 31 9 4 83 32 82 6 51 58 46 53 75 78 2 87 47 60 37 91 12 48 7 90 64 54 32 4 76 70 69 2 1 52 22 69 4 82 72 18 80 20 45 52 87 59 80 11 95 77 87 38 94 44 17 51 7 53 45 49 87 39 64 59 92 88 83 27 19 54 89 18 24 66 54 46 10 33 12 92 44 12 48 58 83 23 
92 24 45 60 44 27 13 84 79 9 20 29 39 32 96 29 59 61 82 47 4 96 93 20 6 69 69 5 97 9 58 0 11 59 77 22 71 20 63 10 91 41 44 91 66 51 62 23 17 95 27 76 23 43 4 76 79 12 11 83 5 34 86 95 99 73 81 12 40 62 97 97 58 41 94 15 33 32 26 63 12 71 35 85 68 77 59 99 25 28 50 99 40 89 88 6 90 51 31 57 
19 67 63 96 15 98 64 0 71 6 52 49 99 39 50 33 90 72 2 64 55 85 38 28 30 14 72 70 34 39 40 14 70 1 25 32 6 65 91 36 40 87 60 54 50 46 52 37 65 15 56 49 18 51 58 39 0 28 29 98 91 54 24 91 91 74 34 72 60 24 79 32 92 6 50 94 13 40 24 32 70 45 35 42 80 94 0 24 1 73 9 40 95 41 35 91 66 16 67 93 
76 29 68 26 12 7 13 88 49 65 55 19 72 80 5 37 16 14 90 30 46 65 10 56 64 11 29 70 45 6 80 6 70 59 2 46 43 18 26 69 61 70 69 50 67 91 51 35 11 43 57 61 74 74 53 11 26 43 29 82 6 36 53 68 67 97 60 76 90 48 85 4 66 93 26 36 47 94 45 46 95 46 64 18 57 49 10 81 15 47 0 28 20 82 18 43 70 57 27 91 
52 87 6 70 91 15 22 45 65 57 78 86 14 85 81 17 23 90 73 9 85 66 7 43 56 0 26 98 95 86 23 55 57 12 25 19 40 8 56 70 0 60 96 79 88 57 46 5 33 13 22 20 95 72 47 45 73 98 15 14 2 60 36 93 29 11 97 42 97 49 65 63 65 3 97 56 47 91 1 15 74 51 88 73 86 41 63 14 95 32 43 38 28 59 94 85 85 25 32 71 
27 8 89 95 27 98 66 53 5 77 20 75 58 14 24 41 41 77 26 19 6 74 55 31 24 59 24 34 4 72 56 80 33 59 4 31 86 9 39 51 82 77 88 31 66 0 2 96 56 20 79 20 55 9 14 92 51 68 59 69 26 58 86 14 35 4 54 26 34 13 75 70 44 81 52 26 65 83 78 25 3 6 39 32 45 7 6 94 80 26 35 9 56 33 57 96 62 49 55 93 
96 4 84 69 5 15 2 90 91 61 0 84 3 71 22 64 48 53 33 16 63 9 24 63 53 67 55 84 52 29 26 68 51 92 96 81 53 66 92 12 37 41 63 38 19 83 80 15 61 48 52 47 60 53 34 30 45 43 90 82 64 76 20 10 11 99 60 49 54 58 51 67 90 14 53 27 59 11 36 38 7 74 75 83 80 31 76 3 85 92 87 67 55 93 65 71 85 3 16 54 
58 74 7 96 70 54 40 30 8 85 52 48 42 97 62 23 74 13 32 62 19 64 62 54 39 10 53 93 4 58 83 51 52 72 28 22 22 52 13 0 65 39 90 82 79 95 65 80 38 1 52 78 58 22 15 1 99 94 15 5 96 70 7 73 73 35 13 30 85 76 51 33 38 3 47 0 29 2 19 1 81 29 25 15 71 46 98 37 68 41 21 66 22 26 50 20 36 15 72 27 
27 50 84 96 16 75 27 85 60 93 81 47 54 31 7 59 92 64 86 4 57 80 5 90 97 61 93 39 97 60 11 14 44 74 94 29 30 81 69 81 9 64 91 13 89 41 25 87 48 52 72 78 18 5 76 77 1 97 72 15 92 87 43 11 61 68 18 85 24 19 15 54 98 91 81 72 95 57 77 34 60 38 68 15 51 45 10 92 10 65 43 71 6 42 16 65 65 0 80 52 
19 12 43 25 22 66 63 4 91 74 61 90 10 31 6 6 1 92 87 19 93 17 82 44 62 6 49 13 68 19 20 93 82 19 34 77 58 97 40 28 77 92 50 71 12 85 74 19 23 71 90 33 81 85 48 37 64 60 96 50 47 23 70 49 57 2 40 48 56 8 2 5 61 35 80 86 38 77 44 63 17 72 40 66 67 49 90 67 97 78 15 93 5 93 41 63 1 80 48 30 
87 3 87 70 0 67 62 63 55 28 39 86 96 52 57 80 70 41 44 54 20 73 67 85 7 94 6 20 80 45 84 44 52 38 92 64 25 80 10 89 59 8 40 79 15 0 69 16 74 6 30 61 37 54 16 91 79 36 85 15 9 17 74 34 13 49 28 70 17 66 38 77 6 39 43 71 10 71 4 85 19 38 88 56 33 96 61 71 43 49 54 49 41 84 47 31 64 57 33 77 
27 49 31 94 16 87 68 33 26 16 61 13 14 82 13 84 3 70 76 36 15 7 73 94 82 99 39 95 21 28 25 16 59 53 45 1 70 6 86 42 22 89 42 52 22 63 50 29 19 86 31 90 5 72 89 33 43 12 54 8 98 47 45 24 57 66 4 81 76 95 54 85 98 73 17 47 39 55 35 82 66 47 3 98 19 83 71 55 16 40 96 72 37 47 85 81 78 45 71 7 
36 37 17 87 71 20 63 66 54 52 88 8 39 57 8 12 92 32 7 55 38 36 8 19 10 10 61 38 25 40 75 79 48 62 37 48 63 77 56 0 86 56 13 79 46 20 58 8 85 90 69 6 88 78 71 70 79 98 37 88 42 4 21 84 71 53 66 75 81 26 11 30 43 93 37 42 39 36 8 84 21 47 85 15 94 16 33 32 6 94 32 30 22 58 43 66 94 38 74 16 
70 82 14 95 70 30 42 85 83 41 48 3 52 6 3 71 93 28 82 11 10 90 87 73 0 17 81 67 64 61 51 93 92 90 15 28 66 22 22 1 85 67 0 43 58 19 86 30 0 60 70 28 8 97 26 64 56 96 49 8 25 18 75 35 50 28 7 12 95 71 34 26 98 14 29 76 12 90 23 91 7 90 24 69 43 77 29 60 19 45 57 44 17 49 72 45 60 5 50 28 
81 96 14 35 20 78 99 36 85 68 54 62 55 96 73 6 87 5 28 89 56 43 58 49 5 51 27 33 51 33 7 12 77 93 53 45 61 23 45 72 6 19 3 57 59 85 81 34 9 5 6 22 83 37 36 55 84 26 7 83 94 21 44 87 66 82 33 80 41 14 5 31 1 60 49 29 47 65 84 78 67 49 37 67 60 73 15 51 79 99 38 88 6 39 31 70 21 91 48 35 
95 41 21 78 24 88 26 9 91 76 18 14 88 29 11 78 92 94 55 53 4 11 26 12 81 64 73 36 13 69 19 18 63 2 2 44 91 81 84 31 44 26 90 45 53 82 73 12 30 76 51 96 73 80 0 62 61 33 14 82 42 78 14 6 69 19 64 7 76 37 96 39 33 51 46 95 12 26 18 36 99 63 69 9 94 44 8 51 98 17 66 95 32 27 92 19 13 54 23 43 
85 66 54 50 99 55 32 86 68 98 68 56 6 28 43 43 69 89 86 66 18 19 76 56 8 12 31 16 72 94 66 81 18 30 33 88 29 74 33 87 93 19 89 84 35 77 46 43 60 49 21 36 31 41 98 0 85 10 61 34 6 62 50 45 1 67 35 84 83 76 32 1 84 51 6 9 14 15 53 8 26 74 87 96 88 86 86 89 39 11 63 44 77 16 35 10 24 7 42 79 
37 98 23 45 32 48 31 27 52 82 10 95 88 98 46 55 22 18 97 72 11 89 77 63 3 75 17 49 38 53 91 16 12 2 64 70 89 40 92 5 64 47 95 52 25 0 43 29 40 4 27 23 36 66 90 46 71 91 64 53 20 97 6 52 71 90 85 10 40 41 5 88 82 80 29 18 81 80 14 77 62 42 39 10 74 84 48 58 18 84 76 39 45 75 31 46 90 56 84 25 
24 13 73 91 47 15 64 54 93 14 78 96 52 63 3 20 50 26 9 35 91 70 60 50 13 43 29 67 58 66 97 68 81 70 85 71 78 50 60 15 27 34 9 89 23 64 53 34 15 32 26 88 14 1 57 83 21 69 86 23 38 46 30 15 75 39 85 95 39 23 40 78 10 80 33 5 26 3 98 56 49 17 67 2 91 57 15 94 27 37 0 97 74 94 25 29 3 96 33 0 
39 61 38 10 95 16 63 95 62 9 14 81 60 19 88 36 71 86 46 30 49 51 64 45 23 1 60 3 85 65 45 66 65 95 52 36 36 46 99 20 74 74 48 25 85 53 61 91 45 37 37 28 3 91 85 32 15 59 17 16 71 90 56 12 81 91 51 71 40 99 25 47 86 59 50 1 87 51 17 38 17 20 42 47 64 58 61 62 97 27 13 5 39 59 88 66 99 8 11 24 
83 77 48 86 62 18 6 73 59 62 37 26 72 81 51 8 0 98 6 47 58 95 35 34 64 12 15 30 40 74 72 23 66 5 93 82 51 76 37 64 56 48 21 11 1 94 93 18 79 8 90 73 64 18 77 54 78 37 98 77 3 17 13 55 16 20 72 29 40 22 39 91 90 90 25 20 76 73 32 78 58 1 67 67 62 84 97 73 14 71 84 58 65 93 51 33 57 8 49 55 
97 43 72 89 41 80 89 89 50 88 36 44 28 3 77 27 77 50 60 28 59 32 43 63 17 94 38 24 10 39 44 63 70 90 99 91 46 31 72 95 82 17 72 95 69 60 50 97 75 30 98 7 34 89 25 20 91 45 62 57 86 96 61 66 48 53 94 13 4 1 23 90 12 63 17 71 26 63 69 91 71 13 51 93 85 27 39 2 99 32 83 79 61 14 23 84 3 47 91 34 
11 99 42 65 25 65 80 2 5 20 97 30 22 15 22 59 54 76 77 21 34 44 92 99 40 75 75 72 45 88 99 87 56 82 49 17 16 61 38 5 41 86 91 13 98 85 89 33 13 54 55 60 27 2 91 81 50 10 81 66 68 60 97 63 54 89 16 54 93 54 78 91 27 71 23 73 14 73 98 2 24 23 37 48 94 24 78 48 87 35 25 7 43 10 31 78 53 43 2 87 
40 80 83 26 21 94 89 25 94 25 98 10 81 97 42 84 92 64 26 77 3 10 43 75 51 53 87 6 26 46 89 4 58 71 76 2 74 59 68 51 11 55 41 58 39 71 43 9 24 68 7 39 15 47 26 25 83 34 51 9 7 21 7 66 50 95 50 68 67 86 25 43 80 41 50 6 47 57 68 70 2 22 32 63 66 42 15 54 79 30 13 7 63 0 41 9 41 84 33 96 
39 43 49 2 93 62 83 1 48 79 25 24 55 72 51 96 61 35 42 97 87 53 34 45 47 3 99 8 26 3 25 49 26 83 77 0 22 93 34 52 14 81 50 99 18 0 42 83 34 54 23 99 4 47 77 27 81 62 4 80 13 46 58 47 60 36 4 52 52 44 4 54 13 87 90 66 39 53 62 55 80 72 26 76 65 85 8 8 12 93 2 81 26 78 71 68 66 51 73 79 
43 22 25 96 6 37 55 1 79 7 31 69 20 79 6 87 54 41 97 8 49 28 91 73 30 60 73 14 31 60 51 76 33 35 69 58 16 19 99 90 8 42 44 5 40 12 73 64 36 57 17 33 30 79 88 99 68 18 40 9 35 76 91 12 76 23 43 39 28 73 35 90 45 66 31 66 51 96 21 81 82 35 76 12 54 10 97 69 28 46 88 70 91 61 29 31 31 54 92 67 
21 51 26 36 15 55 22 49 29 97 67 15 76 81 54 36 78 97 9 68 79 66 33 4 2 61 25 16 6 68 97 91 3 58 58 98 92 49 86 37 7 69 42 57 83 65 98 51 28 37 70 23 64 72 62 76 32 35 23 23 22 33 39 55 74 76 65 24 59 56 95 7 84 47 72 0 42 57 29 89 83 36 42 3 39 19 65 74 46 90 54 53 6 86 41 22 35 6 40 35 
12 49 25 94 16 14 95 79 5 56 68 15 23 20 74 47 72 27 68 41 63 20 4 78 3 25 90 13 41 65 91 27 24 30 87 19 91 36 72 4 5 62 5 45 53 31 38 72 44 84 36 82 35 64 7 9 27 51 81 76 48 51 50 35 14 36 94 34 22 60 51 91 16 43 0 86 8 23 89 33 78 9 32 88 6 46 88 3 80 29 43 13 69 46 65 68 10 72 66 6 
20 86 32 65 25 95 55 71 16 2 37 95 43 56 62 12 17 70 58 83 38 89 76 19 47 77 39 77 89 4 91 68 90 90 35 22 29 82 68 55 34 58 44 26 18 76 96 94 3 56 15 54 19 29 80 12 86 92 61 51 70 34 57 39 95 36 67 69 6 0 77 19 80 90 27 37 95 50 11 65 61 8 73 24 89 43 63 1 54 82 7 57 81 25 92 28 63 0 21 83 
75 77 20 66 69 86 54 49 78 28 19 49 14 10 37 40 28 93 64 17 76 93 73 32 67 44 27 70 14 42 78 20 72 41 9 25 74 46 81 85 16 91 0 91 14 30 95 63 54 6 64 17 75 16 7 24 15 89 95 90 69 38 67 70 38 84 26 48 65 54 16 14 0 51 74 63 9 84 23 52 1 6 11 16 68 59 76 84 21 55 32 71 35 45 43 36 64 99 18 42 
73 74 86 39 35 89 60 24 76 4 85 16 48 84 89 83 34 46 38 40 98 70 10 87 21 69 13 60 15 8 72 76 91 22 8 45 35 15 19 95 50 7 28 30 84 98 18 49 77 49 31 94 64 62 41 99 93 99 32 23 37 37 77 73 5 94 82 51 62 75 43 48 63 51 21 83 44 39 57 31 33 89 84 87 90 91 36 29 81 40 81 16 88 4 25 46 98 70 28 87 
56 7 64 17 8 86 52 66 4 91 0 41 99 68 44 2 49 49 77 89 9 10 92 99 68 67 80 34 11 79 90 22 31 57 82 61 8 38 65 80 24 79 77 10 98 75 13 61 99 60 50 46 27 47 81 14 55 76 73 34 18 95 91 98 17 95 0 26 43 17 52 33 37 85 21 31 82 11 45 28 7 48 75 29 85 2 87 3 75 53 5 98 86 79 80 35 85 31 60 49 
94 82 28 72 26 30 36 83 32 90 77 76 85 33 14 86 22 74 36 18 31 13 49 1 39 40 57 56 56 0 36 93 96 8 94 22 80 62 29 7 91 82 73 81 90 40 26 24 43 13 70 52 36 8 78 79 38 68 10 94 57 42 77 11 85 53 38 42 69 34 42 98 59 33 45 30 57 19 42 75 11 50 86 5 49 86 71 57 30 69 43 21 28 57 62 78 58 88 0 73 
7 24 89 77 5 41 57 48 99 24 63 28 18 33 35 84 38 63 11 51 27 66 84 16 90 49 81 63 33 69 40 90 22 50 51 88 52 52 64 2 6 5 61 95 21 90 55 37 55 51 45 64 5 26 44 99 37 86 20 89 1 32 6 78 48 22 47 98 88 96 71 33 16 48 44 79 66 33 0 86 57 62 62 29 65 7 24 99 47 32 9 73 71 65 29 97 71 54 35 68 
30 16 38 88 8 67 19 41 32 90 84 60 15 44 18 66 3 76 8 20 72 55 37 87 85 68 30 46 14 89 38 77 89 40 9 92 43 12 4 64 56 37 33 62 14 37 9 86 77 49 68 33 11 51 7 58 46 25 49 29 18 38 51 66 69 40 84 73 56 62 45 25 72 66 64 34 12 21 63 89 73 94 63 91 4 53 18 43 18 5 78 64 98 43 39 34 70 44 46 66 
95 65 63 56 75 17 12 96 84 69 47 36 6 27 71 49 75 19 77 85 26 54 28 36 50 79 38 34 89 24 69 15 57 97 50 12 53 15 67 5 11 87 31 43 85 44 58 72 21 46 58 85 57 37 1 76 79 18 83 77 13 68 75 74 9 69 61 73 59 98 71 61 23 85 85 85 12 61 73 32 53 95 3 70 60 67 79 18 36 68 52 68 63 16 77 32 3 60 30 44 
4 52 85 35 59 97 22 91 21 38 88 8 59 56 28 21 77 74 3 38 49 65 19 31 49 21 38 24 99 43 19 21 96 15 25 8 71 65 17 84 72 24 26 85 8 23 83 14 46 68 29 21 26 13 65 17 14 85 44 20 38 27 97 55 4 41 59 67 87 23 88 41 20 73 1 90 43 19 23 76 35 75 68 59 20 84 10 67 91 93 29 68 35 84 72 55 91 60 74 41 
84 41 53 2 13 66 39 24 20 99 3 31 2 73 22 47 26 11 70 12 46 46 18 57 86 86 16 89 81 94 12 65 46 86 33 90 63 60 93 94 8 53 16 92 5 53 37 93 20 60 37 41 70 26 23 83 32 74 8 12 95 6 67 48 3 26 20 58 43 62 99 17 17 68 94 59 27 87 86 11 55 32 70 1 83 31 4 77 56 14 98 40 80 12 52 74 33 25 42 13 
20 27 13 80 42 96 1 28 13 98 93 19 26 92 66 61 34 43 13 20 91 11 0 46 12 8 35 98 19 15 31 87 22 29 10 48 48 89 72 13 70 92 34 45 13 38 89 49 29 92 17 59 75 66 3 90 95 74 35 53 62 60 18 70 41 87 87 25 17 99 48 25 66 56 72 90 33 0 43 84 11 21 41 19 62 45 98 95 62 38 94 10 37 88 8 76 94 4 28 54 
40 42 6 26 97 58 93 97 21 72 99 38 9 94 25 99 83 82 47 2 40 44 70 50 0 63 9 41 97 2 33 88 22 66 88 8 88 19 63 83 85 16 67 81 85 51 33 4 47 8 44 46 18 52 76 56 15 9 65 26 20 44 58 86 41 20 10 49 90 5 7 36 14 91 25 98 26 52 13 46 41 87 91 20 11 38 12 57 27 22 88 51 37 50 79 13 27 82 26 86 
20 97 1 55 75 25 86 76 85 73 0 44 61 14 90 72 31 90 98 20 91 59 61 23 75 52 55 76 48 33 86 82 84 31 72 77 12 6 70 13 5 2 48 94 88 19 13 9 50 85 37 54 75 10 6 10 63 62 71 56 86 18 20 18 20 52 37 13 81 94 65 41 26 79 67 30 41 29 6 59 5 9 22 75 24 33 9 70 19 12 59 76 71 79 18 73 60 90 33 16 
83 9 26 45 48 24 82 93 52 4 12 12 55 0 33 38 61 14 63 48 93 83 7 97 7 26 13 13 30 59 46 14 65 39 83 69 4 9 8 34 33 68 14 45 60 12 34 40 86 11 31 19 29 65 23 23 8 33 36 26 84 17 17 6 16 40 98 44 81 87 47 7 41 82 97 61 37 15 77 84 80 6 79 41 98 39 66 61 40 42 29 61 74 10 9 0 71 64 40 31 
99 24 85 76 75 64 17 85 1 23 66 83 34 89 41 70 64 30 85 32 7 92 26 22 6 96 36 77 10 27 76 41 7 5 95 14 48 7 97 68 24 42 92 89 84 75 90 83 91 12 80 91 59 19 8 4 58 85 64 61 57 49 16 15 12 31 73 97 82 31 3 16 46 83 32 93 42 48 66 12 68 43 3 39 94 30 87 28 93 32 50 47 85 47 66 16 50 80 63 12 
79 57 61 61 96 14 50 63 1 24 81 84 78 29 62 80 19 59 79 69 8 9 66 72 5 99 75 97 54 86 65 52 55 35 76 92 34 79 30 72 33 51 15 12 33 60 49 29 19 77 3 96 26 40 40 80 77 23 91 70 15 60 98 16 96 19 16 21 14 10 44 36 16 9 19 71 41 71 75 70 57 16 81 64 99 93 83 90 6 29 34 66 89 66 3 45 76 91 57 19 
18 51 79 42 80 78 82 90 3 49 41 0 41 44 39 90 72 56 96 58 7 31 24 81 25 11 36 54 7 69 43 11 89 30 12 19 60 34 92 56 50 64 31 55 59 94 6 14 87 29 68 21 72 40 88 28 66 93 13 32 15 32 17 16 67 55 7 70 72 57 77 14 39 67 53 42 76 60 46 63 46 64 68 83 42 31 88 15 84 51 30 43 70 95 0 75 85 86 80 72 
13 55 1 32 89 90 62 78 67 75 94 26 81 61 91 91 32 82 54 74 79 45 38 54 87 72 44 56 70 63 67 45 86 5 95 37 48 49 40 18 20 68 24 14 83 69 48 2 2 0 54 55 48 79 11 9 27 6 37 78 79 11 55 44 8 77 64 78 92 8 49 63 0 33 74 28 72 50 6 7 60 57 94 41 46 77 71 30 61 9 7 57 62 32 54 1 41 49 13 94 
26 16 74 17 18 95 89 59 64 54 14 47 23 61 81 66 58 12 31 70 37 25 81 99 33 84 94 25 59 55 83 18 13 99 87 23 62 83 17 92 68 39 80 61 86 48 58 55 62 34 54 0 51 94 60 61 32 33 20 28 13 69 89 37 14 38 43 70 1 88 41 67 55 87 96 35 58 58 74 27 68 80 58 22 76 24 12 98 93 69 35 97 0 25 46 32 51 57 56 49 
10 65 83 47 25 88 70 58 22 23 77 54 76 71 13 52 95 24 9 19 14 58 29 61 59 61 69 3 6 69 20 29 13 72 65 52 39 20 69 64 42 16 55 70 85 37 76 11 37 96 27 91 87 82 40 88 10 12 51 13 59 96 20 17 47 64 80 64 19 6 11 25 58 67 63 97 50 96 91 59 40 13 42 4 98 44 97 21 18 42 80 10 80 48 92 62 87 61 92 16 
16 21 30 52 27 77 31 11 62 46 54 67 58 80 69 38 61 88 80 8 90 51 52 71 3 11 60 19 93 83 33 71 75 87 87 66 76 79 17 53 66 1 81 44 55 63 93 34 19 45 89 42 46 71 30 60 60 59 99 53 33 14 6 11 2 43 89 62 49 35 58 14 40 91 7 5 37 99 2 88 9 65 12 19 86 98 84 0 5 47 38 68 88 6 17 76 32 9 70 9 
35 11 86 47 88 94 57 43 90 21 52 51 98 39 88 46 51 96 16 72 24 75 61 39 49 75 40 67 62 21 76 47 97 66 8 28 8 73 39 21 46 28 38 68 78 80 79 68 64 25 67 80 96 98 36 86 53 5 56 4 83 31 12 59 79 95 34 20 62 68 81 80 11 51 90 7 37 78 27 36 90 81 13 83 98 82 51 3 14 40 45 2 47 8 66 2 70 92 6 16 
5 39 99 64 43 88 6 58 28 78 0 47 39 20 2 1 97 78 82 20 26 64 26 29 2 98 50 7 68 84 41 95 54 62 60 60 37 70 59 72 26 36 52 33 1 71 81 43 25 18 24 13 25 54 21 83 89 2 24 79 88 27 23 94 20 25 22 28 38 57 53 55 71 25 22 37 76 56 39 77 74 83 58 27 94 88 52 14 79 0 71 61 15 45 8 77 43 68 23 6 
1 9 31 36 32 67 65 39 43 65 32 90 65 3 52 85 61 44 16 94 36 57 92 74 19 26 83 95 91 11 92 63 58 22 7 70 4 35 30 97 58 52 84 99 13 91 26 84 62 28 9 28 89 83 43 45 79 94 45 56 61 27 8 54 53 84 27 1 11 14 81 40 21 7 59 76 95 7 56 24 17 86 98 35 57 8 0 39 20 33 58 98 8 66 9 33 43 23 80 67 
38 39 34 75 80 80 21 79 49 64 1 16 19 89 21 32 24 75 55 0 40 99 54 6 20 65 13 96 27 27 18 58 32 29 96 76 92 93 37 67 41 52 74 45 8 44 16 23 67 7 23 7 21 8 5 67 10 73 93 48 86 53 69 58 69 50 25 63 61 97 16 46 99 80 11 2 34 21 96 3 57 82 73 17 23 45 15 50 53 88 9 69 74 87 24 8 50 53 63 29 
97 40 30 85 45 41 64 84 63 27 5 25 30 23 93 25 13 92 95 86 85 96 77 42 61 82 85 71 74 2 75 42 30 6 91 7 65 38 5 99 98 30 95 32 46 34 87 36 7 98 58 61 39 23 93 28 27 27 50 73 33 8 44 73 59 75 78 97 71 26 62 26 28 98 82 57 30 39 19 93 29 44 20 19 6 19 44 94 62 4 92 23 15 5 8 70 37 95 45 26 
33 79 46 17 80 99 89 60 33 74 33 49 52 76 33 61 42 43 71 13 4 99 82 91 69 68 58 59 18 78 78 91 57 48 90 69 66 33 77 88 68 91 96 28 54 40 53 47 96 75 98 0 65 58 34 73 38 93 1 97 45 36 34 11 70 69 46 50 2 32 6 45 10 94 61 29 2 15 3 24 10 7 37 12 71 31 26 85 95 89 34 23 31 13 5 99 65 58 54 35 
89 60 76 64 59 99 36 60 61 40 80 1 59 15 88 77 60 33 75 2 7 14 41 15 38 18 22 91 61 83 37 73 2 82 86 97 15 38 77 35 85 61 48 73 8 23 34 30 79 76 2 88 66 41 89 21 37 93 87 78 6 60 9 23 29 92 10 55 35 96 99 39 33 53 43 97 19 71 49 51 57 4 60 4 96 62 36 34 12 11 66 8 40 53 32 14 35 20 22 7 
74 35 0 39 46 20 69 49 15 47 55 58 97 29 80 26 82 82 56 54 60 81 32 59 4 42 59 18 31 56 99 13 80 68 98 32 7 2 65 0 81 91 97 72 47 95 52 93 3 55 78 20 52 5 97 93 61 23 94 14 5 62 21 51 62 92 66 33 44 39 45 6 95 23 6 64 71 74 14 34 67 51 82 77 40 57 5 98 72 8 60 55 90 28 40 0 59 49 28 88 
33 99 19 88 67 12 68 72 74 10 64 0 7 56 72 48 21 72 3 19 23 90 3 0 33 80 75 54 3 37 27 58 59 55 40 86 65 8 17 40 39 43 43 0 22 4 35 26 34 85 45 27 32 11 17 17 22 5 83 2 55 27 65 6 17 37 28 31 83 12 46 93 63 9 90 1 36 46 45 46 99 30 85 15 79 65 55 48 58 58 92 23 38 46 56 4 84 82 70 44 
83 9 63 91 16 17 19 28 2 46 96 53 48 10 48 35 98 22 53 75 88 29 30 54 68 68 5 34 10 54 95 41 85 61 32 37 21 33 76 29 34 87 1 63 54 21 62 26 95 76 99 18 0 69 97 86 58 48 36 13 29 22 0 89 35 18 69 72 71 95 14 7 43 67 96 31 72 63 90 89 30 29 4 10 66 30 97 4 46 90 93 72 49 48 15 48 11 43 77 15 
8 69 53 26 98 97 32 90 67 32 70 79 25 3 97 87 31 96 33 15 3 50 39 9 56 94 8 39 85 12 77 55 18 25 49 8 33 73 19 11 82 56 0 9 34 1 94 92 22 51 82 52 90 64 24 68 16 91 89 70 19 20 81 91 0 93 98 58 39 71 79 39 69 99 25 50 36 75 63 45 40 44 56 71 33 48 50 66 9 30 96 72 43 45 49 28 27 7 95 83 
41 20 29 29 64 21 53 63 40 93 60 72 68 21 3 51 83 38 74 91 85 9 43 70 44 78 97 46 21 62 41 5 53 26 33 74 76 47 31 0 81 71 61 71 98 63 43 29 20 51 40 74 14 83 76 75 43 27 92 64 14 22 72 72 21 46 43 73 60 3 77 4 23 41 25 50 66 82 27 64 89 85 7 20 7 12 48 28 46 16 24 10 48 82 28 25 85 56 66 71 
84 46 41 40 58 51 69 58 57 59 16 45 25 85 93 40 85 52 46 57 64 49 99 85 13 68 85 96 11 9 59 48 93 65 48 67 43 33 61 46 30 32 70 11 93 52 0 55 51 59 28 13 94 51 14 97 40 43 54 36 29 11 2 59 78 50 90 98 89 63 21 79 57 15 53 63 19 96 81 25 81 21 88 72 70 88 80 30 74 64 52 58 63 48 27 37 71 55 95 4 
9 6 89 93 23 14 33 25 25 11 80 81 67 58 23 35 79 81 67 39 37 53 99 97 31 54 18 17 21 99 94 50 73 36 60 31 87 3 45 76 63 7 56 99 46 90 33 94 9 99 61 20 31 3 15 46 15 83 79 12 83 1 93 20 15 14 47 10 89 89 30 88 71 46 27 60 29 69 22 28 73 24 35 46 0 2 92 56 55 34 1 73 61 47 26 57 31 81 50 21 
49 8 33 90 27 99 23 88 40 12 61 46 78 90 17 61 35 70 57 32 53 23 29 93 36 52 2 29 39 27 57 97 28 0 32 34 62 58 33 10 52 1 64 7 96 79 19 52 4 64 44 74 43 13 59 72 99 32 1 30 93 26 40 78 33 0 75 32 73 63 65 99 44 53 5 68 92 21 9 75 19 98 19 37 48 54 43 17 86 35 34 37 73 33 59 7 17 10 84 14 
15 65 47 31 9 81 5 37 25 62 70 68 73 94 19 65 25 41 85 9 13 9 23 61 81 51 25 40 43 98 13 43 40 74 22 25 49 64 12 49 47 32 43 69 1 34 20 64 21 86 72 3 73 98 50 63 91 2 39 6 87 30 55 29 28 6 59 37 82 81 85 65 11 74 88 26 83 68 29 59 80 81 49 28 37 82 8 30 30 85 53 5 33 71 38 80 20 95 11 36 
99 78 14 64 91 48 49 96 79 11 64 69 74 38 12 55 22 37 25 8 23 88 39 12 82 53 62 94 51 94 84 94 9 98 93 55 62 30 58 7 26 43 71 68 36 82 77 25 86 8 28 97 57 7 20 12 9 40 27 88 86 35 2 26 91 80 23 1 89 76 34 62 8 75 71 88 61 19 48 26 3 1 87 91 44 94 10 28 3 93 4 77 83 34 47 85 9 70 4 23 
34 62 15 5 47 57 88 54 5 6 44 13 25 57 68 71 28 45 39 57 58 6 2 58 64 88 49 34 68 39 40 0 20 76 91 89 17 28 13 78 85 16 43 18 10 17 12 47 14 8 60 71 24 41 65 94 9 11 29 10 50 59 38 1 31 22 75 38 1 68 44 63 48 35 39 50 68 51 95 15 65 11 9 81 53 56 73 31 60 97 23 20 22 70 43 18 48 89 30 84 
60 17 11 74 34 69 81 21 15 65 29 31 10 35 9 7 11 77 78 45 91 92 23 49 21 40 4 70 10 43 74 34 32 51 51 26 80 0 36 50 81 62 61 38 67 2 74 11 12 26 31 65 2 22 41 89 33 74 67 62 54 37 9 68 35 75 36 64 13 66 26 2 40 77 13 8 90 25 30 90 43 29 26 15 83 30 8 71 89 6 88 93 10 40 28 39 65 95 6 87 
25 82 25 9 80 44 71 34 55 29 98 23 41 37 53 70 60 7 74 0 61 69 57 20 36 98 39 79 61 16 40 20 73 15 62 82 27 98 92 0 32 20 46 88 85 6 9 3 48 59 45 23 6 32 32 54 20 13 6 87 75 75 87 43 0 79 49 37 27 3 39 81 59 88 30 9 63 56 93 37 60 77 42 93 51 89 10 0 40 95 45 39 71 6 64 63 50 37 54 31 
31 91 10 42 64 72 93 83 80 39 11 25 3 33 44 37 8 41 59 18 10 78 91 21 22 79 56 41 96 37 97 96 40 26 71 38 69 23 64 14 14 71 97 74 45 11 81 92 30 85 11 91 65 5 1 55 15 92 58 64 68 7 17 35 60 36 60 18 60 83 59 45 91 36 96 17 15 51 35 98 16 48 74 64 6 36 19 73 14 15 61 9 60 55 8 97 82 17 51 85 
16 99 82 28 83 82 20 42 3 1 43 6 42 57 55 0 92 15 37 48 28 43 96 43 28 77 84 33 71 97 52 32 14 75 53 25 1 93 85 28 31 65 29 36 97 6 67 92 11 2 7 91 43 7 28 59 87 82 41 36 37 1 13 47 21 27 48 97 41 46 7 80 11 91 1 90 48 22 91 83 16 37 60 24 26 37 97 72 17 24 69 42 35 87 49 37 69 19 94 23 
71 87 41 25 86 12 87 69 39 29 44 14 49 76 22 4 18 28 39 55 90 12 71 58 33 80 11 3 50 67 40 13 8 29 12 48 92 42 38 20 58 83 49 80 84 59 63 37 9 8 66 72 39 67 6 0 44 69 24 0 85 35 86 91 47 81 48 24 61 43 87 61 42 40 29 98 25 74 48 95 98 37 21 10 63 95 19 58 23 76 80 45 89 68 56 18 24 85 13 54 
54 29 58 20 2 88 11 80 31 25 88 94 62 71 90 14 82 14 10 61 38 23 7 41 38 60 22 30 24 51 75 26 58 26 91 62 95 15 60 25 94 97 21 24 91 38 55 19 17 94 95 80 2 29 4 17 5 88 43 38 10 18 1 23 21 12 82 63 56 5 8 58 66 92 29 16 20 58 73 18 15 53 45 60 74 45 72 60 89 81 68 59 18 25 69 81 23 13 10 38 
97 46 27 26 96 27 89 8 90 56 67 62 16 58 54 20 86 57 20 15 51 77 98 84 69 78 85 98 1 36 44 8 46 87 88 2 23 35 61 77 63 18 35 24 25 24 96 86 22 48 18 14 13 70 50 78 57 48 30 23 59 72 5 4 4 10 69 81 19 30 57 42 38 65 39 68 5 17 4 22 7 2 78 48 61 62 99 49 57 71 88 3 87 27 66 95 18 65 16 52 
49 78 77 95 27 50 48 17 48 16 94 6 44 31 50 34 38 11 72 40 54 15 10 36 11 56 54 92 16 98 10 91 4 90 40 6 91 55 66 84 10 85 69 83 14 83 16 11 53 88 80 39 78 80 85 46 50 95 84 48 67 91 39 65 72 30 19 81 97 34 33 4 40 36 55 75 44 70 98 8 41 44 88 43 72 2 74 50 17 64 19 86 86 54 22 34 37 73 6 32 
93 34 60 38 13 61 58 46 38 72 18 81 30 17 84 52 20 77 3 88 50 67 16 8 69 33 21 48 8 81 81 52 72 2 61 37 70 4 43 64 44 65 36 73 13 22 72 41 23 6 72 87 56 85 79 19 85 3 62 44 92 61 8 0 36 56 18 10 41 58 58 39 59 26 18 84 41 95 43 27 88 15 15 67 28 20 0 33 85 7 78 89 22 73 38 82 36 39 84 88 
56 29 74 58 54 61 62 43 98 16 11 1 72 1 38 10 28 85 26 38 97 87 69 69 25 89 77 7 29 31 51 28 39 74 45 43 77 79 38 66 56 17 38 92 37 61 15 14 75 13 23 30 25 82 6 28 93 65 83 93 89 8 74 78 73 98 81 27 61 21 84 24 88 47 77 8 97 85 56 71 17 82 41 43 58 64 99 39 42 6 65 0 63 14 87 41 70 23 43 17 
9 57 77 86 93 64 64 24 72 35 41 98 31 89 53 56 87 73 22 58 85 98 90 60 16 25 20 46 70 51 47 26 73 93 28 35 95 49 58 28 28 1 56 2 88 79 83 51 21 13 92 36 97 10 8 43 83 13 74 76 78 36 93 73 50 64 87 88 19 62 69 14 79 9 88 48 88 79 10 20 10 85 89 82 46 95 21 0 16 54 57 44 20 44 36 23 47 5 72 45 
12 80 27 15 13 78 92 56 92 28 32 61 89 23 37 59 97 19 55 49 43 85 9 81 59 93 18 7 16 18 72 33 87 25 49 6 64 0 29 37 87 20 99 11 27 64 56 24 73 32 51 55 73 12 73 44 76 17 97 38 90 38 11 4 82 7 71 69 78 58 95 64 25 30 48 53 46 5 41 88 30 32 8 17 57 36 35 49 57 95 58 64 40 61 17 0 31 80 85 60 
14 10 90 60 18 78 3 4 45 12 53 56 81 33 41 11 55 30 41 35 41 91 97 76 90 55 54 50 29 86 30 8 73 39 81 10 39 36 76 95 64 51 92 56 69 65 85 91 12 92 48 63 69 85 37 38 36 80 57 13 69 76 39 85 1 61 78 22 91 60 62 24 92 16 94 71 66 74 29 11 47 24 12 52 4 73 84 56 55 68 95 66 66 54 93 66 25 28 19 95 
35 50 79 35 60 69 31 9 37 19 86 3 88 56 60 83 6 31 96 7 2 47 76 84 36 71 25 39 14 89 85 17 62 58 61 77 12 72 78 71 9 12 13 40 80 58 57 19 31 51 22 82 10 9 44 25 52 29 62 62 82 90 23 1 92 20 65 74 4 19 80 81 38 77 29 33 74 89 36 21 96 77 94 3 21 83 11 41 84 79 75 0 56 12 87 19 5 52 35 21 
1 69 85 51 8 22 32 72 38 49 67 5 80 34 96 38 25 23 28 10 63 85 95 96 72 68 95 30 78 19 98 59 83 78 45 51 96 3 48 46 80 30 86 10 20 92 35 32 58 58 81 61 14 64 67 96 15 0 41 55 46 35 72 31 36 70 48 80 9 28 15 93 57 28 7 64 18 40 36 65 26 41 92 88 59 42 95 20 76 21 51 66 9 29 23 90 30 69 17 20 
16 49 94 89 32 35 9 92 4 19 80 60 91 62 86 71 77 68 99 65 63 40 90 97 92 82 8 64 76 95 14 16 12 39 68 14 86 43 71 70 34 79 60 14 21 43 94 50 48 2 87 35 57 64 57 7 18 52 67 84 66 36 1 35 53 48 3 90 6 44 46 33 94 58 31 30 58 35 46 16 9 89 18 5 21 32 90 74 35 53 95 26 1 44 47 65 27 45 85 84 
92 94 58 74 30 7 32 53 28 57 12 25 27 87 73 92 27 54 63 71 20 76 74 71 60 71 19 92 47 15 24 66 24 81 62 77 85 89 50 70 3 95 97 22 94 5 53 23 60 33 85 25 48 61 38 43 4 34 27 17 88 56 9 13 59 62 24 49 28 26 66 6 93 32 41 71 3 0 43 27 83 5 36 25 83 31 40 37 99 83 13 7 86 50 91 12 32 55 70 54 
58 45 76 93 24 16 56 99 69 79 50 11 36 42 32 10 22 96 56 22 95 0 23 80 74 95 1 87 55 13 5 81 31 94 96 74 35 95 58 55 36 61 69 56 71 12 92 17 87 7 10 77 52 31 71 12 42 37 90 8 53 21 33 10 4 37 66 94 39 85 94 42 49 88 75 14 85 47 74 37 33 36 17 87 4 26 77 40 49 71 99 13 29 62 26 76 91 18 5 76 
30 62 53 61 71 43 37 48 53 83 32 51 1 3 10 44 69 59 31 56 40 41 89 18 63 19 28 8 39 65 26 17 78 6 27 95 2 62 7 91 96 84 67 31 37 76 78 79 7 44 91 7 61 75 33 12 16 74 86 21 81 86 57 52 67 61 8 25 67 97 89 54 44 82 39 8 40 71 55 1 88 24 19 2 83 13 2 90 23 74 17 60 55 41 82 90 56 4 92 19 
16 48 42 18 7 5 19 35 42 57 37 89 98 7 13 36 7 47 78 58 32 99 9 89 20 39 69 18 85 41 46 36 32 95 12 74 73 86 13 55 68 48 70 32 28 68 6 98 28 85 35 89 71 92 82 63 32 66 73 93 38 14 8 57 24 38 29 87 73 15 59 73 73 73 84 57 55 81 37 68 2 47 27 37 45 99 64 30 76 63 72 47 44 29 48 25 94 57 10 29 
51 22 2 44 38 49 0 69 26 85 48 45 13 73 35 26 69 31 50 95 99 51 92 87 74 92 43 37 77 80 95 43 31 97 58 53 5 70 55 75 5 84 49 89 42 83 54 56 72 60 73 18 73 0 82 58 80 73 36 80 97 19 7 17 9 2 42 40 80 46 74 60 64 51 85 54 28 78 38 65 93 63 2 86 67 96 9 15 59 42 81 35 43 3 56 77 34 24 76 68 
