9 19 97 2 55 52 18 12 49 15 27 45 9 75 10 80 37 89 32 58 62 68 31 81 61 26 80 87 31 70 77 38 21 19 33 90 39 6 63 66 93 23 15 99 76 66 47 55 30 88 82 89 80 14 27 12 26 65 75 88 32 55 38 67 12 82 55 49 1 99 63 71 98 60 80 50 13 26 10 36 34 49 61 50 6 36 13 46 17 9 99 55 48 8 36 98 71 35 98 95 
18 79 1 69 73 29 0 86 85 87 21 11 1 8 51 62 41 44 77 16 53 85 90 94 14 79 11 98 77 58 52 15 20 90 66 54 85 82 40 34 99 49 73 31 43 53 82 16 36 88 41 14 51 69 77 53 42 18 6 64 42 11 95 6 74 12 14 14 30 23 52 63 76 12 26 32 69 84 11 46 83 43 31 91 86 88 36 21 61 7 3 79 6 3 88 36 32 21 5 26 
0 67 76 80 46 40 80 47 14 53 42 89 87 52 9 52 66 52 66 61 38 93 16 84 34 60 15 15 23 93 3 62 16 16 4 38 87 98 3 28 43 60 35 95 99 93 37 60 24 52 53 11 57 88 34 47 53 55 12 30 82 5 7 77 57 53 79 24 51 44 66 54 78 85 34 52 79 5 20 72 86 61 35 12 10 72 13 55 55 12 66 71 62 63 87 55 0 75 66 71 
72 43 10 58 77 29 6 19 67 28 25 32 10 1 69 50 2 53 44 89 57 4 54 3 89 73 49 6 48 28 85 51 92 88 79 99 20 34 36 1 80 70 98 7 16 77 67 17 84 11 25 20 70 17 5 65 73 73 2 91 33 9 72 7 3 37 89 62 49 66 96 42 81 67 45 25 15 9 93 45 49 18 18 76 2 89 33 6 29 37 57 33 47 94 51 27 67 16 88 19 
70 35 10 57 11 23 15 71 47 65 30 40 4 18 96 43 22 38 38 77 22 31 32 78 15 80 33 37 66 48 31 1 83 67 58 70 21 42 92 17 80 34 16 17 97 15 95 63 61 66 10 43 91 93 77 94 84 73 15 70 56 56 8 29 46 73 67 15 7 25 96 62 15 78 41 62 24 49 59 4 75 24 23 35 56 90 13 42 66 34 13 37 35 62 45 82 85 8 27 61 
77 38 82 95 7 51 82 72 62 93 95 55 85 75 38 66 82 90 0 74 34 36 31 84 85 53 71 29 47 14 36 91 20 82 12 63 76 47 3 14 58 13 89 31 6 69 35 52 76 57 98 29 87 34 93 67 97 81 21 29 13 82 22 90 31 90 12 67 39 84 51 64 12 14 23 38 46 37 82 16 58 55 39 76 89 67 6 51 72 34 97 35 90 48 27 53 86 24 19 3 
71 89 64 8 29 33 18 5 10 91 31 54 60 84 54 66 97 57 68 4 89 60 69 86 10 32 82 14 74 14 65 22 44 41 64 68 64 33 65 50 96 59 89 76 59 36 84 84 93 7 61 5 76 43 83 15 5 6 2 49 58 22 57 33 54 2 60 76 13 81 58 21 66 53 49 55 42 43 1 97 28 1 86 6 33 99 81 78 32 86 92 7 50 78 37 67 66 15 48 37 
53 43 59 82 8 97 91 50 10 97 49 2 7 75 67 33 77 77 79 54 10 40 40 12 39 73 83 49 99 72 75 30 35 82 70 92 37 36 83 83 37 90 8 83 68 77 11 51 67 55 63 80 88 53 22 59 55 99 44 58 38 13 11 45 27 93 93 67 33 24 41 90 49 83 93 15 6 7 79 35 7 78 87 83 73 55 33 89 81 16 36 99 94 62 78 3 37 42 68 80 
0 70 4 48 78 98 25 99 50 13 56 31 46 59 9 16 1 27 91 13 34 12 83 67 7 59 81 10 54 52 37 95 75 95 66 69 35 25 61 26 50 91 72 95 11 8 23 86 72 66 30 16 52 11 72 15 77 25 84 74 45 19 46 99 53 37 5 12 44 86 90 41 93 21 83 88 6 67 25 62 47 18 3 58 78 33 68 19 69 62 67 42 87 99 13 37 22 50 18 6 
5 35 43 19 84 31 63 82 52 78 85 31 45 77 22 6 73 66 32 46 6 91 29 39 35 53 52 44 71 0 25 54 66 26 87 53 97 98 75 84 72 15 6 43 82 53 79 68 67 30 98 53 73 80 60 29 57 35 56 13 11 9 29 69 84 77 53 31 99 48 62 47 42 49 59 67 70 72 21 93 78 9 2 55 84 78 98 47 65 34 80 95 50 76 55 2 63 7 50 28 
82 23 93 26 79 88 57 1 14 41 85 69 62 87 86 25 49 19 4 73 48 6 22 95 61 48 80 14 13 32 50 80 39 45 20 90 46 99 44 29 50 52 23 59 90 81 92 58 36 53 90 61 77 4 44 81 70 59 2 69 96 68 33 76 17 56 50 42 15 88 4 62 36 76 43 0 6 5 65 75 43 75 23 0 28 78 15 72 8 88 37 10 15 95 79 68 96 10 77 63 
74 90 88 33 98 3 5 3 6 41 21 20 32 64 57 61 62 50 39 80 60 99 91 82 83 61 71 27 17 45 79 41 52 37 22 34 87 36 56 85 27 67 48 28 22 50 30 81 14 34 56 79 8 36 50 76 62 46 30 82 14 80 89 35 92 65 60 12 16 27 30 74 83 65 66 56 62 12 67 11 32 48 10 58 63 27 28 53 55 94 48 57 86 51 59 82 79 71 35 75 
59 81 45 1 69 10 34 87 31 74 48 37 73 39 48 4 98 80 51 16 11 81 17 59 22 74 61 57 11 53 42 84 19 44 74 39 22 45 81 30 65 12 4 23 76 54 87 59 43 56 36 42 60 19 1 24 8 85 87 9 99 40 19 27 93 85 77 3 60 48 4 44 0 18 21 74 89 7 79 87 28 93 86 82 37 49 99 13 59 32 48 61 96 97 68 47 7 52 33 46 
42 58 72 22 97 64 69 98 4 9 48 45 77 84 91 29 62 77 48 42 84 11 41 46 68 50 99 49 80 10 40 31 77 83 88 39 11 74 73 14 94 72 54 81 73 98 25 15 96 45 20 50 53 38 86 36 58 92 22 89 28 5 84 27 80 95 63 32 63 52 13 47 42 4 24 30 96 25 49 43 78 55 91 70 33 41 87 6 54 52 18 50 28 67 38 77 47 66 36 61 
96 18 17 96 9 81 91 89 50 67 47 30 92 81 73 89 49 65 68 12 93 85 2 4 51 38 90 66 86 0 24 9 86 9 36 34 66 11 59 9 8 10 19 95 71 57 50 52 23 4 4 80 50 14 64 52 61 48 87 50 50 97 11 17 33 75 8 9 97 67 64 67 64 56 52 99 86 21 37 31 38 99 28 43 49 33 58 14 55 3 95 28 66 30 49 48 70 50 91 40 
98 87 50 62 45 88 56 46 25 40 91 17 38 43 56 44 90 93 81 1 20 29 28 73 11 29 93 95 88 84 26 23 10 44 92 19 68 5 89 11 48 46 36 63 64 10 92 96 54 50 25 18 8 1 59 96 3 27 41 1 7 43 77 96 84 7 76 86 83 89 68 42 36 7 68 40 15 90 24 90 64 88 94 88 63 39 12 18 8 93 83 3 8 5 27 96 16 78 48 34 
33 35 57 64 5 19 82 84 19 54 95 56 89 95 19 64 26 51 63 34 34 53 56 97 66 36 46 46 15 27 65 91 87 59 11 77 21 46 16 17 36 89 35 30 76 87 10 53 64 21 7 45 35 41 60 98 21 79 56 99 32 52 83 47 12 21 4 16 94 52 36 17 15 33 94 58 17 48 73 20 42 53 66 27 45 16 34 50 5 30 98 90 31 55 29 43 0 65 62 62 
11 97 19 56 4 37 73 89 80 26 21 89 83 67 70 95 72 73 56 19 11 96 4 89 57 30 69 82 7 83 30 34 4 9 41 95 77 1 60 18 82 1 70 71 39 95 12 5 38 6 0 26 62 39 85 8 61 79 33 86 18 19 76 61 86 81 82 86 4 77 98 10 82 89 3 71 58 21 67 91 77 74 51 22 75 66 47 68 43 61 26 7 8 62 83 75 12 3 57 72 
48 29 49 72 17 35 10 16 49 78 65 54 0 69 25 41 61 33 76 97 12 8 88 82 86 86 93 51 14 68 87 17 70 5 59 86 69 49 81 59 15 44 20 41 96 79 77 47 92 13 45 94 22 44 94 11 50 80 96 37 73 65 28 15 56 37 65 4 32 9 77 39 20 84 2 70 32 60 65 25 4 60 86 36 76 65 90 13 98 81 5 58 76 48 72 11 88 69 19 59 
46 57 62 25 61 11 65 1 88 36 83 51 94 43 43 38 47 95 58 33 54 43 84 78 59 39 47 12 10 30 96 51 25 67 3 73 89 20 49 3 20 59 60 60 17 18 83 57 61 90 83 6 68 68 85 32 35 25 20 44 25 62 58 23 99 82 38 30 20 18 20 48 65 81 64 41 93 18 96 57 17 10 89 25 22 7 80 33 63 57 93 95 69 27 83 60 75 5 5 68 
35 67 89 19 2 54 99 9 71 25 20 41 59 8 32 41 91 27 92 65 75 21 36 10 66 31 40 21 70 10 17 49 69 6 23 4 55 31 5 5 90 9 48 53 48 6 75 27 44 78 98 55 56 32 58 21 77 32 13 3 79 0 18 58 58 94 79 1 61 58 89 56 54 48 96 83 15 57 15 15 12 23 98 35 61 74 3 87 81 36 77 45 10 79 92 6 63 69 61 44 
35 52 0 83 96 76 27 52 8 82 21 92 87 78 72 46 62 27 18 89 26 33 58 60 15 47 22 27 74 54 64 13 2 62 86 98 7 4 95 31 52 63 94 39 58 71 60 4 39 39 57 34 52 26 34 72 59 40 2 77 78 85 2 25 0 98 67 0 75 59 74 57 50 86 45 91 39 14 17 96 53 54 70 19 60 66 6 4 81 90 54 41 84 82 41 39 43 74 63 49 
85 55 53 49 46 66 17 77 77 67 20 19 43 20 82 63 82 59 58 61 70 29 75 55 70 13 34 88 58 1 1 94 44 51 48 25 37 50 21 12 5 74 97 40 90 45 21 79 40 20 62 50 57 89 29 50 3 63 53 12 86 87 42 75 92 55 54 49 90 88 42 41 61 59 0 4 20 74 82 35 56 17 78 88 50 35 83 46 15 30 58 58 74 43 50 56 29 59 25 26 
89 23 68 27 4 31 97 31 7 45 67 22 9 98 49 66 37 25 79 89 31 63 29 47 18 11 29 23 52 35 31 32 59 3 19 27 58 12 43 76 3 3 10 93 8 95 8 81 51 57 87 76 70 62 97 74 23 62 15 91 48 7 65 50 38 4 91 89 40 75 48 72 66 85 84 51 91 20 71 37 35 89 88 6 17 4 47 76 7 4 15 26 70 79 3 41 77 2 43 48 
29 73 38 26 38 97 65 97 56 38 78 81 45 83 94 57 78 87 51 29 1 73 75 57 96 72 77 36 69 73 77 69 65 44 98 50 39 77 65 18 99 91 17 97 82 61 57 69 59 53 1 16 74 41 73 99 68 20 70 8 20 25 59 67 85 74 59 66 27 28 67 59 71 40 67 14 89 49 28 75 27 65 41 29 16 45 26 92 22 8 88 73 49 98 62 55 52 62 79 36 
80 85 89 92 24 30 25 32 22 2 0 63 75 62 2 65 54 83 89 70 21 73 85 82 48 96 61 96 90 27 64 60 50 50 85 40 34 83 75 59 17 7 65 76 94 38 70 32 96 92 52 55 89 61 6 31 94 92 2 51 20 67 75 15 99 22 48 23 42 9 85 9 19 54 87 19 64 32 47 73 31 4 73 91 14 6 47 90 70 56 31 32 21 65 92 17 37 69 38 82 
15 94 79 73 20 62 30 83 34 68 58 45 22 52 50 83 44 87 23 0 73 22 33 46 37 17 51 25 51 19 86 49 49 80 0 13 54 15 66 21 43 82 78 40 77 98 81 90 88 67 40 48 9 60 96 54 40 35 36 67 6 4 94 47 32 86 78 65 35 97 98 41 91 30 73 93 85 40 34 33 18 92 84 87 68 36 12 43 27 15 54 85 76 20 64 89 85 47 27 11 
54 60 71 38 42 80 25 12 77 41 51 52 32 57 32 52 77 16 4 58 25 1 34 88 52 95 37 79 19 85 16 64 15 85 61 4 21 52 3 82 97 24 70 14 92 38 80 13 13 98 6 98 91 85 20 99 99 57 25 44 79 67 69 86 67 18 84 52 79 78 31 91 66 55 5 40 53 59 75 82 31 81 16 56 39 43 44 8 27 31 39 4 64 41 93 77 1 8 59 18 
33 10 85 38 19 57 38 13 64 96 87 48 27 93 71 79 84 0 94 19 91 43 29 0 6 7 50 77 90 67 40 29 21 44 93 92 64 86 86 2 4 5 2 3 46 62 11 44 95 94 41 5 59 82 49 0 97 13 54 33 80 40 85 38 49 65 38 0 93 2 68 71 13 26 97 50 75 15 12 11 42 82 11 18 44 73 88 27 26 56 74 65 33 1 87 20 49 31 21 47 
7 93 46 3 59 79 32 62 14 82 85 35 20 1 82 9 33 70 38 62 40 14 30 38 89 64 46 76 79 92 98 60 17 79 10 10 71 68 55 22 75 19 47 29 53 37 19 79 30 95 27 77 16 16 29 20 62 0 94 94 29 74 9 72 80 16 93 58 72 14 65 55 79 16 50 60 26 60 74 63 80 35 22 66 92 6 1 54 82 16 2 21 47 87 18 59 67 88 95 4 
50 15 52 57 93 98 50 21 86 89 82 74 6 5 25 84 2 77 56 93 88 54 75 98 11 90 4 68 54 15 52 99 18 25 54 31 97 53 3 95 41 87 72 63 80 95 6 73 74 35 95 24 33 17 94 84 27 58 68 88 1 14 3 44 83 74 64 89 48 70 72 91 27 40 85 23 46 84 74 2 94 74 6 16 76 77 32 0 62 81 98 82 13 67 26 38 17 80 30 85 
81 67 23 73 77 79 87 54 65 24 72 94 84 96 28 40 93 70 44 21 77 66 34 87 1 23 99 35 17 37 83 76 41 65 54 96 50 84 58 63 40 95 18 66 20 27 55 9 37 63 49 16 31 33 4 46 93 31 39 43 10 27 45 97 86 49 70 5 31 51 72 31 52 77 26 89 76 70 97 79 70 27 66 8 72 54 88 80 26 2 98 99 48 45 54 89 86 33 47 71 
39 24 51 13 28 82 86 28 54 77 55 41 35 91 88 14 48 81 17 45 47 47 31 27 84 35 35 67 89 71 92 87 14 99 73 38 72 90 84 2 17 16 81 32 17 56 47 6 68 82 12 8 52 48 64 78 93 88 0 85 85 42 22 4 64 84 64 9 32 77 85 56 58 6 47 95 82 86 71 11 67 9 13 10 78 44 91 89 79 50 16 39 48 26 86 31 54 71 9 71 
5 88 16 94 60 13 77 11 73 45 64 86 42 95 80 30 76 78 77 27 78 76 33 66 89 2 2 99 47 68 75 39 94 61 11 39 7 20 50 71 42 62 61 74 52 54 56 89 6 28 58 77 83 74 89 78 73 84 94 34 64 32 56 74 51 5 72 7 71 60 31 8 90 31 7 76 49 51 43 50 40 97 38 87 53 1 77 58 99 15 56 13 23 1 22 40 37 29 40 76 
93 75 72 90 60 46 10 19 17 99 23 50 63 93 56 56 5 91 73 99 87 71 15 74 38 97 70 44 91 67 23 40 4 98 9 32 8 65 86 84 65 60 37 96 6 20 25 12 49 1 9 64 97 28 38 81 81 54 16 31 33 93 33 87 29 5 34 18 35 14 51 46 32 48 9 73 74 14 58 72 95 99 68 30 2 95 94 17 54 62 60 24 92 10 53 98 58 93 22 9 
16 83 24 35 14 85 50 73 17 80 4 12 47 70 88 9 85 42 87 91 23 51 57 16 7 85 0 40 73 0 38 73 43 62 99 40 75 49 58 27 70 52 86 27 31 48 59 20 75 10 24 39 44 7 49 42 98 88 31 10 86 87 34 18 17 6 66 71 4 67 51 40 70 63 91 74 41 15 90 27 78 3 55 16 3 97 62 47 98 18 36 24 35 95 78 90 48 35 22 32 
17 75 98 59 39 14 46 33 65 37 45 32 48 26 22 70 50 33 45 79 46 7 75 21 22 79 26 48 99 69 66 50 92 32 59 37 40 35 80 39 49 28 7 76 13 45 46 42 92 47 30 29 30 87 82 70 75 10 21 86 99 60 36 42 71 8 42 1 49 92 61 88 71 51 46 46 47 30 15 92 34 51 4 62 14 22 55 26 84 78 61 76 66 92 2 16 21 58 10 88 
55 47 89 29 35 49 16 63 4 15 17 39 43 41 41 81 75 8 68 34 3 18 92 63 23 81 41 35 71 18 49 38 21 30 4 74 71 20 62 26 16 98 16 64 43 61 67 67 68 5 23 65 75 82 19 31 75 11 65 23 79 73 93 34 59 67 81 86 9 71 76 41 21 46 71 30 58 3 95 39 58 41 0 16 45 38 62 39 0 94 22 61 0 57 99 0 89 52 65 90 
36 30 9 20 9 54 51 66 5 75 25 26 23 9 13 3 80 70 96 88 60 79 96 85 11 51 42 33 12 12 4 97 5 69 63 16 11 52 60 20 27 37 41 92 85 67 45 69 44 74 51 50 27 76 10 54 22 91 52 37 8 3 50 16 58 12 92 57 72 3 70 63 64 26 50 48 12 40 79 15 97 34 41 72 47 30 53 89 72 22 11 92 95 49 23 38 70 31 69 10 
79 67 57 27 17 0 45 74 46 85 40 96 60 46 99 10 82 54 21 66 89 74 21 48 11 6 14 85 6 50 58 84 96 4 0 33 49 61 2 95 81 20 88 61 48 90 49 93 72 86 46 48 2 93 4 68 99 62 85 30 0 70 39 62 3 38 48 25 84 63 21 7 49 71 82 81 38 26 62 25 63 72 92 27 66 73 32 18 52 5 66 75 39 77 43 33 57 29 54 38 
7 44 54 81 64 21 92 53 0 99 0 45 21 51 30 16 61 92 71 70 36 19 22 80 75 72 96 61 89 65 71 33 65 18 37 94 16 57 48 29 68 99 77 42 50 94 70 23 68 8 0 42 33 24 25 56 93 8 0 17 80 3 94 26 98 55 29 98 41 29 59 84 38 72 26 3 68 7 18 39 58 63 18 87 35 5 14 44 96 83 16 45 84 29 82 24 79 2 7 20 
53 56 65 22 28 4 99 97 37 29 55 53 63 80 82 4 8 8 66 39 24 79 60 67 39 64 66 91 3 59 35 92 78 18 78 32 28 5 71 27 32 60 96 40 79 99 64 94 70 19 94 62 74 59 27 4 57 61 47 16 30 6 97 23 51 31 10 98 46 61 68 42 6 4 63 1 99 8 92 4 45 48 80 57 73 2 75 95 28 38 65 79 80 71 29 93 57 75 80 92 
24 78 68 94 54 29 10 27 38 43 77 84 71 45 8 59 41 6 38 9 90 45 92 83 70 34 22 89 18 62 9 8 96 75 4 78 52 99 30 67 9 92 56 58 30 20 4 25 27 14 45 65 23 65 71 21 11 55 85 44 41 72 53 5 93 20 28 63 20 82 83 93 55 23 13 59 82 51 23 38 9 86 8 49 85 45 52 12 40 10 14 89 75 13 40 57 40 97 80 56 
55 75 37 68 44 52 88 63 65 49 28 7 94 30 90 25 14 67 81 29 56 23 93 73 14 30 66 0 88 74 84 10 0 40 92 13 72 47 73 49 97 21 84 59 11 38 45 62 25 10 47 40 23 38 90 44 97 29 62 27 53 99 51 44 43 74 51 39 68 89 48 38 37 77 59 83 26 82 43 72 79 86 38 32 61 44 60 93 40 19 2 54 75 4 14 27 85 6 91 79 
15 76 44 25 26 56 24 58 94 86 9 38 79 39 81 21 91 43 81 20 40 41 88 88 27 69 89 95 33 26 57 60 97 90 14 79 15 98 53 21 99 54 55 53 41 13 6 76 56 61 79 99 68 97 65 62 40 22 48 59 43 64 26 99 23 21 62 12 32 39 56 96 54 6 77 48 93 80 11 93 96 64 3 7 44 61 76 28 75 44 15 39 84 42 85 36 32 87 48 39 
17 20 82 66 66 47 94 32 76 52 65 92 16 74 88 35 97 36 39 33 18 25 1 96 99 18 21 66 56 42 48 16 23 7 47 8 40 91 8 49 5 65 72 79 11 89 88 40 66 21 4 13 87 42 35 98 44 15 21 45 56 0 61 12 13 69 3 53 2 8 77 22 45 96 76 57 73 95 45 29 39 86 60 29 94 56 1 84 88 89 14 87 87 16 37 31 96 6 41 54 
46 12 78 11 98 11 52 48 54 91 52 8 12 66 31 97 9 37 3 71 42 91 64 25 65 29 14 84 90 87 23 26 28 37 39 53 86 83 18 0 3 25 57 61 62 57 13 60 2 11 97 15 98 43 35 22 39 33 17 28 93 74 7 6 58 29 11 24 5 81 56 54 64 93 60 46 40 59 70 15 1 81 26 11 24 64 30 92 79 63 53 55 49 1 62 86 14 18 64 7 
61 39 87 70 3 42 49 92 47 68 1 85 60 2 52 31 69 70 22 11 56 7 88 99 76 94 24 53 35 83 52 27 76 91 2 35 58 35 95 5 90 80 79 19 69 44 25 84 88 46 20 44 63 1 4 71 76 51 96 48 86 52 20 48 46 35 95 94 52 13 59 33 25 91 76 84 71 26 46 58 54 38 2 47 94 97 38 85 57 98 56 2 94 32 60 9 13 73 96 46 
41 37 22 60 84 93 36 77 43 48 71 44 13 95 16 67 32 64 14 34 73 65 46 8 15 85 23 54 31 32 7 52 10 15 13 13 44 15 39 50 52 62 7 75 92 65 16 72 93 80 72 77 94 7 51 77 98 18 11 72 31 76 94 60 2 39 23 60 96 79 68 78 98 64 52 91 28 93 20 60 86 82 76 91 95 84 19 14 89 87 10 91 58 33 65 41 58 50 87 10 
4 10 9 94 37 70 52 39 3 89 22 44 14 83 41 83 33 52 74 82 94 65 29 42 99 99 30 27 76 66 64 11 49 65 52 21 94 76 8 7 12 31 80 39 41 45 36 42 43 35 71 66 49 6 96 70 54 30 67 72 54 28 99 86 86 99 22 8 80 62 76 92 59 61 95 7 96 13 49 59 69 53 40 10 81 47 59 90 67 22 94 21 84 89 60 64 51 99 14 26 
8 25 27 30 29 89 30 72 98 52 88 35 35 26 75 45 82 8 17 91 27 63 93 9 48 84 95 52 89 19 62 4 80 71 91 96 49 85 59 83 63 69 81 46 78 74 13 32 4 90 60 5 69 45 21 61 28 64 43 91 91 77 32 29 98 61 14 75 91 27 20 76 4 55 43 39 9 49 53 50 28 43 58 67 70 56 69 64 32 63 29 36 93 59 65 10 58 72 97 26 
75 82 90 82 24 56 7 3 20 36 73 4 61 69 40 57 20 85 67 88 30 64 98 12 76 80 33 15 10 59 92 46 62 90 17 18 59 91 29 33 16 81 79 93 75 78 18 28 58 82 45 33 52 31 44 51 31 24 16 35 44 61 38 42 27 19 81 95 70 36 49 2 76 70 52 34 67 40 59 4 25 37 36 20 25 43 19 28 62 71 62 87 4 68 97 59 55 5 69 14 
80 11 59 85 92 81 8 7 64 30 49 20 15 32 12 29 38 98 29 91 17 1 86 74 28 51 79 53 77 16 71 67 41 20 75 35 37 28 67 79 18 11 26 17 62 53 81 95 70 75 60 62 57 62 9 29 86 61 53 51 33 84 45 33 65 15 60 44 58 57 49 74 81 29 51 43 17 46 87 15 33 35 58 2 85 30 23 72 9 4 67 86 43 9 20 52 29 32 3 11 
15 78 45 10 62 43 68 85 69 29 41 37 31 52 17 82 18 18 88 46 86 27 97 37 8 55 28 21 32 23 44 8 81 2 21 24 68 61 76 7 24 81 28 35 33 51 54 12 14 32 0 87 72 98 99 17 67 19 68 28 75 52 39 85 71 37 71 51 64 75 61 46 30 82 36 80 66 8 72 8 15 49 58 88 47 33 52 85 76 95 82 16 80 4 3 27 81 90 31 41 
13 25 25 46 45 43 85 22 50 11 93 31 37 78 99 65 51 96 21 6 68 80 76 86 69 73 2 65 16 71 39 42 71 99 29 90 75 10 3 46 74 69 59 45 42 89 96 25 93 35 22 15 18 67 27 65 90 40 86 1 94 83 38 87 54 69 49 71 71 90 17 87 81 32 31 89 36 56 90 33 0 11 95 62 51 46 83 2 53 70 28 43 78 66 67 72 11 56 17 20 
58 96 28 73 79 6 25 12 71 49 28 8 68 70 64 28 97 79 27 37 96 37 52 76 73 57 11 12 49 62 48 46 10 30 72 58 69 9 9 65 41 38 93 67 86 37 4 43 70 21 81 1 19 3 69 92 33 90 18 16 69 4 16 29 77 69 85 16 82 43 70 77 24 26 0 42 1 57 48 7 25 27 67 15 80 11 45 22 53 34 76 47 1 51 75 88 23 85 11 15 
10 91 50 51 3 12 74 28 26 20 44 27 31 55 78 90 5 84 30 71 9 57 40 62 71 85 2 51 19 14 94 12 6 53 43 96 43 66 71 9 99 68 96 20 99 56 46 31 77 64 61 18 86 92 4 72 67 4 29 55 85 29 81 54 49 8 62 96 19 51 19 95 22 23 60 42 21 86 35 97 73 38 62 52 51 37 98 50 35 23 3 44 81 96 57 83 51 22 43 6 
51 99 17 15 90 23 47 88 97 61 80 37 68 14 45 64 76 90 19 87 85 37 62 33 52 85 10 56 48 74 69 59 4 42 99 60 60 91 51 94 44 65 91 94 94 44 37 59 86 13 71 37 56 60 60 79 49 62 64 31 73 92 18 58 20 40 67 75 83 26 90 41 17 50 38 65 51 64 24 44 76 4 93 5 13 51 6 50 36 61 78 16 53 88 12 52 21 89 30 67 
39 50 97 45 89 64 70 42 28 26 40 69 58 22 27 61 15 86 32 81 89 13 18 47 9 87 0 24 75 50 64 62 5 98 96 33 7 56 35 68 44 98 10 23 53 58 83 93 54 93 49 52 61 82 14 47 92 63 14 3 57 81 49 44 48 50 26 70 95 36 16 48 48 97 41 4 96 42 10 49 10 44 95 84 20 95 39 32 46 9 6 88 23 75 0 59 32 42 53 32 
25 17 71 9 46 85 31 16 95 97 28 31 64 63 56 37 4 50 97 43 43 97 15 24 5 57 6 36 17 18 55 29 14 80 54 4 45 47 26 6 74 79 89 70 55 90 9 46 39 42 31 44 52 16 66 91 84 81 55 1 24 79 33 20 21 67 62 8 74 44 32 23 2 12 16 84 84 13 46 20 56 27 55 86 68 4 39 44 83 37 39 2 68 67 43 99 86 20 91 86 
95 22 67 31 58 16 74 50 14 68 83 6 32 1 83 50 83 15 66 16 2 79 54 43 25 79 92 35 58 13 8 97 27 75 40 61 63 11 23 67 69 8 87 97 57 52 68 71 14 15 63 74 22 61 32 87 0 23 74 39 64 88 19 87 54 81 46 21 88 85 99 27 33 67 44 21 33 5 66 74 8 26 2 67 66 34 8 86 60 96 35 60 80 52 94 93 52 98 67 61 
13 23 70 12 23 31 28 81 4 82 33 10 73 79 74 11 70 49 87 17 34 68 76 57 54 40 78 45 62 1 37 66 94 39 44 91 78 30 0 25 93 36 32 20 82 58 56 65 14 24 77 48 8 1 17 63 51 58 19 63 52 14 9 71 68 86 64 31 2 14 72 70 68 56 60 0 93 58 12 29 91 6 90 70 68 97 98 81 11 77 97 22 48 77 91 41 18 45 7 50 
28 13 43 76 9 92 86 41 73 97 94 12 72 79 5 32 25 46 10 28 52 97 31 91 8 41 75 91 68 62 93 92 15 41 35 78 77 98 80 87 3 2 38 26 70 55 8 73 88 87 66 88 4 86 47 26 15 48 44 71 23 51 38 58 15 93 18 81 3 56 82 76 69 17 67 62 12 14 85 90 92 72 34 24 10 44 67 10 86 50 95 5 98 58 98 76 12 13 53 1 
71 16 38 33 46 6 90 81 70 0 61 70 97 68 98 69 90 4 88 15 23 13 17 94 85 61 64 57 51 60 16 61 6 93 26 45 75 9 71 18 24 58 96 58 32 29 30 34 41 28 74 70 1 90 79 78 25 3 33 46 3 44 74 53 10 98 63 18 18 19 26 86 39 62 17 90 79 86 22 68 6 81 60 63 81 45 44 36 32 92 37 70 69 56 13 86 34 49 69 52 
41 10 23 69 50 89 62 89 89 55 53 94 6 91 20 5 21 62 91 25 37 4 8 18 44 68 3 0 3 89 0 4 32 71 85 90 41 80 97 8 35 37 52 77 7 55 24 97 44 6 15 4 9 10 86 2 16 5 69 46 23 94 84 54 41 43 22 81 77 73 95 18 23 74 39 88 51 31 53 99 62 87 5 78 2 52 10 57 37 69 55 85 9 8 80 5 83 12 60 83 
61 42 0 84 84 63 18 72 30 13 87 26 20 71 65 23 43 34 26 75 88 49 93 48 90 39 58 86 95 48 16 76 13 89 24 29 10 84 13 17 74 92 10 18 89 0 19 22 41 58 12 10 8 45 98 8 36 63 16 16 14 37 89 48 62 52 46 98 26 98 99 82 97 23 73 40 69 68 79 67 78 29 53 99 65 78 44 13 2 52 27 36 37 13 37 25 15 34 56 26 
79 11 9 0 86 64 69 12 53 18 76 87 20 47 36 76 60 14 85 50 45 79 34 49 56 95 66 78 92 66 4 42 13 16 27 14 46 38 58 81 64 73 28 58 75 80 51 29 48 35 98 79 75 14 47 76 57 78 69 81 90 86 19 62 37 22 21 37 20 97 68 16 18 43 73 91 62 29 24 70 49 7 47 37 75 62 48 1 54 48 94 50 84 89 93 61 82 16 15 61 
64 61 67 8 27 47 32 7 45 56 85 70 80 44 15 36 9 92 54 95 22 0 9 78 94 43 57 4 44 5 85 81 51 82 23 78 0 93 84 65 0 95 64 89 16 9 4 55 86 2 21 18 2 14 34 29 84 76 13 82 48 75 26 33 91 12 7 97 4 1 59 2 48 40 65 80 61 13 4 87 57 98 37 28 89 18 8 6 67 84 31 72 45 97 55 30 11 99 64 66 
68 71 7 26 88 89 62 83 16 18 56 32 86 75 98 30 79 88 24 90 94 63 84 82 15 23 40 24 80 59 38 73 51 59 97 52 96 33 93 65 72 99 56 25 18 32 99 63 60 52 31 32 66 74 84 3 99 53 37 6 80 40 77 97 69 29 53 5 28 67 8 15 53 84 87 46 36 35 41 49 81 19 90 29 93 75 42 87 99 71 53 9 70 22 1 11 6 65 83 80 
49 85 17 48 75 13 83 84 8 11 28 72 21 11 24 13 97 91 76 79 82 9 86 40 86 86 61 38 3 68 83 18 6 42 41 1 83 74 66 31 10 56 64 37 20 69 4 59 14 15 4 11 37 83 82 80 13 6 86 35 31 48 68 94 20 30 99 2 52 43 9 22 63 98 61 76 11 82 89 16 18 33 51 6 54 53 74 85 78 28 0 73 86 39 7 97 58 37 17 38 
47 72 76 66 66 97 62 8 57 88 24 7 3 71 41 45 80 35 86 82 17 94 3 21 97 83 56 86 0 19 21 17 66 66 79 78 32 77 84 46 83 73 41 28 69 79 70 67 91 21 57 76 83 46 95 67 51 78 23 26 2 96 76 40 0 75 85 15 48 30 47 57 71 39 24 85 62 47 69 33 60 24 81 74 35 90 43 94 64 30 68 29 69 20 82 99 66 4 16 41 
82 44 71 70 71 72 44 88 72 26 76 99 54 2 72 29 81 68 92 38 81 69 6 38 44 44 75 41 46 2 78 59 46 12 48 64 90 3 95 21 70 99 93 72 33 97 31 32 6 15 83 97 73 34 38 46 20 50 62 39 15 67 64 13 65 84 73 84 33 83 83 45 69 52 29 20 86 31 42 80 36 71 61 20 40 49 84 48 99 55 53 89 41 17 22 92 38 49 12 26 
95 78 9 60 60 0 96 69 64 14 81 80 50 36 45 54 47 53 20 13 63 76 26 10 92 15 15 20 13 28 63 45 36 67 88 73 15 23 41 32 79 64 71 13 61 82 18 97 80 68 38 20 72 91 98 46 25 72 1 32 47 67 67 86 45 78 58 64 47 37 14 20 72 87 61 99 71 41 71 41 62 65 86 54 28 82 89 66 64 18 14 33 11 56 28 88 68 59 42 91 
50 18 37 91 78 70 15 97 19 13 29 67 34 96 27 7 81 59 18 62 87 64 83 7 17 73 25 76 52 2 83 79 94 14 99 1 25 81 53 44 26 98 20 83 74 97 18 10 59 68 47 49 76 38 52 41 26 68 72 69 34 83 10 67 31 34 28 27 74 4 47 83 22 92 44 16 49 85 63 3 96 20 2 36 66 12 52 63 73 88 83 8 80 95 7 65 20 20 87 72 
75 39 21 95 17 28 69 86 91 58 90 36 14 55 16 82 94 14 37 46 74 13 47 92 85 12 9 89 33 81 42 30 79 2 86 3 67 64 30 75 25 33 74 62 36 81 57 80 19 48 77 34 89 55 20 10 5 23 38 0 86 94 63 14 91 57 75 8 34 97 72 80 6 43 85 76 39 6 61 5 97 38 29 42 23 90 93 78 93 1 36 62 44 93 55 67 17 84 72 45 
32 56 3 96 46 30 5 48 38 2 71 94 80 20 41 63 91 62 64 31 92 32 32 14 10 56 94 50 56 47 81 27 81 63 7 37 58 60 75 86 29 41 96 7 49 50 73 64 90 47 31 98 10 22 74 37 4 49 28 90 0 23 94 42 15 12 32 11 45 75 51 75 52 59 17 59 11 97 44 50 91 85 95 98 84 89 98 18 23 78 68 61 6 38 86 81 12 26 97 83 
39 37 12 7 60 92 51 27 66 11 60 69 10 48 96 40 9 67 23 18 38 10 36 67 21 69 22 45 96 61 96 73 37 52 56 45 16 76 85 74 79 62 7 8 43 44 10 91 77 38 91 40 5 48 86 37 57 77 18 9 33 4 87 92 58 50 33 29 60 11 10 57 77 28 98 95 31 78 44 8 9 72 64 25 52 58 43 87 55 64 46 22 37 13 31 13 54 34 80 73 
81 98 49 19 76 11 61 67 25 84 51 39 84 80 87 25 88 39 66 92 14 56 94 40 31 3 63 91 38 60 57 95 42 99 67 1 29 57 47 32 21 99 80 23 78 62 96 95 68 55 89 17 30 92 38 26 84 62 53 15 81 68 72 23 52 16 96 95 75 64 26 41 28 92 84 89 63 62 42 68 57 38 78 85 60 91 41 16 11 74 39 89 19 10 20 94 97 7 40 84 
86 43 84 51 65 30 22 56 72 8 35 15 62 48 71 9 23 23 52 55 68 55 62 80 48 58 23 47 11 38 35 13 63 54 34 94 96 76 53 37 64 12 97 81 7 49 6 60 63 75 7 63 59 53 70 8 93 28 11 99 37 36 24 45 65 40 68 41 30 32 8 95 28 34 45 53 88 2 95 99 24 47 94 63 1 85 43 90 73 88 45 42 64 92 20 73 80 27 37 4 
86 93 88 27 46 14 43 92 86 97 20 78 75 55 88 56 17 61 65 94 69 22 65 71 91 0 3 8 92 58 75 40 32 23 61 44 64 45 11 65 88 27 60 40 79 99 19 49 11 62 59 47 55 95 66 91 62 19 57 55 14 21 36 73 8 49 67 23 22 65 20 13 62 17 70 50 97 59 33 91 36 65 82 2 69 53 65 81 2 37 6 77 17 89 97 70 71 1 50 92 
87 63 63 52 85 21 39 99 48 67 99 34 15 48 62 66 11 61 99 94 41 78 6 59 38 16 50 76 20 70 21 6 55 12 84 5 48 97 27 36 80 99 37 9 88 53 31 8 71 32 86 90 30 62 16 45 71 39 11 38 32 48 30 42 82 30 83 69 51 31 62 96 5 20 54 17 72 54 53 84 71 24 71 0 54 45 1 66 74 78 11 81 98 28 95 3 21 19 12 47 
43 77 75 12 60 72 80 69 62 61 67 73 63 51 45 68 19 11 29 83 67 34 8 33 82 64 4 14 18 66 7 52 79 54 3 67 12 80 93 81 30 77 47 80 21 36 26 7 4 13 68 7 28 25 72 33 32 13 83 94 16 34 91 67 95 45 51 75 89 89 26 15 29 74 35 36 19 87 12 41 65 33 93 47 35 49 32 57 5 95 27 48 84 77 45 21 72 68 25 65 
12 86 67 65 54 23 44 58 92 95 92 65 75 56 14 98 24 88 0 94 68 99 99 76 20 22 97 78 68 38 37 31 0 78 56 39 77 62 57 89 33 34 74 84 13 63 41 45 57 8 75 36 1 75 36 65 15 53 67 45 90 71 69 57 97 55 16 50 18 58 28 98 33 91 50 74 71 68 59 36 64 20 79 82 29 9 6 28 94 30 55 39 47 79 71 46 12 52 64 86 
10 79 11 76 44 2 99 54 54 85 20 34 65 19 14 73 87 51 85 0 68 33 52 47 37 42 64 63 12 24 96 6 24 58 32 36 78 55 90 48 77 25 11 67 74 51 9 25 23 51 48 78 49 22 35 30 95 73 5 28 61 73 0 78 49 93 53 54 44 18 44 57 68 99 26 85 69 7 40 25 30 24 45 77 9 73 68 59 38 46 19 52 15 50 12 48 15 49 38 89 
9 7 95 53 64 85 59 93 57 31 74 37 11 49 90 6 49 78 99 79 92 38 73 71 95 55 60 30 1 90 25 98 6 91 39 19 48 90 43 22 3 47 97 30 14 40 36 65 28 46 96 6 31 93 97 42 16 36 19 80 56 45 48 56 25 16 90 40 16 90 10 94 69 95 79 48 67 76 75 9 71 31 50 31 39 84 29 85 87 57 22 31 18 8 85 0 57 15 10 79 
72 25 67 85 14 63 77 42 7 33 30 86 60 6 3 54 10 49 39 71 11 34 21 86 26 73 78 21 11 1 20 73 69 67 20 0 51 23 71 5 17 55 67 65 77 28 81 80 50 30 72 65 52 28 52 58 4 30 75 36 1 0 24 97 34 20 79 31 30 96 57 68 58 50 48 10 94 95 69 25 79 93 39 22 38 49 75 67 21 9 94 16 98 94 14 68 76 24 61 61 
58 84 86 72 69 26 78 72 13 65 98 40 23 80 90 87 26 26 97 72 84 96 54 31 66 42 34 46 46 11 46 99 35 72 28 65 2 24 93 60 64 69 94 22 60 90 43 32 95 68 83 74 85 49 46 62 33 83 15 26 40 53 90 8 26 93 41 98 17 82 37 42 6 58 27 39 41 91 51 48 25 33 85 80 92 23 63 91 24 79 43 49 34 83 81 45 58 97 34 67 
55 37 53 73 60 98 26 66 63 82 74 19 89 63 71 75 18 38 1 22 87 37 20 94 13 31 78 89 15 50 71 9 67 94 91 69 5 4 39 19 1 65 40 55 54 44 97 79 86 14 60 78 68 9 71 14 76 66 14 9 46 99 67 0 85 87 65 35 17 40 66 23 43 3 13 85 48 18 75 55 65 35 75 80 73 71 39 72 31 17 17 1 94 71 92 23 14 86 0 67 
1 50 27 78 85 60 60 36 96 4 64 7 2 21 20 68 37 75 22 33 67 14 27 16 31 48 36 35 9 57 83 52 55 66 29 51 40 32 18 86 81 5 49 80 89 20 69 5 25 89 34 9 47 19 80 94 54 57 40 36 98 66 44 67 74 28 98 59 59 80 95 3 51 75 66 94 94 16 35 15 91 1 80 47 15 27 51 37 25 74 68 29 26 43 45 11 79 32 12 85 
11 98 67 52 14 13 35 4 2 21 65 11 90 43 16 4 96 98 21 98 67 23 99 26 80 22 88 45 20 86 39 58 71 79 14 17 39 3 99 47 36 16 13 97 3 31 18 11 53 23 2 28 61 80 71 16 56 98 7 85 8 47 65 78 63 15 19 73 25 77 52 94 0 47 97 68 4 33 14 41 30 60 14 29 21 69 70 27 99 31 74 34 83 53 29 20 19 63 4 52 
29 83 76 94 79 91 79 73 64 62 19 69 19 68 77 97 18 94 5 90 63 17 35 92 14 29 22 0 52 45 87 16 6 86 40 67 32 61 49 24 15 80 70 16 53 67 14 17 88 11 4 50 83 48 1 44 60 12 89 8 17 19 97 6 4 96 96 44 64 95 8 84 82 1 55 41 11 13 23 33 28 56 47 54 68 84 87 38 81 20 62 5 50 3 29 33 67 42 19 26 
25 39 19 45 88 83 82 13 18 26 30 44 93 82 1 59 40 81 78 73 62 91 93 98 32 19 81 55 0 0 3 56 77 32 24 88 49 8 79 40 40 27 72 42 4 91 88 96 34 95 98 10 82 76 53 29 17 18 55 60 2 99 62 86 27 77 25 17 42 31 93 33 92 98 16 9 39 33 46 3 94 19 70 65 17 74 32 18 44 84 24 57 1 77 29 74 24 16 3 95 
38 27 25 85 99 24 4 83 76 74 4 57 13 3 24 13 36 35 76 58 58 68 28 50 54 28 92 18 67 20 34 7 73 54 31 91 63 89 78 92 51 96 74 44 90 68 90 18 38 58 14 48 85 20 11 26 76 22 55 90 60 89 70 28 7 19 83 20 99 42 51 93 26 61 55 24 73 3 1 1 47 55 30 30 96 87 57 38 47 49 45 71 23 27 94 95 65 74 41 51 
31 61 7 93 31 19 1 96 19 22 65 10 51 90 95 17 72 49 45 21 76 48 75 81 53 34 0 31 98 59 21 1 0 28 62 62 17 97 18 69 31 11 86 12 67 7 31 63 40 18 0 76 62 35 77 15 93 10 42 85 19 26 86 30 85 22 8 25 37 39 63 91 89 85 8 4 38 66 16 68 68 75 10 86 69 13 71 5 96 55 17 29 35 75 57 37 14 86 68 64 
98 4 84 48 86 59 46 1 69 79 11 64 76 94 71 0 21 36 61 65 57 66 57 58 50 26 74 94 59 98 72 87 8 2 76 7 25 15 49 12 27 70 0 30 89 52 43 50 39 35 7 8 56 37 29 29 92 12 97 82 69 65 82 90 32 24 29 34 90 64 37 5 72 79 18 50 14 57 61 95 70 58 52 25 77 1 7 49 22 79 69 25 40 31 2 59 32 42 77 42 
38 18 66 99 28 31 23 81 99 86 94 88 23 6 61 14 89 51 97 23 27 92 92 15 42 0 2 77 98 49 13 14 75 89 96 10 12 96 21 91 9 41 83 32 69 89 86 11 67 13 76 42 87 0 16 22 61 80 57 42 50 11 81 43 52 85 22 76 71 64 73 51 15 64 1 60 4 72 99 65 67 49 60 55 15 29 46 57 60 7 10 82 31 85 45 28 94 50 77 22 
77 69 31 42 1 25 95 27 92 31 88 60 22 13 96 2 78 93 74 70 12 53 42 15 49 39 56 42 75 24 30 39 67 33 27 83 0 26 80 46 18 95 32 55 11 67 42 82 12 50 11 49 35 54 37 14 72 58 52 64 46 79 18 64 4 54 16 71 15 38 75 85 1 6 28 87 22 30 20 47 10 10 23 64 59 78 15 78 1 76 87 83 67 23 84 0 12 18 40 73 
2 61 1 39 49 21 92 95 91 57 55 79 95 96 92 84 60 26 31 60 91 11 74 27 47 93 7 37 11 56 25 66 58 26 50 56 71 49 28 28 63 70 11 43 15 84 91 56 56 64 47 43 30 57 9 99 37 91 66 23 18 52 52 66 21 3 50 81 66 13 92 10 30 56 88 38 18 29 8 33 14 89 57 61 99 32 7 40 65 55 46 63 73 66 89 64 50 87 97 78 
30 16 28 68 26 67 53 10 77 69 55 78 39 34 94 10 41 31 38 69 76 51 35 21 46 14 55 56 6 10 94 2 20 48 63 74 65 51 16 67 28 91 95 89 88 62 94 7 60 97 92 75 53 81 57 48 39 56 92 84 67 68 42 34 87 44 14 73 6 28 15 10 29 31 78 78 26 32 96 60 56 96 10 57 60 43 39 89 43 36 90 89 20 22 85 78 79 56 49 17 
85 11 31 59 10 10 6 26 97 10 42 4 22 99 88 20 42 3 11 11 46 46 98 62 65 98 31 61 36 52 92 97 83 82 12 29 86 26 36 57 55 19 10 92 82 2 73 44 82 24 7 39 69 98 80 61 79 89 60 3 27 16 50 46 27 22 41 56 41 28 44 34 66 18 81 7 82 45 71 16 48 70 96 57 51 12 56 86 85 55 55 45 19 12 85 39 54 7 76 2 
