48 84 25 62 9 33 75 54 72 84 32 61 17 1 50 36 37 65 65 14 16 53 37 87 1 56 11 89 78 86 39 48 46 7 29 20 41 55 44 93 55 59 33 82 8 13 80 40 89 43 32 93 82 5 26 20 95 44 97 52 29 65 59 9 31 27 90 61 61 4 79 43 67 90 2 20 89 98 32 59 41 52 70 46 9 1 18 93 52 88 63 55 79 22 32 47 64 90 97 77 
81 36 9 80 37 50 19 58 4 16 88 66 81 10 8 2 65 27 5 41 77 84 16 2 42 0 25 86 68 22 58 35 25 39 98 73 56 21 51 85 42 55 65 68 95 55 1 0 60 37 55 61 80 77 18 3 48 2 44 75 55 1 0 43 30 98 10 46 9 40 88 32 70 75 87 54 29 69 84 17 88 50 67 41 24 89 15 75 36 70 27 50 74 53 41 50 75 63 85 78 
10 92 32 4 0 96 78 11 59 22 16 4 16 18 82 56 37 98 8 77 59 43 19 42 60 20 11 44 85 55 95 78 69 7 80 45 89 7 33 77 55 61 74 22 93 89 8 7 76 26 49 39 76 25 64 68 49 25 67 56 94 87 15 6 54 3 76 6 40 94 50 84 79 18 90 39 10 46 21 53 92 15 46 1 31 16 14 71 70 40 81 55 20 9 26 17 63 43 55 84 
30 42 63 21 94 73 12 58 3 39 68 6 29 51 22 76 41 88 53 88 10 21 81 85 87 3 44 19 58 70 3 74 85 72 77 0 85 90 12 64 20 79 71 12 96 40 26 20 36 41 36 75 57 4 46 64 65 79 53 17 90 18 58 53 75 67 31 24 35 13 45 76 90 15 12 61 91 33 91 92 27 39 24 79 55 41 77 19 4 51 77 35 44 62 13 36 47 6 71 22 
20 2 88 59 16 21 84 77 49 2 66 92 63 18 45 8 81 4 27 48 64 97 7 20 63 94 80 44 26 75 75 42 12 1 5 80 47 10 47 37 91 95 26 34 46 6 31 23 2 73 34 92 83 59 4 49 19 58 91 73 83 85 61 94 80 2 12 84 10 58 65 77 39 80 62 95 83 35 49 80 83 84 58 30 11 48 0 49 12 78 97 94 66 83 15 77 15 45 77 54 
45 42 69 88 4 5 17 38 62 66 5 22 14 86 13 51 75 36 31 77 39 26 3 16 36 47 93 13 9 55 55 52 0 64 96 54 99 2 24 89 16 61 73 18 85 73 29 50 16 99 1 45 19 94 1 58 96 24 89 51 47 2 24 39 40 69 18 49 90 83 35 88 88 14 30 91 44 94 91 96 17 41 49 20 41 50 35 45 62 86 97 94 72 7 10 57 36 94 47 70 
80 80 86 80 34 83 92 94 65 46 7 0 6 34 21 94 16 50 37 76 30 45 51 2 60 75 62 86 40 42 59 40 26 70 69 53 87 62 7 99 22 4 65 43 59 82 63 20 16 95 55 24 73 42 85 29 12 25 15 45 49 84 37 69 18 11 59 98 26 38 30 37 47 95 45 53 61 21 92 6 13 71 28 68 74 15 4 17 59 88 91 31 69 22 67 61 71 48 89 84 
39 34 50 61 66 97 78 93 7 19 96 15 36 12 13 65 94 69 51 66 25 86 28 12 87 91 35 77 29 6 8 18 95 76 95 86 69 33 82 68 5 77 62 36 44 0 86 43 7 44 4 1 31 14 91 95 0 23 34 1 1 59 85 49 72 47 61 45 7 10 59 25 44 61 19 49 89 33 43 1 99 77 77 69 56 24 92 0 50 85 92 72 18 29 79 32 29 67 80 33 
25 18 2 85 87 69 96 56 88 25 67 52 66 34 87 76 12 75 63 48 56 7 72 59 44 87 97 64 67 24 56 67 62 28 18 7 42 99 91 88 48 74 96 11 14 21 90 15 67 17 28 39 51 88 44 49 67 56 2 17 68 66 60 54 54 28 41 60 98 49 40 59 9 91 84 71 65 0 42 76 22 77 90 76 10 57 42 23 8 70 43 34 87 77 69 27 97 54 85 88 
18 77 17 46 35 36 40 59 83 41 3 35 36 0 11 40 89 40 43 16 47 84 24 0 65 41 59 74 16 90 87 38 82 49 28 48 55 52 28 52 74 75 4 60 66 44 69 50 52 66 87 93 22 30 65 74 44 2 82 42 62 37 3 66 43 88 87 22 56 33 28 26 28 29 78 42 59 50 96 99 12 27 89 70 39 92 9 89 90 45 86 36 84 13 9 38 68 54 8 15 
23 86 7 36 8 37 29 97 63 78 14 23 24 48 67 90 61 2 50 52 3 44 62 47 88 47 1 91 1 38 40 64 67 35 90 75 27 58 29 30 14 1 62 61 20 87 71 54 81 8 70 44 33 12 31 96 48 23 94 4 99 98 74 32 28 85 49 78 4 88 54 41 17 73 95 97 13 33 26 49 17 74 70 21 74 62 25 90 60 2 89 63 28 89 0 4 6 22 80 54 
71 19 83 81 31 99 94 21 94 43 56 60 55 12 70 42 66 33 72 98 19 98 10 60 3 67 44 56 98 19 63 50 8 43 33 63 48 32 91 94 95 4 57 22 3 51 13 79 23 0 40 39 76 5 97 96 45 17 3 55 63 28 66 91 36 84 88 22 53 75 70 55 97 67 28 0 32 33 57 10 7 73 64 99 18 66 46 47 92 93 13 94 17 50 8 40 90 99 36 51 
61 11 34 49 59 86 39 46 42 51 84 48 94 23 54 79 86 72 36 24 87 12 10 84 9 3 30 34 15 78 5 65 44 10 45 27 81 12 92 35 29 82 27 88 98 53 84 9 54 1 36 20 90 58 65 34 14 85 92 21 33 6 86 9 7 19 9 83 44 29 96 3 14 80 6 60 17 37 35 41 22 8 67 62 6 84 24 71 68 46 42 16 14 40 13 43 80 1 59 49 
74 84 31 75 80 87 61 4 58 10 22 86 52 65 2 23 46 68 97 16 36 16 43 48 6 30 52 58 58 6 79 98 42 27 8 99 75 58 83 33 6 40 67 77 34 28 68 10 38 92 69 81 45 74 17 48 95 62 8 66 26 97 4 14 61 37 13 82 71 96 53 35 92 63 88 38 19 1 12 44 51 2 24 33 15 15 70 93 55 18 21 37 34 18 28 16 25 63 0 85 
37 55 72 69 56 43 14 52 88 36 33 16 36 12 17 29 95 85 59 62 66 16 2 64 93 61 89 69 5 79 26 32 37 70 21 71 86 80 73 91 47 69 52 60 17 64 42 20 64 43 64 44 18 2 65 66 40 7 52 41 49 30 83 30 93 25 75 19 15 39 29 84 66 16 41 13 35 36 25 47 58 65 17 71 17 26 92 17 41 42 1 74 54 60 2 51 95 20 25 26 
82 50 18 87 77 45 60 25 5 3 67 37 45 7 69 42 10 99 4 49 26 11 3 55 91 10 85 52 54 39 82 51 43 6 11 7 3 5 20 84 55 41 0 15 22 77 25 38 26 33 57 87 51 70 48 42 9 54 30 85 47 78 79 24 31 40 81 49 0 90 55 17 25 54 96 56 76 31 77 74 0 72 42 75 98 24 78 0 70 33 14 89 44 17 0 49 57 6 8 5 
80 17 83 93 32 18 30 65 28 73 69 11 16 60 25 20 49 59 22 0 48 84 77 61 11 53 81 39 73 2 72 22 88 15 41 24 71 1 12 66 52 92 65 12 2 5 68 15 44 81 28 58 95 78 99 25 8 96 82 82 16 50 57 76 63 26 21 93 51 75 88 78 95 86 17 86 31 15 8 11 49 40 64 28 73 86 95 55 90 7 78 1 29 76 82 96 69 44 2 88 
23 44 43 42 22 44 92 12 86 62 85 21 98 6 49 36 56 42 51 94 73 31 66 33 36 99 5 38 35 80 14 79 83 40 96 21 99 99 83 11 64 87 71 8 47 94 29 86 63 49 53 64 33 22 99 17 70 11 52 13 16 57 43 67 39 68 73 72 81 65 34 79 35 92 13 65 82 72 26 19 59 39 94 18 79 58 42 38 78 63 52 58 28 49 58 34 12 22 96 6 
92 76 5 51 53 50 24 40 53 19 25 87 51 12 1 95 10 25 90 15 84 45 72 32 51 79 83 68 65 72 98 96 44 79 15 36 50 62 57 4 67 1 90 77 27 63 8 64 22 97 82 13 56 72 82 20 26 51 30 61 74 80 43 34 82 69 66 85 28 94 98 85 97 29 76 57 19 95 45 44 71 61 49 4 75 64 20 61 52 53 26 48 60 76 35 71 10 60 48 87 
45 84 3 73 6 99 57 65 68 65 18 84 78 20 40 95 32 70 95 56 62 21 57 5 22 54 10 83 58 11 34 9 97 95 70 41 22 55 23 10 97 70 1 87 87 92 91 75 32 4 19 93 43 39 57 81 4 44 79 4 56 66 88 88 58 58 25 60 33 90 23 83 39 70 3 14 40 80 22 35 53 15 8 51 51 43 51 0 59 5 19 87 91 17 26 72 50 7 69 20 
92 78 57 42 36 25 3 53 7 32 76 8 26 51 46 35 30 50 47 25 21 97 47 83 16 72 15 12 4 1 74 69 6 44 9 87 79 60 55 75 51 48 15 33 84 89 20 72 25 22 40 61 37 75 44 94 6 87 76 37 97 4 44 16 51 28 50 27 65 33 73 16 32 8 21 59 77 7 23 79 39 8 48 87 60 65 1 16 69 2 85 46 84 76 55 89 60 19 9 46 
44 66 50 34 3 45 59 74 0 51 16 67 68 73 37 56 92 90 41 34 5 5 70 84 97 45 54 11 28 87 95 31 35 81 78 74 15 1 53 73 25 27 60 69 9 27 64 60 12 70 91 92 79 32 11 30 80 67 23 91 47 54 73 47 74 0 85 11 9 5 42 24 1 45 26 73 81 0 69 66 77 26 48 89 14 4 8 77 58 34 80 0 70 86 30 97 41 41 70 3 
23 69 88 41 22 11 17 94 0 66 47 14 21 44 80 18 94 19 16 52 62 70 82 95 8 37 37 26 61 58 34 6 60 86 69 5 31 99 36 4 11 87 80 89 26 41 23 58 68 99 40 96 73 63 84 95 69 6 49 53 2 34 18 29 77 62 54 75 9 48 64 65 85 2 34 11 84 69 16 50 11 6 76 85 45 70 84 73 26 8 11 71 78 21 28 40 31 23 63 48 
22 26 13 94 58 35 98 75 62 45 5 89 59 90 68 6 17 41 12 93 74 9 55 12 47 99 40 30 75 7 68 99 73 5 31 38 22 94 12 22 76 15 32 28 45 81 51 84 98 30 1 78 73 24 97 51 80 52 72 48 53 4 60 74 51 53 37 95 70 30 36 91 50 97 82 79 60 61 11 86 82 87 91 41 43 13 9 1 58 24 6 1 3 17 88 25 19 70 56 89 
53 85 17 71 57 33 75 9 92 89 18 21 3 66 22 49 1 56 78 85 8 63 64 50 31 66 85 82 17 56 45 5 84 43 20 86 12 5 62 42 90 45 33 68 44 45 37 99 90 13 81 32 34 13 68 50 96 18 32 10 65 11 66 79 2 38 34 35 7 88 41 64 33 52 68 84 94 10 50 74 83 60 50 45 52 18 78 46 27 27 72 56 64 31 51 42 79 87 97 59 
82 61 2 12 57 56 55 97 27 72 43 15 11 58 65 1 91 22 92 74 7 92 96 65 53 81 2 46 43 26 1 37 86 66 46 85 98 80 45 46 23 11 5 89 70 77 98 83 86 66 77 57 84 29 47 32 88 23 89 5 87 67 60 58 46 10 73 37 17 64 43 72 8 39 56 17 16 10 68 84 57 88 0 48 2 35 26 51 2 50 90 52 66 79 4 49 71 33 54 12 
69 97 41 62 88 67 92 83 34 94 85 4 33 66 2 18 30 56 81 94 38 59 11 46 28 36 55 15 76 43 31 79 7 49 15 73 46 37 72 54 35 51 79 46 85 2 59 0 99 89 52 74 52 72 68 37 82 4 47 31 57 8 14 66 9 9 65 4 43 61 97 27 27 19 63 59 65 34 14 81 6 78 95 11 9 83 47 97 99 93 40 14 22 68 84 88 17 45 7 96 
49 9 35 85 79 80 4 62 38 32 21 74 1 52 21 96 56 15 67 59 11 97 48 56 88 23 57 21 67 10 44 28 50 90 26 41 22 72 28 52 75 98 26 83 38 85 59 66 13 23 83 43 15 59 65 88 86 46 53 63 53 70 33 21 42 8 10 58 44 78 37 97 64 35 54 99 93 2 30 92 85 97 56 28 98 34 77 83 25 99 64 68 37 7 86 39 32 4 66 29 
2 61 97 71 34 7 29 6 4 12 99 27 15 24 50 51 44 32 22 52 23 83 13 84 39 87 31 81 36 12 8 70 42 7 18 93 27 82 79 81 41 2 25 90 27 24 97 35 66 76 89 84 78 99 97 12 37 92 83 92 18 1 54 48 7 43 68 85 66 56 68 56 32 79 51 46 25 81 32 69 3 2 21 38 34 41 84 15 77 49 16 87 87 40 25 64 34 49 1 12 
12 61 63 87 99 97 72 99 54 79 29 57 23 98 84 83 9 43 42 11 63 5 48 59 94 63 77 1 89 21 91 13 43 25 69 84 96 91 37 92 41 70 30 98 54 0 92 63 37 95 75 73 25 54 56 71 71 36 5 72 99 35 64 1 14 76 58 22 34 49 14 10 55 34 12 16 25 60 50 57 62 63 26 35 93 71 36 96 26 90 6 8 53 19 98 27 57 10 10 59 
22 3 95 80 11 20 58 56 51 46 46 57 70 38 40 21 54 84 4 14 48 21 81 38 65 14 93 20 17 51 1 15 31 37 51 35 33 74 54 22 48 6 24 61 63 12 65 10 61 33 59 76 1 60 64 41 17 10 71 80 81 92 50 99 89 83 80 14 61 9 87 9 57 9 12 38 84 45 53 75 88 74 58 79 59 37 28 26 13 80 67 14 86 55 43 11 56 89 96 98 
76 70 80 34 49 65 25 3 58 56 24 76 46 47 9 54 48 11 84 89 88 49 8 6 6 34 34 42 21 19 32 11 73 31 30 40 57 40 32 6 84 39 69 0 32 72 72 78 31 74 78 49 2 51 39 45 67 79 52 37 31 85 44 12 56 38 65 60 71 44 89 7 74 14 18 87 12 22 95 66 21 86 24 87 15 8 60 95 37 48 88 4 31 15 71 37 42 97 20 18 
81 7 4 75 20 67 97 43 41 47 46 43 72 71 75 2 12 22 19 91 94 59 12 37 55 54 43 0 94 50 33 93 71 71 37 82 55 19 43 85 7 48 44 4 18 54 87 23 39 79 23 14 96 98 90 23 41 60 38 46 16 36 42 58 15 62 71 11 62 86 23 68 55 46 62 54 7 21 84 65 71 10 30 16 14 84 95 4 49 75 57 38 60 59 60 40 87 23 71 50 
30 20 47 93 28 3 96 5 26 29 93 37 45 98 82 20 93 65 67 17 65 89 52 5 23 90 63 60 22 41 94 97 29 38 89 91 62 69 58 76 11 63 79 35 91 9 12 94 60 25 18 17 43 8 99 54 45 67 3 93 81 58 77 54 73 54 63 16 22 75 79 92 42 9 46 82 36 90 68 47 51 44 96 21 95 22 21 99 44 89 99 8 87 29 51 65 58 82 51 44 
35 0 49 88 44 53 94 23 69 37 89 91 46 70 84 0 59 1 31 24 18 60 73 28 92 90 27 15 82 36 37 44 21 6 70 37 52 9 67 61 69 94 97 81 74 83 35 87 5 32 30 95 74 44 83 2 8 93 72 31 99 62 79 8 29 72 3 54 14 31 41 25 48 89 2 82 38 59 9 1 64 15 35 41 0 42 58 70 44 42 71 10 0 3 35 51 37 22 60 28 
23 98 95 98 10 98 33 61 55 10 98 19 25 70 53 76 93 16 30 27 35 54 0 28 90 34 67 14 84 0 73 55 13 21 14 21 56 45 42 63 83 44 66 45 43 29 75 48 96 63 34 62 46 27 15 96 20 1 5 60 3 30 25 38 3 86 82 62 81 75 60 40 64 6 76 2 30 8 12 81 98 48 76 82 35 10 63 71 50 11 18 10 88 52 89 54 18 0 59 8 
74 74 81 15 14 34 70 74 30 39 29 70 29 29 62 92 88 36 10 80 21 36 9 44 30 54 57 54 28 7 1 7 53 48 43 52 96 2 82 71 80 34 78 23 67 35 37 83 89 83 6 60 15 16 88 29 13 76 73 99 52 87 71 96 96 19 11 29 46 80 57 87 11 89 63 17 36 91 81 72 12 80 92 87 63 55 65 25 18 70 1 84 83 12 70 71 79 56 65 87 
52 42 6 78 84 17 8 40 66 56 77 98 63 40 92 44 70 25 85 17 84 73 25 18 59 90 99 51 0 12 73 85 10 22 47 25 53 44 88 51 3 53 83 27 10 54 50 23 90 94 68 45 48 3 48 48 67 29 95 77 61 22 91 81 93 90 62 27 36 11 36 83 38 72 17 12 75 65 97 21 86 31 66 72 4 26 95 27 64 2 69 17 17 1 58 11 21 81 40 13 
77 79 37 11 4 0 76 31 52 99 50 46 98 2 34 91 14 92 74 19 96 11 64 94 21 51 35 84 24 95 41 35 46 54 88 84 48 93 20 88 25 95 49 9 79 8 34 46 30 35 17 91 10 93 27 56 56 19 70 51 44 96 57 0 13 26 52 25 26 3 85 10 68 77 82 31 96 82 60 72 66 65 39 52 70 53 79 76 30 1 31 70 68 84 88 73 74 34 36 63 
75 14 38 46 91 81 61 40 21 18 13 65 32 80 10 21 53 57 4 50 48 77 37 70 29 87 33 77 83 29 35 70 73 78 53 72 29 63 13 35 11 82 29 10 67 27 52 87 10 39 62 97 72 75 94 58 33 37 29 25 94 85 66 89 15 79 4 19 11 91 60 60 97 68 43 15 36 98 74 81 5 98 44 26 69 39 96 43 39 94 52 21 54 85 97 5 34 65 36 75 
27 17 32 64 23 38 69 11 66 4 72 44 47 33 16 8 88 97 24 16 76 86 10 60 36 97 84 77 80 84 33 89 31 77 90 39 10 19 49 91 45 3 94 20 22 74 44 32 15 89 74 35 22 37 83 26 11 5 34 6 12 48 78 97 71 51 74 12 25 35 64 66 58 70 75 96 65 84 97 14 29 40 2 32 68 76 22 64 75 73 45 63 34 38 93 58 86 8 47 56 
44 78 66 9 15 29 36 33 49 59 15 29 66 56 43 20 46 89 12 38 88 17 95 65 63 64 36 93 16 58 59 50 59 4 11 48 90 85 53 66 64 91 41 37 31 26 58 11 1 70 78 39 71 33 21 32 58 4 0 10 57 34 76 79 71 37 54 34 19 92 86 68 9 76 21 95 51 55 28 96 56 5 41 48 71 1 43 27 59 32 17 40 38 81 55 70 23 65 24 11 
97 55 51 90 29 70 69 15 82 29 46 4 47 48 68 4 33 82 0 18 47 26 55 75 46 25 4 24 8 40 18 80 80 58 12 89 79 65 6 64 13 50 67 6 87 21 22 36 27 86 90 82 53 57 49 96 61 12 50 81 93 50 1 97 88 38 92 60 27 17 20 35 87 37 62 15 31 74 6 96 55 6 23 39 81 64 72 7 32 1 43 56 58 79 12 45 2 77 64 76 
17 51 35 12 48 21 54 14 51 94 57 27 77 51 0 45 16 21 4 3 61 63 81 38 95 12 58 97 97 77 20 13 74 17 46 2 65 88 88 64 91 29 83 65 47 75 9 30 88 63 21 5 83 60 53 58 41 63 46 12 41 16 76 26 65 72 51 1 69 33 28 97 80 95 64 0 51 56 22 69 72 62 75 20 27 27 67 17 43 49 57 47 35 28 95 72 70 1 52 34 
52 40 90 88 54 40 11 81 69 13 30 8 17 86 18 17 83 56 15 94 93 51 39 46 38 24 99 86 82 54 18 13 2 1 46 18 59 12 78 15 71 49 82 67 89 67 37 87 34 15 44 74 28 47 80 40 2 99 26 9 68 17 24 73 36 64 51 6 89 55 51 63 95 86 43 8 95 41 93 79 29 24 88 49 99 51 68 26 11 67 69 20 44 4 48 43 29 89 82 85 
83 49 19 16 4 59 31 32 56 72 14 33 75 51 65 18 30 6 94 15 10 51 72 44 67 97 68 38 54 84 35 90 21 70 78 48 55 84 50 81 70 24 0 76 72 48 84 22 94 23 19 84 71 95 35 9 76 11 38 35 9 9 26 30 68 62 56 95 35 29 30 39 79 30 82 29 20 48 0 40 42 44 43 28 92 23 9 18 51 90 72 34 93 73 59 24 59 66 20 19 
24 10 77 30 71 48 70 71 12 65 31 92 66 44 66 36 71 7 31 16 20 82 30 22 91 62 53 97 79 56 39 33 98 23 92 17 44 76 66 3 31 64 3 44 74 95 28 19 27 39 61 86 20 95 38 47 89 17 54 13 22 6 53 79 94 84 59 4 44 4 19 16 29 26 74 30 83 37 1 46 48 87 11 21 34 41 59 15 66 27 88 47 98 86 38 21 79 54 82 4 
91 62 41 95 15 77 78 58 88 42 28 45 79 8 9 52 59 60 88 83 62 26 4 44 54 2 74 15 77 11 53 5 19 72 16 80 92 31 39 81 98 46 58 31 95 36 7 88 30 28 98 42 14 68 1 59 23 57 73 72 45 48 47 98 6 60 31 66 28 46 7 55 96 53 75 45 97 88 8 40 99 17 93 97 85 88 5 53 44 18 22 28 98 78 30 84 44 13 75 9 
16 0 8 47 14 32 99 18 15 1 69 97 62 99 80 83 31 1 86 93 69 55 10 44 49 87 84 38 63 86 45 55 79 84 96 26 24 13 17 75 75 21 34 55 60 15 73 58 40 73 42 92 31 35 61 4 68 21 45 9 45 37 98 5 33 70 41 75 15 65 59 59 65 82 67 81 44 31 50 2 61 55 51 98 69 54 3 83 57 98 71 52 13 81 73 22 58 14 32 11 
50 89 19 75 63 31 15 52 42 53 64 88 69 75 45 34 71 80 99 46 79 60 37 64 4 6 69 88 27 56 80 97 5 43 30 51 15 63 84 51 63 79 3 12 69 45 82 65 69 9 87 48 23 94 6 17 97 28 25 75 7 48 83 2 1 97 95 70 24 92 60 35 94 11 23 25 24 29 32 62 40 69 65 38 8 67 95 86 84 63 18 52 63 94 23 66 69 74 52 41 
91 77 20 71 31 15 20 40 30 35 57 74 3 56 46 51 14 69 4 92 1 63 92 7 18 78 37 72 21 37 76 31 7 30 28 96 51 89 53 56 7 59 35 16 59 30 2 16 82 31 89 58 97 73 31 19 24 36 13 76 77 48 46 29 96 7 96 22 73 32 27 66 40 73 99 85 18 52 16 85 15 37 25 85 31 39 51 92 97 16 63 11 38 98 43 82 6 52 27 4 
97 4 42 54 40 38 0 81 2 12 70 1 77 19 42 80 39 42 39 88 10 50 47 81 16 43 19 27 86 53 42 34 31 68 38 55 12 24 80 79 47 67 50 29 92 25 54 24 6 27 56 56 2 55 80 30 97 75 93 95 39 50 17 82 64 18 59 69 58 88 29 27 27 42 45 92 85 19 26 5 91 36 94 7 37 57 99 44 19 50 27 3 34 63 12 89 63 81 16 18 
40 67 92 82 36 91 15 7 67 14 50 18 34 79 85 7 76 38 92 50 25 88 43 95 34 64 43 70 5 50 26 43 50 15 69 8 74 68 56 77 50 4 29 99 16 62 29 12 38 56 67 82 8 45 42 70 63 38 74 15 45 79 73 51 38 2 76 40 19 28 99 99 39 98 61 93 0 63 29 3 7 57 52 12 66 5 56 53 5 87 28 88 19 61 81 63 18 42 52 59 
97 54 46 24 33 25 24 16 26 85 27 52 28 0 62 26 49 20 57 59 77 61 10 94 3 84 6 66 33 73 23 17 44 32 35 97 61 23 19 59 11 0 97 54 72 92 63 9 49 43 81 61 18 26 16 77 22 36 44 98 84 10 63 37 6 45 75 86 77 86 98 55 18 12 20 94 7 23 45 60 33 52 7 86 32 32 90 56 11 70 58 59 70 49 5 19 9 9 10 82 
99 84 69 76 87 24 79 83 94 0 44 80 49 0 48 23 84 73 31 24 50 72 85 71 83 38 65 40 56 72 19 66 6 75 23 69 70 6 92 22 23 11 58 48 57 0 84 16 1 99 29 48 64 28 61 79 12 41 46 80 28 46 24 77 7 62 41 86 32 25 17 35 49 60 66 50 94 30 71 64 3 37 86 1 20 20 26 85 3 34 74 26 19 47 75 80 33 97 88 56 
80 14 11 37 13 99 67 42 42 72 28 95 38 31 63 66 34 98 91 85 3 13 55 75 68 83 97 95 84 83 50 15 35 71 70 32 25 64 14 25 96 1 49 91 87 40 4 32 31 77 70 63 81 54 22 62 88 66 50 33 17 70 31 38 27 93 26 53 88 39 15 39 93 61 60 89 85 74 77 27 82 37 13 25 39 81 55 32 9 41 97 62 50 93 25 74 67 12 47 52 
66 57 26 63 15 27 62 24 1 24 29 54 67 57 73 6 4 2 25 37 2 46 72 75 66 0 74 47 8 57 36 40 84 32 62 22 93 41 55 82 30 98 69 57 14 51 6 28 32 42 54 32 83 90 77 56 6 55 79 88 16 54 70 18 29 29 21 7 64 10 43 39 60 17 53 22 96 62 3 72 8 3 16 85 17 46 85 44 8 7 56 1 34 33 25 45 82 97 21 23 
79 74 33 68 43 51 93 6 60 98 30 41 43 43 40 2 7 20 72 4 3 82 77 67 86 16 49 6 21 94 67 46 34 69 71 25 60 89 53 76 35 71 17 95 13 96 42 28 73 82 50 91 19 93 98 70 37 97 94 5 16 2 19 59 37 67 3 97 82 99 17 38 60 85 33 24 19 16 90 54 44 35 66 50 77 69 98 37 65 66 11 41 67 43 21 86 5 37 46 89 
81 34 20 4 51 17 18 34 24 69 72 69 27 82 10 85 92 48 39 69 29 45 58 3 68 31 68 28 69 13 19 0 86 60 55 31 4 69 12 25 20 41 27 48 42 57 64 23 44 59 39 41 26 25 61 66 41 89 81 21 70 64 48 19 56 27 98 79 60 14 26 22 28 95 84 29 85 27 57 12 38 75 34 2 6 90 17 3 37 89 96 80 94 55 23 25 43 65 45 51 
70 57 42 41 27 15 23 96 33 24 49 30 9 51 14 39 56 28 25 5 69 54 37 90 39 52 41 23 96 24 11 56 30 64 46 17 93 65 12 75 73 80 71 74 17 26 22 17 81 23 23 57 8 58 48 47 49 84 2 5 26 31 2 77 49 5 23 14 98 21 38 95 34 91 57 35 87 54 53 40 60 95 13 66 90 52 92 17 42 84 74 90 1 33 72 7 46 46 64 54 
75 15 39 62 95 53 77 90 70 74 56 19 17 24 73 65 11 8 19 11 52 11 97 86 90 92 62 41 17 53 31 78 15 55 77 56 76 62 40 46 14 34 35 71 24 94 81 42 96 43 31 11 23 60 78 94 84 15 4 52 7 93 18 89 43 69 97 61 9 78 54 29 92 70 78 23 94 53 85 44 96 91 53 6 73 93 31 2 7 30 10 88 67 93 62 77 74 65 99 39 
39 94 66 91 74 34 92 40 54 82 71 76 28 1 25 95 40 33 2 58 75 9 83 0 97 19 31 26 52 67 35 57 21 68 26 10 59 54 7 97 8 23 93 29 98 73 10 47 31 40 75 64 1 44 44 16 6 98 97 41 49 16 76 57 55 89 88 83 4 82 69 75 5 57 9 56 76 56 26 9 39 2 40 87 56 7 69 38 16 58 72 86 70 98 83 88 54 18 73 68 
63 46 15 61 72 93 13 0 30 76 71 66 63 11 88 41 77 18 18 39 94 59 31 48 74 87 1 73 41 5 41 13 87 58 65 85 81 73 1 94 50 15 70 45 15 19 10 39 90 50 39 38 49 25 28 40 85 1 60 73 16 8 20 90 16 14 58 48 49 75 11 94 26 99 63 79 19 14 39 12 90 53 32 89 71 80 77 29 56 78 44 95 60 78 77 94 91 59 24 28 
3 70 42 15 74 6 77 44 44 16 43 52 58 96 84 88 95 16 3 8 34 32 95 16 64 2 46 77 43 15 41 77 51 29 37 93 36 94 62 19 37 77 22 41 12 96 36 76 65 22 29 28 27 1 67 87 28 30 65 16 68 28 78 50 78 62 5 25 54 73 84 29 54 46 51 85 91 19 48 29 6 84 53 62 3 64 5 69 37 13 75 15 55 52 87 48 43 36 58 63 
59 66 32 69 68 41 40 12 99 15 32 66 85 23 1 10 63 89 41 62 78 67 55 61 87 61 8 43 90 55 48 18 16 77 78 8 90 75 35 75 69 47 55 48 14 24 46 91 99 20 23 5 91 72 87 39 76 77 32 46 3 87 58 23 12 62 50 93 49 65 17 53 91 26 71 6 54 73 88 85 29 21 91 78 88 76 53 20 31 38 40 13 47 0 45 70 99 93 95 73 
79 22 74 47 56 50 50 17 72 20 71 98 71 4 64 7 66 91 75 69 19 63 33 5 61 62 70 6 26 54 79 8 98 57 93 17 9 62 53 60 16 48 71 19 68 29 55 17 60 61 75 5 4 88 61 58 2 69 91 3 63 81 20 97 65 84 0 42 32 22 24 24 79 36 99 3 92 72 60 47 55 98 13 73 43 97 28 11 65 54 8 27 16 58 27 12 53 46 89 31 
60 6 63 41 96 34 8 56 76 93 27 39 41 79 55 9 54 22 28 17 26 79 91 95 49 17 91 71 77 82 61 47 30 38 21 78 51 89 18 78 15 32 60 77 60 78 0 72 56 47 71 32 41 41 10 53 53 43 58 23 65 70 80 11 33 90 35 79 37 9 49 26 66 46 46 54 96 0 15 43 86 36 90 18 75 1 39 37 48 98 26 35 90 49 54 3 29 54 65 30 
56 42 97 12 43 5 63 2 75 22 9 65 86 69 69 50 71 85 56 71 14 95 17 73 70 59 22 90 66 66 87 88 95 28 89 75 96 66 37 60 39 14 22 35 51 74 12 38 53 87 74 38 32 31 65 81 0 36 61 32 25 46 1 88 79 11 90 8 65 98 85 41 40 14 2 40 9 99 43 3 18 97 12 78 37 17 62 76 21 52 19 15 81 99 55 68 82 31 72 98 
16 88 39 0 4 25 28 61 81 69 73 36 81 73 24 88 61 44 90 50 51 44 12 76 2 39 20 40 19 96 3 86 47 67 90 98 9 14 21 65 18 58 32 6 62 38 64 24 1 58 76 34 53 78 96 50 85 4 53 61 54 42 95 75 86 21 43 70 39 19 70 81 64 28 70 20 29 80 93 65 75 14 39 32 35 55 91 90 21 8 98 59 60 78 23 86 47 17 95 25 
24 39 29 93 24 17 55 95 63 18 43 12 6 19 84 26 86 76 92 11 66 49 51 1 56 70 37 3 16 67 24 15 6 38 62 8 33 51 81 18 88 74 78 92 67 99 67 2 1 71 60 47 65 9 95 32 70 56 87 61 0 70 30 95 40 48 35 59 19 65 23 54 38 99 33 22 68 89 63 20 88 74 95 94 97 50 0 35 11 2 94 92 4 4 3 30 91 1 78 1 
7 46 40 39 27 45 50 77 76 45 74 49 72 11 1 37 30 19 88 99 66 10 82 50 27 0 81 91 33 57 64 15 80 0 85 52 14 60 35 90 56 35 78 64 48 12 82 84 33 8 0 91 63 46 78 8 61 67 58 91 89 80 2 5 86 46 58 10 35 61 1 49 95 43 48 83 60 39 45 34 97 60 0 48 47 8 12 5 62 63 12 17 24 62 97 98 33 16 83 72 
71 94 64 65 49 74 4 59 65 18 3 44 46 69 36 18 37 27 18 63 15 65 76 30 84 64 0 46 90 26 99 39 49 40 7 79 30 6 58 58 94 76 72 93 96 10 43 52 97 31 65 98 63 97 37 61 88 76 25 26 56 12 4 50 74 12 20 82 15 8 38 52 59 1 36 54 60 3 42 78 40 84 61 51 78 32 33 55 72 23 94 70 88 18 76 86 92 20 93 27 
39 92 59 52 84 53 83 55 9 25 41 66 53 78 45 18 97 92 90 60 81 62 93 1 41 76 20 2 65 9 55 89 2 23 90 11 34 20 36 15 12 26 36 21 0 41 67 86 47 14 85 31 70 79 83 68 95 66 88 28 1 20 34 69 97 11 19 89 56 90 57 42 31 79 39 94 93 97 73 68 52 87 18 33 75 0 59 42 30 81 19 65 78 96 65 23 79 54 54 17 
75 15 8 5 92 68 18 75 57 38 84 31 65 77 41 69 9 40 55 52 15 99 11 91 62 76 54 30 28 59 91 39 58 51 58 28 47 98 28 60 23 20 20 36 33 38 89 16 63 86 37 18 85 45 42 22 24 34 71 62 25 85 77 37 85 14 43 58 6 83 74 54 71 31 73 98 28 69 56 62 5 56 78 83 32 28 45 17 49 9 61 17 41 42 46 64 80 57 34 36 
15 57 16 69 90 96 6 26 91 86 84 98 15 1 18 15 81 6 8 41 0 69 4 12 76 53 52 18 48 94 44 22 10 66 70 56 51 97 48 84 49 52 38 56 54 69 69 72 47 85 71 2 49 86 48 58 58 90 68 35 36 7 86 39 21 12 99 76 31 55 68 27 98 49 2 13 57 8 47 35 78 52 57 75 85 60 80 53 12 41 89 95 36 78 38 95 42 38 25 28 
88 23 3 68 22 8 11 81 73 66 99 79 79 78 15 84 34 27 90 25 21 78 29 13 85 85 56 59 61 39 18 53 92 16 28 10 6 5 91 15 29 87 82 98 53 85 78 22 75 19 68 87 34 53 86 81 66 42 62 23 24 61 71 66 58 17 86 46 25 68 16 12 61 51 52 80 96 40 96 93 57 68 11 11 90 34 81 0 39 59 14 70 13 31 64 56 11 76 56 27 
20 74 51 75 85 66 37 70 32 27 41 36 82 6 83 96 25 5 86 78 9 79 74 41 63 21 29 19 54 4 23 62 90 13 44 13 98 13 65 72 82 14 39 4 25 29 19 26 3 66 61 26 58 46 72 63 43 59 49 90 3 49 7 50 27 94 30 46 35 62 3 41 93 49 68 84 38 34 57 47 17 33 17 1 49 31 45 93 47 17 97 81 51 22 96 48 23 73 67 29 
16 22 21 61 74 96 93 9 90 15 39 60 86 71 56 62 19 12 28 42 66 51 97 10 69 1 18 36 63 91 61 30 34 34 25 42 28 35 98 51 56 98 42 92 26 90 92 14 22 92 31 48 49 65 61 2 73 29 0 17 58 98 77 54 64 36 24 13 55 31 55 53 24 41 14 57 14 56 34 33 85 43 64 0 10 80 53 56 91 14 76 20 16 0 27 49 22 98 29 29 
79 94 88 4 63 6 70 95 53 43 70 2 17 70 40 84 24 98 89 78 64 33 80 96 38 83 15 35 73 91 90 68 93 49 72 95 84 48 0 39 75 81 48 45 32 7 43 8 91 4 40 48 39 88 85 90 55 81 93 38 24 50 93 2 8 41 41 27 7 54 26 9 45 45 31 95 33 23 61 35 44 99 63 55 49 88 98 33 91 77 36 97 59 9 91 88 72 28 41 43 
5 50 41 84 14 58 36 92 89 86 81 22 6 65 70 27 96 37 33 50 35 71 73 18 11 3 76 14 58 84 44 56 52 55 9 33 2 30 35 79 90 29 65 80 65 68 21 99 2 4 68 89 97 10 16 53 87 96 44 51 97 31 40 57 75 21 94 15 54 48 84 45 31 82 75 82 70 55 99 80 95 59 56 89 24 92 1 59 7 52 91 0 53 75 40 75 75 68 68 83 
8 16 27 49 24 11 44 20 28 21 10 21 17 4 85 79 17 96 80 32 71 71 84 84 83 3 35 14 34 12 34 77 35 58 27 96 54 78 8 45 11 80 40 47 86 37 11 78 78 18 92 47 20 13 28 48 6 50 46 53 75 37 37 28 28 6 2 58 88 13 70 34 20 91 66 21 2 60 61 63 30 34 98 13 9 74 63 95 66 38 5 41 3 59 53 92 49 48 54 86 
2 42 8 18 45 66 84 16 71 4 33 37 66 73 78 85 39 14 33 90 7 66 4 73 96 58 66 82 13 52 72 37 84 59 32 54 45 29 42 44 83 64 93 89 32 5 64 56 52 94 18 49 30 50 14 46 84 83 59 70 36 99 32 6 35 91 91 57 69 20 7 92 33 6 10 70 74 59 8 94 70 36 33 15 34 58 33 3 3 76 54 15 27 87 97 66 99 62 37 96 
95 99 68 20 34 57 92 85 0 39 49 74 29 34 99 21 12 2 75 89 67 51 77 2 89 33 49 96 98 28 90 34 30 2 1 98 73 77 46 66 8 2 81 45 71 42 5 22 15 46 41 27 6 50 53 74 87 66 90 81 34 77 73 56 42 17 98 99 82 94 54 32 96 50 14 62 22 50 76 3 95 71 51 46 92 51 14 64 47 96 41 80 86 33 15 6 92 84 43 6 
73 64 30 96 88 5 13 21 50 44 75 67 92 3 80 50 71 92 28 96 59 53 78 62 10 48 49 51 7 20 0 9 35 15 59 25 66 69 29 96 65 46 1 75 79 19 90 78 9 51 30 49 71 47 28 35 75 10 37 48 4 59 92 4 35 36 97 80 48 60 68 29 93 6 21 82 91 48 59 19 78 99 29 96 93 4 73 78 28 36 51 44 29 54 24 96 86 13 36 45 
6 45 20 40 37 10 8 98 52 60 88 60 60 71 33 64 31 31 79 48 94 8 65 48 60 2 56 65 10 3 3 90 78 71 30 54 10 9 70 88 55 17 97 70 53 77 90 6 20 52 35 8 7 79 21 51 33 54 4 94 9 59 64 50 26 40 94 39 71 83 51 46 15 21 26 53 64 16 48 33 21 6 81 95 85 62 32 78 10 37 63 44 31 67 85 47 13 63 64 66 
24 48 99 88 44 98 66 88 46 24 27 46 25 15 77 20 52 39 14 37 53 1 91 14 98 45 71 58 24 4 76 19 50 16 97 17 51 83 99 63 94 69 82 0 16 50 2 0 10 56 19 63 17 73 22 45 80 75 30 54 74 7 85 52 7 3 34 98 3 64 23 7 84 83 74 80 6 63 26 95 45 91 71 49 83 96 85 20 61 43 37 96 75 32 36 94 1 17 66 87 
96 72 55 20 68 35 95 90 4 91 99 4 49 90 25 10 62 32 92 92 95 27 41 67 31 91 25 16 16 71 53 91 22 97 70 45 47 51 13 93 45 48 94 67 92 28 46 18 26 56 7 93 88 77 91 76 43 41 36 92 79 7 59 14 34 70 58 99 28 64 28 78 62 35 38 98 92 81 31 7 76 24 81 58 55 72 41 23 6 56 69 42 26 66 83 81 79 39 65 37 
99 70 11 20 77 36 9 50 44 24 13 95 38 12 87 63 25 56 79 63 40 93 47 91 77 89 94 44 34 36 20 92 93 62 71 88 80 80 73 22 53 31 99 94 39 9 17 62 65 73 99 76 66 25 80 3 93 82 0 42 2 42 11 68 53 34 52 41 51 13 16 12 70 41 96 41 92 17 47 44 27 35 64 67 95 70 94 85 13 19 41 72 15 19 74 44 35 80 2 96 
32 33 76 0 91 90 47 28 47 57 9 12 71 14 5 64 68 2 6 18 21 2 65 89 65 76 65 5 72 90 37 93 97 82 9 67 56 19 33 6 43 33 19 68 38 54 23 86 19 3 84 21 50 69 20 74 77 78 63 78 75 22 76 27 46 90 29 41 18 94 70 16 16 30 48 28 11 59 26 42 46 11 47 23 71 55 57 27 30 63 66 31 68 31 13 22 1 95 67 49 
72 84 14 89 31 46 53 45 19 38 53 0 40 73 40 59 4 27 97 11 4 92 88 74 84 73 38 23 24 91 6 99 95 57 84 14 11 67 78 83 32 93 86 15 54 56 88 38 13 19 0 7 72 38 66 85 38 68 48 66 62 85 51 73 37 46 78 2 76 55 19 9 40 93 35 35 71 10 37 12 7 98 26 26 1 92 91 88 18 35 10 10 28 33 58 20 64 81 54 94 
43 60 91 0 71 43 53 33 31 30 23 68 73 60 38 64 51 57 73 80 60 28 26 40 61 39 70 71 20 96 81 14 87 77 32 39 31 77 28 73 7 96 32 7 8 69 74 47 83 55 6 33 13 31 34 96 97 23 21 92 23 85 27 13 44 17 64 83 42 61 84 6 29 36 70 64 23 89 0 85 12 89 7 54 0 58 79 77 65 57 57 59 39 78 63 35 82 10 28 31 
0 30 81 77 59 94 99 56 38 80 93 18 18 79 44 31 58 26 37 39 23 57 15 21 79 2 67 46 62 31 88 88 47 79 14 85 85 30 29 98 85 3 29 71 45 89 41 90 1 83 24 96 57 59 19 70 32 16 49 67 72 72 92 34 5 74 20 91 58 21 61 87 45 52 20 0 26 38 37 97 24 9 92 81 47 43 45 1 29 14 90 13 94 41 7 88 37 78 99 43 
54 53 14 22 69 16 17 76 28 93 30 56 96 49 28 60 36 46 21 87 50 87 42 90 42 94 90 42 88 51 59 80 13 3 26 12 93 56 73 35 76 67 98 52 67 49 25 81 60 10 62 71 84 91 92 90 87 71 13 70 45 89 76 98 4 60 91 73 62 58 76 67 89 89 78 4 96 51 75 56 51 37 37 74 30 50 66 34 65 28 40 73 8 52 61 54 54 26 18 60 
99 80 54 53 83 7 90 9 55 97 10 48 70 1 2 56 68 84 22 98 5 66 83 6 21 96 31 24 55 23 75 38 72 40 67 64 2 13 41 35 97 65 30 49 36 32 65 16 90 13 93 49 98 39 78 23 73 81 39 11 60 85 78 42 62 96 14 30 51 88 93 93 12 25 6 72 33 40 54 62 29 25 11 12 97 48 76 52 99 63 2 8 48 98 98 53 24 63 65 3 
61 22 92 0 11 87 44 57 6 51 48 43 0 37 48 66 80 10 86 2 44 98 51 31 59 29 29 86 94 92 90 60 96 57 71 47 43 86 54 31 93 40 85 47 59 99 8 20 57 91 0 49 30 7 13 55 98 25 45 38 21 1 98 69 77 83 18 99 70 94 17 47 61 62 83 5 11 28 2 33 32 41 66 44 27 8 15 8 96 20 11 73 96 73 33 53 55 74 5 64 
67 47 12 80 39 59 83 86 3 41 75 62 35 23 15 16 15 91 62 83 45 93 79 30 23 56 10 97 42 84 91 53 87 81 97 67 17 18 44 70 95 48 11 14 92 48 69 96 84 70 58 24 33 40 16 94 82 62 79 4 79 51 90 86 25 96 90 63 46 43 16 4 56 67 62 95 26 82 98 93 4 31 75 66 9 41 48 84 34 71 94 7 32 30 0 92 57 92 52 53 
7 86 29 16 69 72 84 26 86 32 95 54 55 88 24 38 16 88 17 29 50 95 12 57 68 53 74 7 35 1 11 73 39 83 72 39 94 77 0 25 47 94 40 68 63 59 87 91 27 25 20 0 47 11 61 67 8 40 15 6 92 87 67 54 46 19 49 13 4 25 39 32 49 8 97 31 98 55 78 66 40 76 5 6 83 61 36 5 42 91 85 70 71 83 52 17 92 24 20 17 
14 24 1 11 60 34 17 14 43 24 86 95 17 18 76 67 32 22 71 30 13 86 94 58 24 47 73 37 34 83 65 8 84 50 54 80 73 76 41 25 91 78 99 69 50 37 20 6 46 99 68 59 2 25 39 35 52 76 3 19 95 93 47 13 23 74 34 22 79 26 57 86 13 93 76 0 54 74 14 87 15 66 68 31 7 88 40 37 98 31 87 86 55 32 87 1 45 70 48 3 
63 52 45 18 57 45 47 94 41 18 54 19 17 97 11 79 99 3 33 43 18 2 38 55 91 97 89 15 16 78 10 83 36 10 1 56 20 78 78 76 19 35 52 14 36 26 45 90 99 82 10 74 77 83 43 2 6 1 45 40 76 0 30 80 74 37 77 38 40 64 70 69 25 15 12 27 66 91 17 77 1 86 46 89 22 97 84 86 68 67 67 0 40 37 61 67 77 47 76 12 
67 11 95 78 53 57 22 19 17 95 13 76 84 57 7 88 41 99 23 31 6 6 50 26 8 93 54 11 78 45 55 99 65 59 97 74 30 44 53 58 40 5 87 14 60 53 75 81 3 11 50 51 39 44 15 91 20 68 67 65 0 44 90 95 5 45 83 11 41 10 2 87 32 55 32 39 2 48 87 14 87 56 94 79 51 52 30 6 97 95 94 44 31 11 45 67 39 71 39 5 
