0 36 8 92 48 21 44 22 25 4 83 34 85 8 16 72 42 50 44 27 84 37 5 67 20 35 39 88 56 0 24 11 37 30 57 40 91 61 91 77 68 72 51 54 72 22 46 86 71 58 16 33 72 77 11 86 56 70 98 11 42 64 2 18 73 54 9 66 46 51 89 59 73 31 23 14 58 6 85 13 12 15 81 10 80 44 7 5 46 76 77 22 94 93 21 7 93 8 90 47 
46 57 26 52 74 27 67 31 90 83 97 54 16 63 8 1 93 75 19 3 46 51 4 58 64 24 28 25 12 39 81 99 66 46 98 34 9 78 75 25 60 69 14 68 28 89 57 95 42 32 45 85 34 42 94 95 84 23 40 78 38 13 50 45 90 14 36 66 5 26 86 27 0 52 71 76 23 33 36 19 3 13 82 42 88 44 21 48 27 28 13 27 43 41 48 50 87 93 42 75 
55 90 34 73 95 48 42 49 33 47 8 74 97 48 66 64 79 39 3 10 80 37 3 26 92 19 17 85 63 11 50 2 74 5 97 76 32 73 1 88 22 35 91 3 55 67 36 20 40 18 17 45 7 52 69 87 80 91 83 63 8 96 69 90 42 61 80 20 52 11 61 81 15 49 87 56 89 29 34 80 30 93 59 24 48 36 45 42 28 82 59 71 22 45 11 65 36 21 71 64 
66 43 70 7 31 21 53 86 20 61 6 0 5 88 44 59 60 21 61 18 51 2 45 2 80 12 52 43 91 5 45 41 2 47 79 71 51 4 64 27 47 57 65 60 49 11 74 7 7 66 54 95 97 40 25 91 6 26 11 70 71 9 96 59 64 36 78 32 49 28 50 51 14 40 31 30 7 86 3 92 31 5 32 14 2 4 6 11 32 12 73 43 68 17 74 96 33 91 89 11 
32 74 25 33 13 34 24 73 18 85 72 49 22 61 2 7 35 83 45 14 71 88 62 88 71 90 12 11 72 50 41 15 93 39 27 62 9 27 67 75 51 96 77 87 11 30 46 57 27 47 90 19 46 48 70 17 27 42 98 30 17 27 98 77 30 1 42 30 49 43 89 45 69 23 98 21 43 68 10 81 98 18 37 59 25 10 25 38 12 34 39 22 53 28 59 20 62 22 79 4 
90 34 54 50 60 19 2 76 8 35 15 42 5 94 6 37 89 28 27 78 67 10 29 98 7 27 30 94 5 12 65 24 67 52 62 14 12 50 11 48 72 88 81 5 23 65 33 98 93 21 43 89 55 95 50 43 87 31 17 0 3 97 50 8 92 18 49 19 38 2 95 40 15 13 68 49 64 94 9 94 73 72 46 16 41 99 67 80 41 11 29 36 29 52 32 41 25 46 55 70 
81 73 51 32 60 67 35 83 29 65 47 84 77 67 76 27 43 44 0 42 70 37 14 54 19 33 0 22 35 21 55 98 9 13 23 41 75 3 83 39 16 9 75 0 98 53 45 45 15 4 89 0 10 80 20 97 31 80 62 20 37 24 98 21 55 84 46 63 72 71 13 72 20 40 45 19 39 46 0 19 68 1 93 3 15 40 98 98 23 12 10 14 55 69 32 83 78 68 38 29 
12 93 59 26 58 21 61 53 81 26 95 56 11 6 93 3 83 53 42 85 14 3 91 54 94 38 9 21 66 92 5 80 94 83 97 7 48 96 10 57 83 37 12 53 43 3 53 95 53 19 6 1 17 73 6 32 37 73 85 59 67 0 40 32 34 59 73 72 1 61 5 28 17 59 12 29 60 63 25 80 13 3 55 90 38 88 40 81 76 88 83 12 94 19 55 72 25 68 29 76 
54 56 74 1 31 5 19 29 23 4 17 1 28 67 85 45 16 65 66 9 52 58 0 21 82 91 13 64 69 57 86 57 5 10 33 21 22 45 32 57 82 25 85 75 41 44 99 22 44 72 11 95 11 59 36 49 36 75 36 77 49 40 28 83 52 93 86 72 93 92 17 36 88 42 40 57 5 62 3 64 52 57 54 28 84 31 55 85 47 43 26 55 90 28 79 11 19 98 20 45 
28 87 8 83 46 20 15 80 86 18 3 40 23 85 58 67 8 49 65 73 7 52 76 17 66 65 99 85 52 62 45 72 24 0 14 73 30 37 94 47 62 34 76 42 41 34 44 53 69 19 37 16 64 72 30 88 92 95 15 12 2 7 87 94 52 5 75 35 35 58 49 71 89 40 70 85 83 2 84 58 62 13 85 6 35 56 52 31 29 26 61 85 38 3 31 23 96 72 39 60 
25 59 36 40 97 59 37 77 84 99 34 1 60 33 87 61 59 8 25 23 47 66 39 55 65 68 76 47 89 39 85 57 85 69 98 77 0 14 96 15 80 19 42 38 49 48 60 22 4 13 87 76 1 87 86 35 12 4 12 92 2 73 35 65 34 62 68 19 21 63 36 55 64 69 35 70 27 94 91 19 35 37 96 77 84 30 45 56 7 62 45 97 23 9 7 77 80 31 94 5 
61 61 85 40 91 76 67 69 34 39 6 76 11 30 93 54 2 97 62 75 64 5 4 36 81 81 62 9 32 17 80 52 99 28 7 75 45 46 8 78 89 16 59 5 16 58 42 44 42 61 15 76 69 51 1 57 51 88 92 4 57 43 50 16 91 16 66 51 38 70 47 54 24 55 52 77 35 67 94 91 32 23 25 94 97 63 4 21 21 62 64 27 15 44 12 92 42 45 34 21 
43 16 95 56 47 22 47 16 7 20 51 74 81 49 44 93 17 85 1 56 55 31 44 33 31 46 29 84 62 31 46 24 63 8 18 21 47 79 80 11 40 96 67 22 8 77 96 27 96 81 95 69 30 27 34 71 56 48 50 37 14 26 47 93 27 14 62 21 55 88 25 2 31 89 87 31 77 70 77 5 94 95 83 5 1 42 79 9 38 38 11 3 63 10 49 16 58 18 32 75 
15 12 56 88 75 10 71 72 97 27 14 30 99 19 78 51 33 73 51 10 18 48 0 41 27 99 32 8 44 56 84 72 15 74 51 26 92 83 2 25 23 78 8 24 28 62 41 32 36 10 33 90 30 30 92 84 65 5 84 38 97 44 94 75 88 36 60 63 34 84 50 11 83 54 31 39 60 46 31 52 68 46 7 94 9 48 17 71 45 9 56 33 94 47 90 89 13 89 32 36 
14 1 33 90 57 15 87 12 99 80 83 50 61 6 59 22 76 18 89 19 20 53 41 78 70 79 55 93 79 21 22 9 3 74 60 29 66 89 52 43 82 21 56 43 93 12 46 29 21 36 41 80 49 83 67 84 25 38 58 40 85 24 88 33 2 59 27 37 9 36 73 51 36 35 95 86 54 18 60 64 59 14 61 17 36 73 30 48 20 66 19 89 79 50 92 16 41 25 14 97 
31 16 31 13 86 80 0 43 80 14 29 66 66 48 24 67 66 33 66 62 6 29 82 41 17 55 95 27 79 90 88 66 19 17 46 0 82 22 55 52 49 18 52 28 47 15 24 5 66 1 10 5 35 33 7 36 68 91 33 90 65 23 3 72 9 31 74 37 74 47 63 23 87 17 99 6 37 73 7 16 76 19 35 17 52 40 41 57 11 43 74 20 49 77 65 22 13 15 71 7 
1 22 18 76 61 94 40 75 60 64 42 91 81 90 54 92 60 89 53 25 39 61 93 22 38 82 3 24 20 19 32 51 68 62 62 36 20 67 16 35 9 46 45 63 43 86 44 15 95 72 63 3 86 94 32 60 68 20 61 35 33 0 23 69 38 33 92 3 55 51 7 48 99 25 60 3 37 43 88 33 50 60 79 96 2 59 37 85 39 22 38 11 96 11 78 12 3 14 59 84 
2 62 24 91 10 55 10 92 80 29 73 76 83 43 93 47 47 70 25 41 44 35 24 87 70 66 66 97 20 69 1 95 78 44 89 7 15 10 8 18 70 12 54 36 81 24 21 41 87 5 80 33 3 53 89 36 90 87 31 23 35 42 73 90 41 13 84 58 49 73 54 72 82 92 56 62 53 23 26 38 8 78 25 17 30 55 58 42 68 20 80 87 27 61 86 30 29 77 70 96 
76 80 68 59 69 1 75 62 9 8 29 1 38 99 86 8 39 33 11 56 33 47 63 4 33 34 1 54 26 85 7 2 21 51 54 54 29 3 43 95 84 64 38 6 11 11 57 15 33 31 11 78 52 51 94 51 87 90 70 4 91 7 22 43 34 82 36 6 72 95 96 49 42 89 77 67 13 58 3 33 81 37 80 9 9 8 94 27 84 99 92 64 64 56 17 81 66 25 61 38 
86 39 1 38 76 32 25 69 71 80 92 51 42 27 88 61 96 98 87 21 12 86 93 27 61 37 94 93 90 44 26 15 1 64 71 59 73 26 16 11 58 49 28 80 8 21 24 17 86 33 96 81 24 24 79 25 79 24 94 26 12 19 15 8 63 63 14 75 13 81 0 59 93 41 86 57 95 27 36 70 94 21 19 42 31 99 47 29 89 23 57 5 63 78 0 30 60 94 78 0 
41 95 82 57 68 24 43 74 52 29 20 51 49 38 22 1 41 49 77 88 43 68 63 57 35 2 5 1 58 83 47 74 28 78 54 58 27 70 80 82 50 64 91 69 22 24 6 9 23 24 73 53 38 1 27 24 53 81 5 80 3 21 40 62 38 24 95 50 19 15 78 54 25 50 23 36 97 87 43 43 72 94 18 89 13 21 3 10 64 92 1 0 51 64 51 52 68 75 35 32 
43 27 28 21 10 89 38 7 2 99 9 2 48 9 26 63 56 27 77 76 12 96 73 4 36 99 2 23 73 57 92 76 7 74 17 8 60 27 13 42 46 65 47 11 4 35 19 84 63 57 6 6 6 63 93 41 4 80 58 76 69 41 3 64 96 89 72 26 31 66 44 78 80 87 6 18 87 87 14 36 43 42 53 7 77 87 17 99 78 62 18 38 1 19 92 14 41 2 22 44 
4 84 14 91 32 34 71 26 73 61 11 42 83 78 16 44 21 3 53 73 63 29 52 62 44 95 71 86 19 47 67 26 54 47 93 64 79 43 27 68 66 37 29 67 48 97 29 8 63 98 32 3 70 65 98 20 66 89 99 17 16 50 75 19 85 30 3 22 4 13 1 27 99 43 10 50 81 95 62 12 54 78 35 66 91 86 33 11 27 37 98 46 66 9 86 36 66 97 85 97 
7 75 52 48 99 91 44 68 2 32 21 91 74 94 66 46 30 8 1 23 56 59 66 26 44 51 7 40 88 87 71 92 97 63 43 66 55 5 80 76 43 5 50 10 63 46 45 70 36 80 18 37 68 87 96 13 39 35 51 88 7 98 40 87 93 8 75 6 81 61 82 67 85 36 31 85 26 18 15 3 32 48 36 25 48 5 96 70 50 23 66 27 39 33 62 3 27 70 52 15 
23 52 38 8 47 86 79 59 26 42 38 52 58 89 74 78 66 46 93 34 57 2 36 62 65 84 91 68 43 12 78 2 57 48 19 8 97 12 13 65 56 66 28 66 63 84 25 17 64 88 40 84 81 32 17 88 56 92 36 81 62 96 97 63 46 6 50 83 80 4 22 94 3 86 86 33 6 7 49 81 38 64 70 41 56 1 65 58 13 7 89 51 83 81 20 85 54 31 43 56 
87 16 34 59 47 50 0 80 27 36 78 7 14 19 37 97 29 65 7 48 66 2 34 61 19 91 65 13 73 41 30 88 50 70 9 99 0 51 9 12 43 45 12 15 14 79 18 51 89 8 40 57 73 97 2 68 89 87 82 82 20 74 63 18 18 20 78 11 35 67 11 4 13 8 54 88 22 90 72 79 6 86 0 78 54 25 83 36 97 55 27 53 41 13 46 59 14 49 46 46 
15 55 48 40 13 32 46 63 80 43 49 62 59 16 55 90 19 4 47 0 19 20 26 41 15 57 2 26 6 76 18 82 4 60 57 46 92 53 94 35 94 46 15 24 72 48 12 34 46 68 91 40 48 34 6 87 7 92 44 48 11 19 32 52 23 5 58 52 81 10 15 57 99 22 59 92 50 99 81 5 39 95 27 41 83 54 98 23 83 81 68 25 51 93 68 14 23 93 55 66 
52 73 88 72 24 45 53 71 72 18 40 24 60 87 86 31 72 62 3 36 38 4 26 28 65 46 40 52 16 50 75 33 57 9 3 81 24 70 93 5 66 51 6 35 3 55 90 41 72 12 93 75 57 25 86 74 66 90 66 37 43 79 31 9 29 54 14 75 51 33 22 45 1 80 99 5 24 58 9 48 86 54 8 39 23 20 71 50 48 73 99 34 71 31 23 85 75 41 47 3 
17 86 9 83 92 48 6 26 37 46 4 64 62 70 91 25 12 85 26 53 50 8 64 95 32 44 35 97 48 0 28 37 99 33 75 52 67 34 53 48 20 74 87 12 25 75 24 16 96 96 79 50 53 1 18 99 82 1 7 91 78 64 25 72 32 58 58 60 99 80 2 76 44 54 89 88 78 48 21 21 44 77 82 22 51 97 96 46 74 2 63 45 44 29 72 97 45 26 82 86 
35 65 50 77 78 74 28 29 37 39 71 72 15 5 35 85 50 4 60 97 91 63 82 19 31 92 7 23 64 19 61 51 71 93 33 37 48 10 10 79 62 23 62 24 66 66 93 62 2 99 48 36 74 16 61 42 5 11 72 83 44 2 61 18 79 72 54 32 13 18 60 21 58 80 53 25 79 1 34 21 65 84 66 34 26 5 52 53 45 84 9 4 98 56 67 88 44 42 23 35 
54 66 54 16 40 50 10 80 4 31 84 99 49 1 23 24 79 63 59 65 71 65 34 3 72 7 51 40 61 75 14 70 53 79 24 27 5 45 27 17 45 26 60 80 38 84 30 93 61 32 6 30 84 84 97 51 1 69 37 55 71 39 44 88 17 55 53 95 88 37 9 87 72 4 61 47 26 7 5 22 93 73 4 75 63 95 85 14 85 1 5 93 93 6 61 30 82 47 47 36 
77 35 28 67 15 68 77 97 23 37 30 79 26 95 50 33 28 56 21 13 52 10 82 17 55 8 53 59 77 92 60 33 64 41 24 57 65 33 82 66 80 42 62 91 68 24 60 47 15 54 66 26 59 90 90 0 1 50 76 68 29 68 37 18 58 28 76 80 43 33 69 29 62 53 93 74 60 66 38 30 5 77 48 89 22 48 31 89 48 94 89 32 90 9 74 24 10 1 66 84 
96 15 54 34 44 72 15 6 37 79 8 74 21 77 35 97 19 40 62 37 63 73 89 24 9 30 54 31 16 26 44 42 32 43 69 74 78 30 28 16 27 33 78 74 64 6 94 31 24 2 26 71 86 52 76 4 61 58 47 18 85 41 31 50 92 97 2 81 64 91 99 63 19 83 43 98 49 16 67 3 4 90 21 60 6 61 50 55 50 7 75 78 68 44 50 27 70 5 24 90 
79 15 97 25 0 64 20 95 0 23 28 40 92 40 97 80 22 94 19 21 45 4 47 43 97 69 31 50 97 11 65 50 42 67 30 6 50 98 45 81 53 75 54 34 74 36 23 78 10 14 22 68 36 93 91 84 49 46 68 86 26 7 35 12 54 5 10 67 41 16 74 15 57 20 28 30 73 78 55 47 91 13 40 17 82 30 90 13 7 41 63 96 75 37 66 37 90 22 81 28 
46 70 46 98 39 7 4 0 2 86 69 14 0 82 53 51 96 27 46 51 39 49 18 60 55 90 48 93 42 78 26 96 92 24 59 1 35 78 0 3 3 88 29 20 13 15 13 40 60 4 45 26 22 98 5 85 38 40 16 87 74 30 67 39 76 94 59 73 94 14 42 92 79 1 14 76 86 67 8 12 77 1 64 5 42 16 2 67 93 8 97 35 67 32 58 47 49 77 47 38 
11 24 24 43 62 87 61 67 56 94 61 20 51 6 63 29 34 63 20 95 47 67 68 95 76 42 24 1 59 83 79 87 91 82 43 87 13 92 26 20 98 52 2 40 11 23 90 81 7 31 42 13 60 35 97 28 37 46 96 40 50 9 94 25 16 34 66 48 19 10 49 36 73 93 57 39 80 5 12 18 19 44 53 56 81 50 32 73 95 98 72 58 95 99 22 95 16 83 31 75 
96 19 26 55 47 6 31 41 11 86 83 3 69 58 9 85 93 27 80 40 40 17 54 75 93 78 73 81 30 36 44 4 21 10 4 60 35 5 23 96 50 84 9 42 69 30 1 16 36 1 31 81 43 87 79 36 4 20 48 9 75 67 82 98 1 90 16 72 26 43 43 74 7 29 51 76 44 46 91 56 47 22 63 57 17 91 23 41 85 51 3 9 14 11 25 10 68 85 18 22 
58 36 33 71 86 7 21 95 93 27 9 69 89 21 5 99 88 79 30 13 19 9 42 21 55 4 89 15 86 34 50 79 46 1 38 76 49 44 86 23 32 94 24 44 90 10 77 17 59 66 48 37 86 16 24 58 82 50 25 82 76 25 72 86 14 48 42 96 90 58 0 27 50 29 40 61 2 21 46 88 79 64 28 84 27 11 30 8 60 81 91 34 25 94 64 64 67 27 97 37 
64 8 33 48 18 50 97 55 10 98 38 38 39 21 23 51 9 46 24 98 64 65 77 88 46 61 25 37 88 49 91 88 88 38 46 34 48 8 39 55 21 1 27 27 11 14 57 57 60 88 94 96 47 66 80 16 46 62 76 4 69 25 15 31 37 75 51 39 1 14 45 44 44 6 10 59 79 53 90 83 8 91 76 12 40 17 64 45 93 81 57 5 14 65 67 74 83 61 11 62 
80 18 68 31 10 73 71 45 68 47 54 29 38 86 98 27 19 80 64 0 51 51 92 21 76 44 77 49 95 55 80 5 33 99 92 48 79 42 77 33 53 40 12 54 65 57 35 68 72 84 86 20 81 86 28 40 15 38 45 6 31 29 96 77 21 37 41 18 43 70 86 84 82 5 1 43 30 69 20 29 64 26 4 78 2 83 31 58 69 19 77 28 85 8 16 97 14 40 7 21 
19 95 72 62 52 80 30 99 4 32 5 50 74 96 27 29 62 59 51 9 24 27 48 81 73 26 84 58 63 52 85 95 18 39 64 74 34 7 72 91 19 11 26 76 54 88 39 26 6 40 61 4 75 66 33 25 74 4 0 91 61 49 76 33 16 36 42 1 48 20 6 70 35 18 75 27 73 60 87 41 69 72 53 93 95 40 13 46 96 14 11 69 82 39 49 58 14 76 10 94 
23 25 15 85 41 46 27 30 10 70 61 69 19 13 70 68 2 53 40 81 7 5 91 39 41 26 73 75 75 57 87 18 66 57 50 4 52 37 15 18 85 41 15 2 17 73 78 59 62 5 66 33 40 79 94 22 2 86 59 87 91 97 83 72 29 16 0 86 12 16 55 98 34 92 78 50 18 79 27 39 15 65 14 19 50 18 65 82 38 88 50 48 82 95 56 33 77 1 89 83 
30 24 83 55 38 13 46 82 38 67 22 23 79 63 78 90 93 20 0 18 0 2 29 10 29 67 55 53 84 14 45 4 37 52 23 9 53 23 83 93 57 96 19 60 21 0 20 80 82 67 82 75 52 98 45 42 76 41 80 19 73 86 0 13 29 35 51 91 13 74 60 65 16 4 62 49 82 73 73 49 28 54 81 68 35 10 54 8 57 97 50 63 73 45 53 33 99 31 62 37 
0 50 51 6 15 78 82 88 83 13 5 50 67 60 51 22 0 72 12 59 74 99 75 27 94 55 9 77 62 7 5 92 5 67 94 49 84 86 61 53 89 79 55 59 67 47 37 36 47 50 46 76 86 55 45 84 23 13 8 85 98 83 16 76 64 42 38 82 13 49 69 61 12 1 33 39 53 90 99 47 17 42 22 90 49 25 41 93 28 9 94 48 83 59 51 12 26 53 63 52 
57 33 63 36 38 38 17 83 17 81 52 3 97 47 70 94 12 53 27 44 86 4 47 18 54 87 85 1 18 49 20 95 60 87 51 73 1 49 20 2 5 96 66 55 19 25 95 36 86 27 59 5 52 22 50 72 74 63 12 50 9 10 99 41 35 43 28 13 12 92 62 69 31 23 95 32 60 72 69 91 12 56 72 85 59 24 88 78 36 71 14 40 81 45 90 39 81 18 12 31 
96 58 63 12 2 70 80 33 75 16 35 87 56 26 27 32 53 96 17 23 26 39 92 59 96 32 54 32 66 38 69 16 84 3 14 50 50 57 17 3 28 17 39 46 16 11 37 37 56 28 65 92 27 47 34 2 94 13 55 54 83 85 56 92 56 47 76 59 8 21 18 89 31 67 31 13 48 29 63 29 72 74 60 52 48 23 79 5 21 31 60 93 19 85 13 62 68 10 45 72 
31 48 50 48 9 22 28 23 2 50 28 79 11 88 34 36 63 12 57 46 7 25 7 98 90 16 3 30 25 81 57 49 72 39 3 43 93 74 86 1 28 24 99 32 99 21 86 28 35 72 46 74 27 1 34 41 41 36 40 81 38 42 80 69 9 47 15 79 95 11 29 66 66 53 3 71 3 25 25 39 60 45 47 16 30 98 86 49 11 87 90 3 0 78 22 73 88 34 47 68 
40 54 20 24 86 52 49 25 40 16 23 2 95 53 48 34 79 20 43 75 32 60 42 91 45 6 58 89 77 18 11 61 63 57 57 39 86 85 69 94 33 77 60 44 23 6 53 36 14 3 53 62 69 27 36 50 55 72 1 4 74 30 74 87 77 5 6 68 57 0 79 49 86 22 15 77 56 22 89 35 88 15 36 79 9 8 32 92 58 94 99 94 5 13 90 41 4 51 72 23 
56 93 51 7 47 66 74 11 67 7 69 51 31 24 15 82 72 75 77 31 20 82 8 96 57 33 61 36 50 10 62 39 98 8 72 55 77 54 55 40 26 16 26 79 86 98 47 54 70 48 4 30 27 50 80 34 83 65 84 83 94 65 22 77 91 41 87 22 79 64 51 52 96 81 77 87 70 33 96 99 12 95 34 19 39 40 42 91 22 69 35 39 29 66 62 57 75 32 92 79 
70 73 22 92 66 54 29 17 17 29 26 82 33 32 5 7 26 30 87 8 82 89 46 0 58 92 68 49 83 9 3 35 77 25 96 60 26 35 41 86 34 82 72 55 30 27 9 5 6 31 83 12 95 13 36 69 97 22 58 92 10 12 56 9 72 61 40 51 87 8 88 17 77 21 72 97 61 97 60 70 38 47 62 28 58 17 10 23 39 70 88 4 12 98 6 91 71 87 23 13 
94 1 71 8 79 40 68 9 48 68 88 97 31 22 64 0 94 57 92 13 55 79 20 66 74 37 63 14 71 12 53 88 13 30 74 31 15 1 69 50 7 57 14 87 0 92 60 95 52 1 94 64 61 57 48 17 7 86 21 84 43 73 38 37 15 91 1 63 9 94 59 37 44 93 42 51 41 97 64 41 47 73 12 43 85 16 38 17 19 46 61 49 75 9 58 87 57 61 76 92 
26 45 18 42 1 87 64 38 62 73 54 55 19 42 98 55 68 61 24 20 47 72 18 60 60 87 92 12 61 66 42 77 45 13 69 96 42 62 24 76 16 56 15 45 68 22 55 15 57 66 47 0 18 95 82 82 40 45 62 16 10 83 64 19 22 17 33 88 93 32 53 92 30 82 67 74 95 19 40 76 17 36 46 57 92 69 59 47 2 50 54 28 80 5 59 93 26 15 6 61 
80 20 37 95 48 52 33 67 23 11 97 2 18 11 35 84 22 57 42 34 7 2 61 64 48 38 28 80 67 94 16 88 50 97 78 96 55 64 38 68 72 0 22 92 50 92 60 60 23 43 47 23 33 0 75 99 77 4 30 3 40 6 31 92 84 57 33 16 82 84 47 79 91 64 30 91 73 49 74 91 35 54 74 7 99 10 63 98 31 10 8 91 42 3 51 26 89 35 13 82 
5 10 58 31 23 69 59 82 93 84 29 6 98 72 43 50 38 27 91 84 66 75 89 84 23 69 83 97 97 19 16 63 13 4 39 6 4 90 31 22 0 63 17 59 45 24 93 23 25 16 29 70 3 5 22 57 6 88 68 70 72 45 56 67 69 60 64 49 66 91 55 42 90 20 98 94 67 91 86 39 80 35 86 27 86 15 79 63 64 8 54 1 7 33 70 77 17 44 7 55 
74 79 59 83 37 18 35 11 21 27 32 85 3 81 38 16 57 41 12 93 75 77 53 69 53 48 50 49 46 11 82 17 79 16 27 89 31 56 29 1 90 77 31 86 7 78 64 89 86 67 64 48 1 44 53 79 91 8 36 49 23 89 67 14 66 41 90 79 67 96 48 80 18 97 5 46 11 87 82 89 4 57 65 67 46 83 5 58 95 10 92 46 24 1 15 51 14 78 73 50 
58 33 68 89 77 64 89 36 51 62 10 81 36 27 61 99 56 43 70 23 71 70 97 87 42 73 13 55 95 0 84 1 91 95 29 24 4 28 78 40 4 28 37 56 68 73 53 32 29 33 8 85 83 85 56 22 39 92 87 15 77 93 15 41 98 42 78 72 26 62 49 16 61 42 91 63 50 75 29 93 1 28 15 9 58 65 57 47 66 14 63 39 57 62 82 85 23 98 64 46 
35 23 66 25 22 55 0 5 94 94 96 54 22 3 95 50 15 40 40 27 76 60 6 26 58 59 85 58 91 55 71 81 48 42 17 6 68 22 27 79 3 40 84 57 54 0 47 94 73 85 69 38 7 80 48 1 0 21 11 55 1 70 23 34 80 38 37 68 90 61 78 37 9 38 3 51 5 90 81 74 73 59 55 59 38 27 93 79 96 94 1 81 98 97 44 92 71 45 52 66 
88 91 55 22 40 65 54 31 57 12 39 20 25 72 35 83 93 53 80 33 21 16 47 48 72 25 61 60 26 14 4 90 79 60 67 70 53 11 93 27 40 36 34 20 93 47 30 69 77 39 87 58 11 65 97 75 93 75 40 70 7 72 26 8 85 51 58 38 99 82 56 43 61 33 49 81 39 56 77 22 69 35 92 75 67 7 82 55 73 29 15 77 77 37 34 93 13 14 75 74 
22 33 38 96 41 71 38 72 21 87 39 53 61 55 12 60 80 21 24 87 2 77 91 93 85 4 31 61 8 28 4 85 30 35 84 70 7 18 87 17 22 44 31 15 94 9 99 16 70 34 61 80 50 65 8 56 85 17 75 99 0 74 31 68 92 74 27 28 3 38 25 31 91 47 48 31 47 47 8 0 54 92 50 13 1 79 41 91 84 4 8 36 56 26 13 11 4 53 52 70 
81 67 44 86 66 64 47 35 80 11 65 63 43 22 39 11 41 65 40 85 23 42 59 44 28 97 78 89 56 88 98 74 6 66 12 47 85 79 0 32 66 11 96 10 41 32 60 34 80 37 87 44 32 21 80 29 9 63 21 6 70 47 24 53 21 1 29 66 12 92 31 72 88 90 70 4 16 14 96 21 29 10 35 68 41 82 70 46 38 1 76 87 57 46 41 2 46 65 98 86 
38 20 55 7 6 56 51 70 29 40 20 81 17 60 40 14 74 17 87 85 0 49 13 48 30 81 46 47 82 55 64 12 83 57 70 0 60 81 47 15 71 98 56 33 47 31 61 94 13 63 5 79 21 80 69 64 55 68 59 96 4 97 35 68 63 52 26 88 3 73 61 44 59 96 48 34 3 35 64 47 72 42 21 99 43 67 56 0 34 68 84 26 36 17 27 69 55 34 64 47 
94 68 75 85 71 19 28 83 45 12 43 34 91 56 47 25 50 49 86 76 27 91 9 57 43 5 56 55 62 45 8 92 42 70 67 17 18 37 80 89 46 38 3 6 72 91 55 47 4 93 38 70 21 66 81 84 4 55 41 59 84 83 1 15 66 83 54 85 65 99 7 63 57 17 48 40 45 17 96 91 47 69 34 53 32 70 29 72 7 86 76 1 50 19 45 82 94 75 23 52 
78 42 98 26 7 58 54 3 2 49 80 93 98 12 60 19 72 25 70 96 89 22 83 60 47 80 86 98 2 47 64 7 16 48 65 10 34 63 64 52 29 19 65 62 54 22 41 53 46 41 73 73 29 82 95 5 59 40 97 9 43 97 3 29 63 47 72 46 92 69 95 35 40 42 68 14 90 31 72 26 89 72 29 90 15 20 43 63 98 54 2 3 80 59 37 23 35 22 98 79 
77 13 64 91 78 84 89 8 26 70 19 7 97 24 81 44 51 55 97 83 73 94 45 40 25 27 30 49 77 68 17 92 95 29 25 80 16 88 79 72 94 38 12 83 58 52 24 7 18 71 63 8 15 48 21 87 63 35 54 90 25 63 15 10 68 51 66 60 17 18 48 16 3 28 93 3 93 91 7 90 39 17 82 3 25 84 48 88 93 41 45 90 77 70 69 96 92 78 85 36 
41 50 86 13 76 69 32 2 82 27 66 42 19 43 34 24 22 54 96 24 59 43 78 15 63 97 75 23 9 73 76 47 44 77 42 22 78 89 74 9 63 95 89 58 72 94 67 82 62 58 86 87 50 0 34 86 2 4 13 71 73 70 40 15 43 9 80 33 51 48 66 76 42 11 19 71 25 54 33 50 25 49 62 40 64 36 94 86 47 31 86 59 83 64 81 56 49 67 20 46 
54 3 90 78 14 7 18 52 47 0 19 19 20 89 19 20 16 42 39 85 41 2 47 16 16 83 3 11 34 27 33 6 84 12 32 15 7 31 32 18 88 42 82 78 50 27 39 74 23 44 28 43 24 89 8 73 91 55 18 44 35 78 12 61 55 65 17 13 42 48 30 89 75 26 19 66 79 60 92 19 23 97 16 49 64 80 93 75 44 72 69 74 79 22 38 98 90 16 1 81 
98 68 32 28 48 26 91 84 36 98 31 51 95 89 98 79 58 79 50 37 83 26 42 46 22 49 4 82 89 55 16 30 88 20 13 3 88 52 69 88 8 39 0 33 28 73 71 64 29 39 15 48 33 9 51 63 85 57 65 84 0 0 57 86 14 80 35 60 57 42 20 93 43 89 90 9 24 35 35 97 97 94 7 71 93 45 89 50 15 0 60 49 80 37 61 1 47 45 76 12 
30 38 51 35 86 78 87 28 65 28 26 25 75 62 99 47 76 54 43 58 84 13 76 28 97 17 69 20 76 17 37 22 56 11 7 80 44 77 21 10 7 68 51 21 6 41 51 84 4 25 47 28 65 7 94 82 33 56 19 11 26 26 70 19 65 97 32 9 49 46 81 86 53 72 88 80 58 81 79 69 16 12 27 24 21 52 42 75 46 38 55 97 14 6 51 10 64 0 78 37 
97 89 75 25 19 54 15 23 64 44 78 95 53 1 20 1 44 59 40 50 71 43 27 27 88 83 35 73 74 88 96 94 45 93 95 6 61 96 13 62 15 12 38 29 9 74 62 72 90 24 56 52 61 19 17 8 50 60 39 64 22 29 75 72 76 32 56 46 20 44 70 96 67 12 29 12 86 85 29 72 72 59 13 72 71 78 15 37 6 89 28 77 84 23 76 88 7 58 23 5 
43 44 41 17 37 56 12 23 99 80 96 30 69 60 88 71 73 32 43 33 51 5 51 13 80 34 25 46 9 37 17 82 90 7 84 11 0 3 31 87 5 77 45 29 86 99 45 20 51 57 93 9 10 62 51 15 43 62 54 41 18 54 76 82 33 40 61 79 28 95 86 32 10 55 58 46 90 73 32 28 66 97 31 33 70 23 83 64 80 4 33 29 98 77 60 88 89 57 69 24 
89 91 60 29 30 26 56 12 73 52 85 78 89 93 56 96 75 40 94 87 79 86 32 56 42 54 15 85 85 29 12 96 12 63 58 87 87 70 27 16 27 61 27 99 36 87 3 15 5 10 13 46 41 37 93 19 5 82 39 4 62 64 25 75 84 68 40 57 23 30 31 6 69 5 0 87 72 17 45 65 61 11 28 45 41 86 26 13 31 75 86 14 35 2 18 30 26 76 82 0 
53 16 31 85 46 38 98 81 68 89 58 43 10 8 75 65 35 23 11 88 69 27 58 90 68 79 33 21 16 8 48 79 6 72 92 50 62 66 70 30 8 41 21 36 45 45 10 58 56 42 34 48 18 84 15 85 33 67 51 31 60 0 58 35 84 36 50 84 22 3 83 53 57 43 84 25 20 15 12 83 83 98 14 26 14 40 35 87 51 34 56 68 98 37 79 15 9 49 77 64 
89 55 95 11 54 29 97 46 85 28 10 9 72 46 74 78 18 2 48 63 85 17 0 98 88 85 68 40 73 51 81 57 87 37 76 8 19 2 81 58 52 9 89 75 24 12 75 79 17 29 8 18 76 82 43 7 92 94 5 6 51 79 5 20 69 80 24 50 17 94 64 45 59 99 50 66 86 79 13 2 63 95 81 31 74 62 40 43 98 30 18 80 95 35 67 69 49 34 49 24 
86 73 70 16 8 53 52 69 46 3 88 70 1 23 28 23 81 22 24 43 16 39 54 39 33 56 49 39 6 30 87 52 85 67 67 71 27 10 70 81 40 68 67 36 70 49 24 21 5 60 59 34 60 52 87 66 74 79 72 63 41 12 92 99 7 8 18 30 6 92 99 74 85 90 60 8 6 97 67 94 32 6 81 34 66 80 3 86 37 34 28 92 88 76 70 68 66 92 64 7 
31 34 24 23 68 21 5 17 5 67 71 50 96 54 30 16 32 17 79 62 54 55 8 71 38 34 15 8 13 47 45 41 49 88 77 49 30 77 15 51 24 11 9 72 5 66 13 50 20 74 43 35 65 9 45 67 84 10 37 70 16 33 69 58 33 22 50 75 50 71 5 91 50 65 69 16 49 69 75 24 85 75 11 85 59 56 72 5 4 81 4 15 20 78 84 42 86 20 82 2 
20 49 29 41 63 77 59 80 94 55 32 17 12 96 18 95 68 95 91 0 80 37 2 43 44 39 73 6 40 46 3 37 12 24 6 28 40 80 11 1 83 16 36 2 43 25 17 62 66 20 43 93 84 83 70 97 25 6 90 14 87 16 95 29 75 41 27 37 48 88 4 94 9 39 39 75 21 70 52 85 43 26 35 80 83 12 99 25 5 37 21 57 80 94 23 30 36 10 21 43 
88 31 7 41 3 50 0 19 79 51 15 73 66 5 81 16 73 90 2 16 42 86 95 16 2 56 11 71 99 9 84 79 18 19 44 2 45 37 13 78 79 73 22 77 44 17 63 46 10 7 11 34 72 75 39 95 30 34 30 20 17 8 83 37 28 50 55 46 59 18 8 54 12 86 41 18 67 18 34 69 15 97 42 50 73 22 87 56 34 37 78 55 49 85 24 96 34 98 36 81 
46 14 18 68 98 27 55 27 37 33 14 82 66 46 34 9 3 81 5 22 48 55 65 25 35 79 45 61 78 25 98 54 21 77 14 71 50 13 9 9 98 16 31 0 74 21 45 95 97 3 66 99 68 34 60 57 27 26 23 27 34 2 78 53 41 23 70 0 43 42 59 8 73 88 76 96 72 1 53 35 36 4 78 24 80 28 47 80 54 65 38 47 1 56 65 44 8 69 60 54 
81 64 89 43 30 38 82 70 26 56 87 29 47 68 53 20 70 79 70 69 24 98 6 64 76 57 28 29 4 29 66 83 29 42 94 75 17 84 17 41 63 29 99 50 30 7 71 4 18 5 16 70 87 28 78 79 82 96 98 84 57 53 2 31 78 55 64 35 59 76 53 58 36 52 56 46 69 37 83 79 94 48 70 35 41 23 80 15 3 41 54 62 33 19 88 35 84 33 69 32 
23 32 62 88 28 1 20 72 57 2 42 46 36 59 61 62 29 47 34 89 19 12 95 54 18 5 78 87 64 87 70 13 57 70 88 60 47 72 29 25 97 82 72 88 39 6 42 48 35 69 37 41 71 45 74 61 71 58 66 34 24 77 11 35 54 69 78 25 1 41 16 40 74 85 1 86 96 9 52 39 60 51 21 98 62 25 99 55 29 85 46 85 43 43 24 94 84 76 49 56 
55 32 29 94 46 23 25 8 26 64 50 51 11 90 53 49 89 50 94 51 11 64 16 35 14 45 60 25 30 5 21 89 72 54 35 39 87 5 43 77 9 91 79 40 77 15 39 37 10 1 38 70 77 34 45 73 71 55 92 73 17 35 50 43 73 29 28 66 81 69 93 13 21 18 72 69 88 20 53 63 47 11 65 39 32 71 68 11 33 97 44 21 51 42 28 34 76 63 46 7 
55 57 13 22 99 93 13 78 58 66 72 22 48 26 25 63 94 79 95 84 20 7 60 30 47 70 18 99 27 10 18 68 49 39 44 34 42 12 6 12 7 14 44 27 87 7 91 18 94 30 4 84 45 73 72 63 34 27 53 66 34 39 60 62 15 53 1 5 11 88 43 91 1 87 52 53 38 35 87 19 37 28 40 64 15 32 64 29 82 89 2 54 31 39 40 12 49 37 98 80 
92 11 67 74 86 40 18 66 33 33 25 58 41 41 87 96 99 66 71 7 46 60 34 72 16 9 78 44 92 25 53 62 3 26 7 30 17 67 96 83 66 12 68 0 5 74 33 11 59 45 18 18 83 49 60 20 12 64 17 26 64 20 55 44 56 58 16 98 31 19 15 86 59 98 1 85 69 57 33 34 89 83 81 58 3 90 91 89 76 6 82 35 27 86 96 46 21 13 27 27 
39 52 39 11 64 62 96 92 86 91 49 77 9 14 92 94 57 88 74 27 51 50 89 54 91 91 36 39 0 49 67 8 65 86 64 49 23 60 9 74 87 77 7 7 65 16 30 3 73 80 94 39 17 92 38 9 75 99 7 92 57 69 43 70 78 5 61 85 14 0 84 27 80 41 76 88 3 87 69 36 28 32 39 21 75 44 48 61 12 6 76 24 78 96 50 49 24 61 4 95 
0 66 84 50 22 17 56 37 58 6 95 50 41 14 33 92 59 2 61 17 76 8 12 52 85 32 73 24 30 2 99 42 82 62 59 19 44 31 86 62 63 33 17 76 8 89 35 97 96 42 35 22 26 69 91 44 57 28 80 80 29 12 27 82 14 40 79 83 54 13 44 30 81 43 99 87 6 56 43 3 7 60 83 63 55 13 57 63 35 88 59 8 7 71 68 28 18 0 33 2 
9 54 72 98 64 98 89 95 21 13 23 35 42 28 5 34 13 68 54 25 54 92 53 77 87 59 73 20 74 26 97 35 76 82 19 77 97 37 54 19 52 23 12 77 80 39 21 67 51 27 33 75 14 8 56 58 73 57 0 81 89 83 66 91 31 53 37 40 58 84 15 20 8 46 50 0 25 31 34 7 5 44 79 45 39 48 82 32 50 7 3 32 35 85 58 45 30 91 46 51 
21 80 16 1 47 78 12 0 14 93 37 34 88 77 85 58 50 12 0 23 9 55 79 49 76 29 71 18 10 20 5 25 54 75 17 35 64 11 12 34 42 98 11 71 87 48 72 31 30 76 30 90 90 7 24 63 73 60 30 69 14 92 39 6 84 10 98 5 40 37 96 78 65 64 85 15 70 79 39 99 88 5 47 5 42 41 6 98 13 72 43 67 35 95 49 95 71 69 95 68 
30 48 85 35 36 29 78 69 86 88 17 27 94 5 45 9 96 96 60 3 12 11 69 84 4 17 64 84 67 21 91 87 66 0 35 98 2 8 61 14 58 29 41 99 50 5 38 22 88 11 95 14 83 0 58 3 5 74 91 20 17 48 31 35 28 50 70 83 71 36 57 65 54 17 48 94 84 14 91 0 71 92 87 94 60 14 76 13 94 51 1 8 32 20 71 20 41 48 49 65 
12 95 79 83 22 72 82 76 82 86 24 41 7 42 16 28 50 11 12 9 8 98 5 79 48 15 27 97 72 19 42 40 24 84 23 36 87 42 19 75 66 63 13 88 71 65 98 27 10 30 38 96 94 28 80 18 62 31 30 59 33 80 11 65 99 83 41 95 21 7 74 68 12 68 81 83 80 29 85 92 98 27 82 17 12 58 46 37 1 83 2 37 17 49 97 52 57 88 1 77 
2 15 65 98 26 0 41 82 0 2 32 78 33 70 91 25 67 66 19 3 53 30 13 8 27 44 39 4 15 43 94 1 60 78 10 26 46 85 62 79 70 16 32 38 28 47 99 44 38 66 55 9 66 86 56 51 7 47 83 82 16 44 97 0 30 76 70 7 67 54 58 43 79 71 81 8 22 26 56 73 21 33 45 70 53 10 43 55 54 72 39 69 33 99 38 73 28 17 1 19 
14 27 37 48 57 31 11 51 87 23 71 53 21 10 86 27 50 42 74 52 35 2 61 42 96 0 1 65 51 45 3 62 6 36 25 46 46 93 21 88 51 75 67 31 53 43 42 75 59 42 64 9 66 81 99 65 4 56 22 95 2 69 7 66 23 29 64 93 70 19 53 30 75 60 94 95 13 71 81 71 74 82 22 39 7 21 9 29 10 89 88 52 66 63 50 8 9 74 55 20 
91 71 45 78 78 43 46 75 5 34 7 58 18 18 36 57 63 34 53 78 0 36 77 72 37 65 72 34 1 47 14 63 55 7 42 59 8 73 13 37 50 4 28 73 75 22 18 56 17 28 26 54 85 22 15 90 21 49 13 72 98 49 13 3 50 89 24 54 10 8 97 93 7 21 55 8 94 15 0 3 30 47 59 82 5 81 19 23 5 85 89 46 92 86 76 60 42 39 11 39 
87 30 22 92 85 21 33 82 46 31 66 3 41 63 21 49 65 99 88 90 50 76 12 99 72 87 46 93 77 51 86 41 39 97 2 94 35 72 82 0 36 23 51 3 66 52 52 28 60 79 80 20 31 57 1 67 21 29 89 35 11 12 42 84 27 19 67 62 53 79 54 29 90 24 80 92 1 50 59 58 82 0 33 80 0 98 13 79 84 2 51 29 78 77 72 82 6 87 35 37 
15 72 72 22 38 16 29 98 55 98 20 57 15 0 77 47 54 30 4 19 31 16 4 56 24 0 37 32 60 73 76 62 42 52 62 94 32 33 62 88 11 30 17 9 44 90 90 5 36 53 70 26 32 57 6 39 40 36 72 65 1 69 47 26 61 20 54 82 50 54 94 7 65 84 67 87 44 70 40 9 66 99 6 69 82 67 32 75 95 1 80 31 2 79 59 56 84 70 81 78 
6 74 63 70 26 58 26 19 84 16 81 60 40 64 50 67 6 97 9 0 36 47 64 2 66 55 42 21 32 68 42 1 3 75 91 70 13 90 82 24 31 60 87 93 71 44 36 69 19 18 90 93 87 90 1 79 22 69 78 29 36 41 15 60 6 16 51 70 22 10 31 15 77 42 16 89 10 35 73 78 37 16 75 71 84 14 3 18 93 5 4 95 40 16 71 54 10 41 43 43 
98 84 68 23 46 58 82 67 94 29 37 23 1 58 52 93 44 64 86 30 99 63 44 11 64 55 89 40 35 74 79 1 60 75 94 41 87 16 50 56 29 55 7 88 46 28 64 60 26 22 34 19 88 95 6 6 77 49 18 97 33 23 26 31 72 47 45 53 11 73 7 88 73 67 1 16 36 90 41 79 98 65 34 15 1 97 54 52 23 22 10 30 49 80 9 25 78 59 61 30 
59 3 91 70 94 26 5 40 31 28 61 95 13 74 11 99 9 86 67 29 56 66 16 2 90 81 68 89 67 9 18 36 29 59 28 54 2 21 40 83 52 2 93 0 30 23 93 18 76 56 82 19 46 69 98 30 89 50 31 92 38 20 95 93 19 82 63 61 87 6 34 94 46 61 25 53 85 90 12 34 31 21 55 53 4 87 14 94 9 23 78 89 4 21 73 78 21 22 28 23 
85 3 15 76 25 63 64 90 99 81 68 39 93 7 94 29 55 4 61 89 42 53 77 66 16 34 40 26 49 85 7 7 74 99 14 94 26 21 4 56 31 6 28 14 78 60 59 87 65 76 7 44 4 74 15 87 46 48 84 30 21 85 71 62 12 45 69 99 16 28 59 3 53 36 70 63 99 71 97 77 84 19 56 38 80 4 65 57 2 87 61 41 76 92 46 4 35 59 82 68 
56 58 30 86 86 75 68 81 27 79 46 88 68 86 12 76 41 41 87 88 45 71 35 33 19 21 42 60 57 60 62 69 0 1 1 38 57 95 3 89 94 46 56 83 20 91 54 89 59 35 29 99 6 21 69 2 13 36 88 62 36 60 53 93 34 63 48 99 74 31 22 62 65 7 3 63 88 51 59 98 99 48 54 15 1 23 32 6 18 85 36 51 43 43 70 57 37 34 94 48 
21 21 47 1 94 86 81 75 64 79 11 11 52 62 52 3 19 27 60 22 55 64 89 43 27 21 31 64 82 17 88 37 63 96 0 30 68 19 1 37 53 21 30 31 74 72 61 72 99 51 29 20 70 17 5 25 10 74 22 47 72 0 27 31 43 93 38 32 32 26 66 73 69 23 35 82 81 22 38 1 85 45 46 28 78 72 58 26 3 14 68 58 67 82 65 30 78 74 25 11 
