19 47 20 36 61 16 18 94 50 5 41 37 33 38 52 3 72 77 5 67 82 99 20 4 59 46 17 17 73 59 9 37 38 17 94 37 94 42 30 55 42 96 65 5 73 42 58 58 6 16 56 68 26 84 57 36 83 71 14 10 69 91 8 20 72 42 55 72 27 67 1 87 16 83 37 49 23 87 12 11 51 73 44 44 30 80 24 15 45 23 11 51 76 0 28 12 58 97 33 29 
17 39 70 63 47 35 49 13 76 30 44 1 48 31 78 86 7 3 98 73 99 96 28 73 53 58 81 34 32 38 17 74 98 11 79 47 39 31 17 87 99 21 84 92 23 24 58 94 84 37 23 4 63 24 5 47 8 33 19 61 52 36 83 8 88 61 42 21 89 34 5 60 37 50 33 41 39 63 0 9 29 93 46 21 16 1 1 54 62 61 25 62 12 49 55 10 11 7 8 68 
24 94 64 67 48 63 63 60 81 12 8 79 90 90 53 99 99 94 30 82 77 10 57 92 27 80 80 30 37 91 61 54 32 70 3 81 70 82 14 84 99 15 37 59 96 69 62 99 47 91 22 22 28 12 5 36 46 49 92 28 84 63 92 36 61 73 14 85 82 21 62 10 4 0 65 10 50 79 98 44 88 27 98 47 68 67 34 66 39 57 45 69 44 97 59 65 56 65 41 33 
45 94 54 85 1 11 54 71 1 60 89 44 15 20 61 96 63 39 72 77 49 86 76 61 87 39 24 14 56 53 16 89 94 16 75 54 88 5 52 83 43 24 62 67 15 37 5 86 88 93 90 22 33 5 13 51 31 64 84 46 94 29 58 54 77 67 77 49 95 56 65 66 51 80 19 75 32 58 40 8 31 87 26 80 53 30 67 92 71 12 7 82 97 65 72 76 23 90 16 57 
78 21 80 43 70 66 62 13 46 51 0 91 57 86 86 20 96 90 71 15 48 23 33 69 57 86 83 2 35 99 52 94 88 73 72 46 66 23 64 91 58 61 67 43 77 83 15 33 10 31 10 53 9 5 33 40 90 94 0 25 29 1 80 98 69 98 70 49 10 24 1 41 35 82 45 75 79 36 61 68 72 19 90 86 18 94 52 91 77 10 90 12 33 73 33 94 29 34 22 65 
22 72 53 83 1 95 60 3 32 39 7 33 85 60 0 61 15 62 7 37 57 70 68 68 20 89 47 37 72 99 64 49 62 70 31 28 81 92 54 92 11 47 7 59 49 52 87 70 21 77 44 19 34 27 5 9 41 54 26 68 59 95 47 95 7 88 25 48 90 18 93 74 8 47 19 98 93 33 49 78 63 76 51 36 5 79 26 86 25 8 78 22 50 73 17 71 9 93 21 68 
72 95 91 57 56 33 68 32 72 65 68 93 17 57 86 9 93 44 39 95 42 23 83 89 31 96 32 86 98 53 44 8 0 65 53 55 33 56 50 62 2 87 49 90 36 21 7 17 54 52 8 74 14 68 20 49 48 82 5 91 48 32 89 7 41 51 34 59 34 68 33 15 95 55 84 94 51 33 43 33 1 85 49 96 37 13 42 75 80 26 71 44 82 62 86 98 91 24 80 31 
24 89 84 9 92 73 49 97 70 23 62 49 45 6 65 80 17 92 69 31 96 76 84 6 29 39 37 36 7 6 17 75 85 3 45 16 28 29 39 66 82 89 64 16 22 26 45 15 8 71 25 0 95 24 51 19 0 95 12 2 40 0 62 37 8 26 22 69 32 59 39 45 86 25 57 43 33 7 33 68 42 20 69 63 37 50 63 95 15 22 17 67 70 90 83 34 30 74 28 92 
95 15 86 15 90 61 80 97 37 24 21 9 57 66 35 51 78 46 1 86 74 48 64 92 6 43 4 24 65 95 11 64 37 97 34 68 51 88 46 99 90 5 61 50 11 9 85 25 67 89 65 19 22 33 31 61 82 45 64 75 39 70 90 53 70 89 27 99 68 98 71 32 76 22 52 48 35 76 92 33 83 33 38 94 14 2 37 85 65 27 61 27 92 41 87 57 39 24 27 49 
53 50 39 65 72 67 51 27 38 65 28 46 99 19 30 88 82 45 33 29 12 38 73 27 2 90 24 57 79 12 16 93 27 34 38 93 53 76 31 22 75 35 68 64 81 72 95 81 39 88 8 84 45 72 5 63 99 23 98 0 54 55 63 52 92 73 24 5 52 41 53 42 78 14 26 73 59 58 14 32 76 81 22 63 11 78 41 32 23 54 37 48 93 27 24 85 95 55 24 73 
31 63 0 70 59 58 84 18 25 35 19 2 93 82 3 73 22 48 24 2 20 21 44 25 83 26 71 61 57 33 71 0 85 28 3 27 7 27 59 2 61 69 94 62 3 77 18 75 47 95 48 16 20 66 89 80 40 94 68 20 48 61 65 11 27 5 85 13 89 78 43 15 85 46 10 57 97 84 0 56 89 9 91 59 99 28 10 85 41 57 62 9 15 88 74 17 75 79 51 31 
86 97 24 77 68 32 25 6 11 22 90 25 72 0 22 22 3 78 52 99 93 90 87 85 14 66 5 27 4 12 29 57 84 73 33 93 15 77 17 34 26 7 26 86 89 58 93 70 98 22 95 11 28 48 97 43 18 80 36 36 14 90 31 81 53 95 0 62 89 12 15 77 32 55 88 26 55 89 12 10 23 95 55 28 43 41 33 56 6 76 77 97 74 8 25 92 9 13 91 6 
18 85 39 38 68 46 58 62 82 83 70 87 99 65 16 87 92 20 86 31 70 36 13 22 6 13 94 93 38 13 47 70 55 24 88 1 15 96 50 1 11 42 81 89 53 68 69 44 30 57 74 89 83 38 96 10 1 67 47 21 46 77 71 92 14 9 24 88 31 49 21 40 45 21 43 43 29 68 39 14 34 72 27 22 24 64 13 21 40 49 76 95 81 91 45 64 10 32 85 93 
23 17 96 99 44 88 9 86 47 66 54 69 14 33 98 61 21 89 26 73 1 15 57 69 33 66 79 38 76 37 4 20 39 44 96 21 37 27 50 57 4 92 14 74 37 25 95 47 15 56 93 35 55 45 26 3 40 85 59 56 82 16 29 46 72 6 56 42 6 70 92 9 43 75 18 81 67 46 10 27 85 75 47 74 71 59 30 38 85 26 35 49 55 10 96 54 97 80 74 55 
2 69 13 97 84 79 8 69 65 77 87 89 95 89 56 44 76 1 78 14 93 36 31 75 83 41 60 37 63 4 20 44 30 52 79 86 28 33 54 39 50 86 93 95 49 2 91 21 58 91 59 18 35 91 41 47 87 14 30 95 96 52 32 80 32 35 40 80 50 95 69 82 3 18 13 15 0 54 94 10 37 1 50 75 95 35 59 68 78 54 2 31 6 62 55 64 3 46 64 26 
74 91 1 15 34 99 51 57 75 85 7 71 26 51 18 16 1 76 87 34 28 59 92 94 77 40 64 15 3 97 81 8 33 48 34 46 81 79 35 6 51 95 79 19 64 46 46 82 58 22 23 31 42 19 32 3 3 20 45 14 57 49 97 87 70 53 87 38 11 13 73 86 43 56 26 63 87 0 69 53 17 45 8 33 47 1 78 55 62 40 48 29 44 8 78 31 9 32 49 12 
85 12 96 28 15 5 68 66 28 82 12 16 7 86 49 8 71 52 37 17 69 67 94 87 12 36 6 15 19 4 16 47 90 2 57 73 75 4 61 85 42 9 19 67 66 15 60 81 99 74 70 98 57 33 43 40 98 39 18 52 79 93 84 12 46 22 60 64 12 22 32 67 85 12 54 7 16 1 19 32 78 82 25 50 1 6 55 62 69 39 37 34 77 15 85 34 62 28 61 58 
53 92 10 13 70 38 97 48 17 17 47 32 52 40 2 28 21 82 94 50 89 43 73 56 17 58 87 98 13 92 4 14 10 76 95 19 40 17 19 37 11 93 28 45 57 92 21 97 81 93 27 63 47 70 56 54 48 70 97 43 67 66 53 33 4 40 55 36 67 28 9 99 52 99 22 25 94 34 21 96 58 67 59 47 62 90 99 41 25 71 92 2 20 22 23 59 98 42 98 4 
84 98 75 2 36 34 89 13 54 78 63 38 7 32 98 70 46 90 74 69 53 41 48 31 29 12 51 7 4 80 95 93 50 37 49 13 5 61 24 12 62 48 27 74 61 16 52 29 76 2 1 61 78 60 81 9 81 0 61 65 43 45 27 88 21 4 43 80 13 46 28 48 64 20 45 65 62 79 1 75 86 78 24 86 62 44 43 73 25 6 61 66 81 97 42 40 13 7 92 24 
59 84 5 33 43 19 69 47 69 46 96 86 74 82 34 84 9 38 89 18 99 27 46 82 65 60 24 19 39 2 53 73 20 71 27 44 0 51 6 27 11 39 91 91 0 62 16 2 34 52 8 29 9 45 34 57 80 25 29 85 38 62 67 58 51 67 38 9 73 5 46 85 70 84 72 17 51 50 2 60 97 32 64 13 87 21 91 41 32 14 12 59 79 41 59 24 16 0 81 15 
57 18 3 14 69 99 0 77 7 90 16 55 2 16 53 39 91 36 6 65 96 83 3 17 56 76 80 18 27 26 41 75 40 44 74 10 40 10 70 10 48 11 62 23 70 18 75 95 11 16 55 27 97 82 96 26 95 87 29 65 41 5 70 24 11 85 42 8 31 99 48 78 43 23 3 7 23 40 33 96 63 75 65 67 37 68 28 42 16 75 25 61 57 25 88 55 81 92 49 89 
67 20 36 33 59 51 84 60 8 24 37 46 89 0 18 71 62 57 66 15 61 90 77 77 56 10 55 51 26 32 17 37 84 92 71 52 56 72 41 69 70 9 93 74 31 2 80 56 0 33 20 51 44 34 45 57 92 81 98 85 82 55 23 11 60 31 29 71 27 76 58 3 7 31 50 0 20 39 40 21 50 81 96 10 33 17 41 54 35 56 83 57 14 92 99 11 89 85 54 13 
19 1 43 65 94 26 55 0 53 82 38 35 28 47 76 49 58 41 33 96 97 57 76 54 81 23 61 78 6 2 62 27 12 38 55 4 16 30 98 8 53 19 34 77 58 13 73 75 81 85 4 14 4 66 82 56 4 44 13 60 96 30 0 20 47 54 8 72 68 43 97 15 4 22 7 65 81 25 10 93 22 8 95 17 90 37 9 33 98 35 10 12 81 81 25 53 91 39 64 32 
94 33 45 3 86 75 27 23 76 29 6 59 63 24 66 53 39 48 32 10 39 88 66 95 4 67 25 49 8 28 12 17 14 32 74 76 8 14 76 84 71 36 88 56 82 92 61 9 5 17 33 74 67 79 39 80 42 64 64 85 22 37 23 70 57 36 12 68 5 91 63 56 70 53 50 25 50 20 80 49 30 91 94 99 83 68 81 44 93 84 34 97 54 34 55 8 2 10 63 28 
74 39 80 18 58 94 90 29 68 32 6 42 93 50 4 17 14 96 94 71 60 0 38 76 51 67 86 54 1 48 30 70 73 4 38 27 62 98 77 89 31 4 45 0 55 70 83 85 49 85 1 20 95 86 78 39 22 68 50 73 87 79 54 94 25 19 71 74 55 37 14 17 95 56 55 74 87 31 58 83 38 40 41 87 27 16 92 93 70 49 29 68 71 32 15 60 75 65 97 0 
20 19 11 16 44 60 81 89 5 41 59 14 95 18 79 82 27 28 24 3 27 74 59 53 73 29 25 51 1 68 53 45 21 48 42 10 27 37 18 76 37 76 84 75 28 85 63 82 15 60 52 56 53 56 2 13 30 64 68 71 42 42 67 92 62 60 56 53 47 21 52 76 56 76 2 49 3 31 61 78 20 14 27 65 5 17 64 42 17 28 31 21 62 45 46 33 0 59 37 82 
76 65 53 37 77 17 85 81 18 55 92 59 81 60 64 33 30 39 79 40 58 41 72 21 89 87 60 1 94 14 5 32 79 70 78 10 33 35 41 70 0 40 34 0 86 33 52 22 8 8 29 50 22 26 49 82 80 59 87 68 21 91 15 88 11 18 71 27 27 3 81 73 66 52 77 39 99 33 51 45 76 2 83 85 20 37 59 41 87 69 36 45 31 55 29 1 92 7 28 21 
11 91 54 6 99 74 38 28 61 24 21 80 37 75 64 69 8 61 1 25 16 5 95 21 26 75 41 37 7 52 65 4 49 0 13 72 39 2 17 24 60 38 94 59 51 33 50 65 58 50 13 83 13 70 8 56 46 45 84 24 63 80 17 91 82 99 8 36 27 16 33 91 58 7 69 37 11 31 35 9 15 88 33 58 9 90 6 16 45 63 94 15 32 41 41 39 97 23 63 49 
25 44 60 0 1 91 83 95 32 36 36 46 38 23 2 47 37 65 70 80 89 23 42 18 79 58 81 16 90 35 76 56 64 62 24 0 8 54 12 37 30 70 89 96 64 39 0 74 51 45 73 62 22 55 6 32 30 11 29 89 69 69 73 56 29 98 38 7 47 88 32 90 77 32 82 50 40 85 75 50 74 99 69 87 30 50 28 46 44 56 37 74 91 88 23 78 38 60 70 15 
95 53 55 38 46 6 23 73 26 71 11 80 83 43 66 50 15 36 25 75 2 69 4 24 20 55 62 1 2 4 35 95 39 42 32 58 32 92 7 9 58 10 31 59 88 9 30 56 88 69 81 24 50 6 52 99 30 64 30 98 93 7 43 17 48 77 48 18 28 34 15 0 21 83 92 36 28 14 39 52 38 73 16 53 59 7 23 66 11 46 35 69 48 55 16 34 0 16 27 73 
21 0 83 73 74 64 54 22 31 16 98 55 32 36 89 49 34 92 78 2 30 57 56 65 94 86 67 1 17 45 61 72 27 67 31 54 21 63 17 50 94 65 28 60 50 82 93 20 33 33 64 22 64 89 11 99 55 86 96 47 2 22 46 86 22 97 67 12 83 22 45 76 36 87 2 0 48 63 92 35 18 15 83 15 35 71 50 6 84 25 51 75 0 65 14 44 11 99 82 58 
83 47 77 15 73 92 51 83 63 99 54 50 73 4 53 13 77 53 30 79 28 21 39 34 70 92 64 98 93 34 61 77 97 13 87 35 18 39 53 56 74 42 15 48 76 21 83 19 70 28 6 33 59 40 86 71 12 90 5 27 64 76 68 92 41 56 49 70 74 3 46 76 37 41 15 34 5 63 65 77 69 16 76 77 50 33 98 83 43 39 9 95 13 83 23 68 80 47 44 1 
9 42 48 38 25 14 29 4 64 81 47 76 10 6 70 11 64 96 76 34 86 91 88 32 23 93 66 80 53 56 56 43 51 27 0 47 85 42 70 45 47 34 61 72 5 80 89 86 61 77 36 31 45 26 57 47 74 64 56 5 13 18 68 58 93 14 61 14 42 6 90 65 84 40 58 0 47 92 37 83 93 72 13 22 68 24 66 19 39 31 75 99 55 69 73 6 82 39 81 88 
98 52 5 37 62 26 47 1 3 24 22 73 13 93 1 97 48 65 69 74 85 82 85 21 23 74 60 4 35 22 90 65 39 26 71 49 30 67 52 23 89 94 87 81 28 68 6 17 24 61 91 32 44 16 7 8 69 31 59 56 91 99 9 40 56 39 47 84 31 61 53 21 29 49 14 26 11 37 93 53 45 20 56 74 40 87 44 67 58 5 34 57 86 54 78 89 54 34 62 51 
37 79 14 23 96 68 49 17 61 28 10 47 69 55 64 0 26 62 26 83 33 60 55 95 84 19 21 26 52 53 80 45 17 49 18 2 70 1 17 17 74 81 61 83 38 72 78 69 49 21 59 79 15 25 92 84 10 43 54 4 42 71 69 87 29 75 75 66 77 91 70 19 38 53 33 54 36 12 3 65 86 64 45 52 2 94 55 22 19 24 4 54 97 96 33 57 68 13 39 34 
91 14 36 35 6 82 3 92 90 16 11 94 72 36 34 73 4 61 18 1 59 8 28 42 35 32 47 90 79 4 55 99 91 50 10 68 21 22 0 36 71 54 78 21 75 67 62 24 13 52 29 6 39 25 94 80 19 51 57 78 80 98 54 24 42 71 25 15 59 11 69 67 2 32 84 69 51 2 55 86 91 57 42 76 30 85 62 85 54 57 5 38 42 32 54 50 46 85 49 27 
89 67 49 4 8 53 8 48 93 1 23 89 20 2 8 8 32 14 44 81 94 86 80 46 1 59 25 25 90 1 22 13 74 24 59 76 99 84 72 94 48 73 64 1 87 41 82 58 74 90 35 99 2 7 98 33 90 77 56 68 35 89 84 40 38 68 6 18 95 95 94 36 60 76 92 61 29 65 61 5 43 36 56 79 18 18 50 20 64 4 27 75 87 54 14 65 33 30 19 7 
90 85 35 90 70 20 80 18 57 58 73 82 23 59 76 67 31 88 29 86 11 70 98 83 65 1 94 72 44 90 78 27 62 86 55 31 45 92 15 64 95 76 18 52 59 17 84 49 36 14 0 4 80 25 53 0 65 96 6 28 11 48 83 65 30 98 85 92 45 63 43 58 80 3 63 64 25 13 59 53 9 94 93 66 14 96 95 9 96 77 39 34 72 48 22 54 59 49 27 28 
31 55 90 40 22 23 50 94 24 67 32 48 7 26 44 23 81 62 45 35 9 42 17 5 25 18 66 33 91 35 83 52 18 39 41 19 16 52 53 5 49 51 50 41 25 37 59 84 17 53 15 10 36 25 99 22 65 38 44 15 17 20 94 35 86 99 96 83 31 6 85 21 94 13 50 18 75 86 12 48 47 76 97 37 86 56 18 84 12 64 68 51 66 28 4 38 11 2 79 55 
81 33 25 87 10 26 24 64 78 71 85 40 63 91 43 64 45 1 39 16 19 40 70 2 84 88 92 81 62 66 98 36 93 14 95 75 45 0 12 81 69 15 88 71 11 6 52 44 80 55 32 1 61 90 70 3 26 90 76 39 70 90 12 33 71 59 81 44 40 4 9 37 56 42 42 14 37 45 46 5 32 14 2 13 47 55 39 95 92 59 74 77 96 55 6 59 64 13 41 15 
66 19 1 79 31 76 66 64 16 44 67 46 91 70 60 13 7 21 71 94 95 84 43 54 23 23 80 70 31 89 69 27 55 7 86 92 95 41 54 6 48 95 76 44 88 19 52 23 75 93 76 23 58 19 75 83 3 75 54 61 80 93 30 49 68 13 21 4 91 89 64 84 30 99 52 14 36 17 92 23 39 28 87 11 13 22 98 35 44 71 4 69 92 3 23 37 56 34 14 14 
80 76 61 97 85 42 65 13 21 56 33 12 17 57 87 29 77 76 11 75 19 56 21 69 30 90 86 70 71 13 92 62 93 54 77 70 98 93 1 37 82 60 31 51 91 99 82 22 5 0 52 87 27 88 54 46 66 93 93 89 58 5 5 66 46 7 52 50 51 37 33 25 60 18 9 24 1 56 30 42 33 48 55 82 28 77 35 91 53 86 53 53 20 24 51 11 63 56 89 78 
18 4 89 21 13 16 97 38 85 43 41 16 41 35 97 60 15 45 20 69 17 72 46 83 93 89 19 63 81 11 66 49 71 44 81 10 76 75 25 89 73 24 13 8 90 9 90 14 67 34 13 87 1 87 88 22 38 8 17 58 79 93 29 16 72 87 9 20 29 16 62 34 24 46 94 27 15 86 45 92 0 62 41 90 90 67 30 71 46 37 37 8 85 47 27 91 15 47 92 50 
65 21 44 85 27 7 58 21 97 46 84 65 87 71 50 34 82 12 98 53 33 44 26 28 36 51 12 41 55 19 3 73 83 8 47 13 29 18 91 77 31 69 57 98 94 44 38 78 16 90 14 17 79 49 18 46 47 55 7 91 41 47 34 41 99 28 79 11 42 72 7 92 53 99 57 79 88 85 26 91 81 97 43 71 61 88 31 27 78 66 70 56 16 91 97 5 6 92 55 62 
70 11 32 69 79 12 76 19 22 78 17 16 7 34 81 42 46 45 74 79 34 96 95 13 52 59 92 29 39 18 24 43 46 96 82 17 38 21 9 50 54 55 37 2 4 95 63 51 99 52 71 81 66 52 83 21 17 75 2 50 82 17 74 86 33 99 63 56 33 64 94 1 95 32 32 4 60 77 63 9 10 94 33 90 66 44 66 5 72 15 33 80 59 33 93 46 19 13 94 9 
84 82 29 88 90 41 32 91 5 9 19 85 69 65 62 97 42 11 16 40 8 99 43 34 11 46 9 3 89 72 18 8 84 52 23 18 73 62 23 30 85 49 44 38 56 46 40 75 11 93 40 99 42 99 41 5 53 64 81 30 22 1 96 26 40 8 16 88 79 23 73 2 56 91 50 49 81 34 8 32 36 94 84 38 85 35 94 60 14 63 78 55 58 69 12 11 4 24 56 53 
65 4 76 59 16 25 56 94 82 71 90 19 58 18 26 76 81 12 84 4 97 83 1 29 34 95 98 50 5 35 90 94 21 98 6 96 11 77 16 68 91 87 97 60 59 70 51 54 62 44 49 85 86 32 87 61 45 78 77 4 18 76 72 11 30 47 65 78 65 2 84 59 70 21 27 20 6 80 78 3 61 68 46 90 45 14 47 19 83 72 23 41 27 17 20 99 36 77 31 80 
76 87 89 48 41 1 98 39 4 85 65 44 37 65 19 79 15 2 92 58 69 40 30 72 97 89 95 75 12 94 77 19 26 54 95 3 55 30 79 28 75 86 70 92 74 2 96 57 11 98 1 62 82 97 79 77 71 60 56 14 25 88 58 51 38 90 98 52 89 34 30 76 82 77 90 48 89 90 29 0 65 72 27 68 66 9 2 17 33 26 37 80 71 97 52 3 81 47 37 41 
18 16 59 42 69 59 57 76 57 95 17 23 86 58 90 40 25 87 54 20 83 51 36 99 7 11 53 79 34 73 50 17 42 32 97 95 21 29 75 23 50 28 53 51 57 58 14 29 24 59 9 61 98 99 59 81 83 97 10 60 57 88 11 42 25 82 93 11 73 82 48 1 32 48 77 84 10 2 26 80 58 69 25 49 65 30 44 98 82 75 27 30 86 73 1 72 24 54 52 5 
65 9 83 76 0 69 53 57 54 24 24 60 80 46 83 39 17 72 36 11 9 45 92 12 70 74 0 21 26 80 60 34 21 40 62 1 73 46 61 18 76 19 74 30 9 28 15 92 64 18 14 40 2 91 13 43 32 40 27 90 12 77 29 61 42 34 31 95 4 87 36 20 8 19 45 2 21 8 72 40 28 58 64 92 24 45 85 26 80 15 4 77 88 11 89 27 4 47 74 24 
36 84 36 91 94 84 77 51 24 26 96 26 45 85 68 99 36 55 89 78 95 12 21 98 61 95 18 7 29 3 81 20 9 9 31 98 87 42 13 73 51 3 77 67 89 88 51 23 56 85 93 19 36 73 7 29 60 26 90 54 19 26 75 0 91 83 18 50 22 85 99 57 97 77 28 82 22 21 5 73 34 79 85 12 43 8 58 37 79 50 55 63 53 36 15 8 11 8 44 94 
8 41 17 79 54 2 45 3 8 6 26 24 14 2 73 26 33 92 42 10 73 61 89 67 88 53 34 11 28 5 11 23 36 98 52 10 75 12 16 36 61 30 45 38 67 60 16 72 33 64 94 97 58 69 90 74 26 65 64 66 26 43 37 33 70 48 60 7 71 61 77 23 39 44 31 99 25 82 63 98 83 66 23 70 10 68 36 31 13 88 77 88 86 4 63 95 26 79 33 90 
18 80 19 16 78 34 57 52 16 9 78 66 68 1 5 24 38 65 29 63 41 43 76 50 51 54 17 85 25 12 30 30 53 53 19 76 56 15 61 65 97 63 17 38 51 73 20 76 74 16 55 29 80 8 75 47 21 43 11 24 70 1 85 91 6 43 9 3 3 71 91 61 51 54 52 86 72 86 84 73 12 61 91 2 44 0 84 0 65 1 45 40 73 31 64 98 4 0 73 68 
18 82 93 25 58 1 42 27 15 8 49 12 10 88 92 25 25 36 52 85 6 7 38 96 59 55 72 63 68 51 78 55 18 96 85 60 90 75 33 45 13 7 38 52 19 1 44 83 61 59 67 5 32 56 63 1 31 55 16 53 12 8 18 86 61 25 21 31 84 30 59 3 5 15 76 10 20 20 9 36 66 48 48 84 28 94 44 71 1 49 74 65 47 99 67 86 22 81 23 57 
4 1 69 33 48 32 91 90 19 13 76 15 4 17 89 71 69 12 97 61 98 16 24 14 46 69 22 30 46 40 19 51 36 72 38 81 68 54 51 55 19 64 17 60 41 73 84 42 95 54 50 31 25 72 20 77 7 72 99 92 63 47 7 49 6 43 24 29 79 13 87 94 17 73 24 21 31 91 66 25 70 44 22 54 94 28 44 86 92 17 66 24 44 8 86 74 57 30 37 65 
1 6 73 14 7 56 77 15 1 81 35 6 27 22 87 6 1 30 52 96 93 96 14 83 73 64 23 11 34 65 11 22 65 23 15 20 40 10 7 41 24 50 94 68 85 76 67 38 51 89 42 55 56 46 16 69 79 24 27 99 39 92 60 71 15 62 26 3 32 13 99 65 83 70 21 77 65 78 7 43 59 49 4 69 99 21 37 21 1 90 6 71 38 43 92 57 39 13 86 12 
28 63 61 99 74 45 58 26 9 17 70 84 86 50 76 95 26 59 54 52 23 68 71 46 59 63 29 68 6 2 11 23 63 70 81 60 5 79 18 34 96 59 10 38 39 69 88 56 71 78 74 17 10 61 40 5 89 42 81 95 58 20 56 63 37 96 39 72 93 9 85 5 91 89 29 17 34 76 81 25 0 80 48 77 69 4 63 84 44 94 82 7 22 86 10 88 47 48 98 66 
69 69 47 41 28 44 16 8 67 44 30 5 5 16 83 99 84 99 30 10 68 73 78 43 95 26 34 80 12 17 11 14 42 92 60 95 62 70 15 71 11 45 13 18 4 81 76 96 87 13 30 31 2 57 74 88 91 27 89 36 84 45 15 98 30 47 15 82 81 1 58 79 85 84 44 44 11 29 39 48 19 10 58 92 13 32 93 30 69 73 78 87 7 87 31 35 31 64 77 36 
34 83 25 72 17 95 8 24 5 19 72 14 35 90 81 25 61 72 45 64 62 16 68 15 22 15 38 88 89 41 10 53 95 46 19 1 84 12 93 54 87 67 31 91 0 81 62 49 6 64 24 62 85 76 30 28 64 17 35 91 22 40 86 50 71 37 65 23 5 69 55 85 24 33 19 50 21 15 42 49 65 43 47 69 62 1 9 91 30 93 1 20 64 91 41 71 59 80 3 38 
8 68 90 30 76 61 65 4 22 84 93 25 18 31 50 69 97 7 49 60 43 31 41 24 59 88 18 79 89 55 29 49 6 4 57 88 31 11 49 40 67 84 59 40 39 59 89 53 71 74 98 82 23 31 11 59 93 57 94 99 80 18 91 68 50 8 61 84 74 92 35 51 1 8 20 78 98 79 4 58 11 51 76 93 50 42 87 24 68 25 53 10 17 45 92 84 72 78 2 70 
48 26 11 72 47 78 59 16 26 55 90 19 53 48 34 55 33 62 64 88 95 16 79 85 79 60 54 57 48 41 88 81 93 22 80 44 37 55 62 54 16 3 96 89 14 10 1 86 75 8 92 98 63 54 92 52 70 67 83 54 35 25 27 18 10 1 36 83 84 60 51 47 54 51 90 52 21 82 1 26 76 41 73 39 71 27 15 62 94 22 40 52 65 90 66 32 94 1 57 76 
43 83 19 12 22 16 92 39 78 7 34 44 61 7 60 39 35 23 46 59 12 61 40 30 48 60 86 3 38 76 40 24 18 10 61 53 32 88 10 19 70 56 0 95 85 0 97 29 75 30 79 77 83 37 85 81 74 27 7 33 24 92 72 94 86 96 11 64 87 12 71 67 24 7 66 28 64 98 44 85 28 0 47 5 23 52 93 1 10 48 17 48 34 71 23 67 6 24 3 0 
87 49 88 35 80 31 78 15 43 59 48 88 9 85 89 62 49 55 5 61 68 77 8 64 43 12 83 26 46 80 74 3 92 37 29 49 23 31 74 15 61 26 46 62 6 70 11 81 68 47 49 5 5 71 8 22 88 94 66 64 55 15 0 42 95 38 14 7 48 49 3 49 50 87 22 34 92 69 55 97 16 43 37 86 56 15 80 53 32 87 34 49 56 77 93 40 74 22 15 45 
63 84 80 60 7 49 52 77 78 0 35 60 94 6 1 64 33 27 93 47 35 2 35 20 53 14 33 14 48 11 59 48 20 40 91 49 54 34 64 99 92 73 33 14 57 50 96 38 29 60 19 81 18 35 43 26 62 74 3 3 18 44 92 32 16 17 26 8 78 45 1 87 39 6 33 96 97 70 59 17 79 99 98 93 95 66 12 54 76 1 92 36 90 5 12 28 58 47 10 16 
56 70 33 65 98 41 93 30 27 41 18 49 31 59 5 43 44 19 88 1 98 7 56 0 91 97 72 68 3 98 39 81 98 42 10 66 65 24 3 31 26 61 49 20 10 19 90 83 5 74 65 70 13 36 23 8 82 6 44 98 78 67 77 32 71 79 41 98 77 30 61 40 98 69 20 97 19 29 67 19 77 88 92 70 79 33 21 96 14 63 51 32 27 16 92 57 7 14 18 40 
85 71 29 20 43 57 46 46 74 36 57 86 20 35 72 53 70 4 85 19 99 52 42 26 6 42 23 31 99 63 84 81 49 50 8 60 58 97 69 12 36 16 16 6 58 4 95 10 70 90 17 97 17 69 14 13 12 6 11 59 98 91 9 48 10 45 37 72 98 13 11 14 7 13 3 92 8 36 67 41 5 64 23 36 69 63 49 96 56 34 32 64 88 8 7 46 82 27 90 23 
48 78 85 77 74 39 16 15 17 49 53 83 17 32 12 33 22 28 51 88 94 20 70 63 78 80 19 82 0 68 45 41 86 74 18 32 94 2 17 35 25 17 1 20 58 32 63 11 1 9 82 77 59 54 73 64 7 49 37 41 65 5 15 75 22 74 32 52 41 74 11 42 33 54 43 35 22 99 58 48 28 34 49 86 62 62 28 62 71 9 4 15 31 72 16 33 56 95 61 20 
66 31 2 74 40 66 2 93 51 68 15 12 21 12 15 52 59 31 93 14 35 2 18 67 29 6 4 14 86 71 30 22 97 46 66 99 2 68 20 62 64 77 23 0 56 1 33 82 86 17 26 31 86 22 65 6 67 39 66 7 38 52 83 19 75 53 46 10 40 91 23 49 58 89 74 28 39 75 71 57 88 7 92 82 8 40 46 7 98 8 64 24 64 36 48 13 51 57 91 19 
1 85 92 38 76 72 28 3 72 56 52 69 88 87 22 94 46 12 21 27 85 7 60 68 46 69 41 16 21 63 86 65 61 13 95 22 70 90 17 26 83 18 86 77 91 44 22 84 7 10 34 25 4 2 51 67 26 50 33 75 26 69 17 76 24 55 83 29 73 39 40 16 62 48 35 21 8 62 26 59 59 22 44 70 44 23 77 6 44 54 13 51 21 45 8 10 91 39 66 66 
59 83 2 90 27 14 16 78 31 22 48 52 98 16 73 70 36 32 5 93 30 79 89 72 34 22 21 4 53 9 34 78 18 82 11 83 93 68 65 0 96 74 29 87 49 12 87 76 56 23 81 27 46 0 25 44 42 63 86 65 67 25 68 52 50 32 43 24 33 45 2 46 20 67 20 7 31 10 43 77 61 90 15 65 79 41 1 82 32 2 68 15 47 95 0 13 30 58 10 65 
18 63 3 49 94 45 72 17 25 26 16 36 82 24 56 54 82 46 52 4 36 34 71 70 75 76 49 65 82 18 63 81 76 21 95 48 91 89 72 12 73 93 4 25 99 85 88 99 98 3 68 71 63 87 35 3 87 42 57 15 70 70 55 73 3 32 95 92 89 9 46 9 77 57 21 90 32 61 99 27 35 84 87 50 67 89 36 78 54 83 46 43 11 36 43 96 84 58 35 69 
86 51 20 19 5 83 37 49 18 8 12 60 57 45 74 50 51 32 85 82 68 33 61 75 56 6 84 99 34 48 39 42 86 21 26 39 47 16 6 62 68 50 56 71 65 23 40 54 56 76 68 60 21 81 2 72 77 66 41 53 66 62 79 11 71 97 98 61 93 51 68 98 7 71 28 94 14 36 87 19 40 77 99 47 66 64 21 41 19 38 13 55 14 45 82 22 71 49 39 64 
59 63 53 29 2 91 93 89 56 53 69 40 34 27 3 4 81 65 54 23 5 73 67 57 80 19 97 24 57 87 88 88 55 46 75 70 33 63 90 3 72 59 59 90 86 14 3 46 45 83 92 73 39 22 44 2 60 98 88 76 50 14 90 26 87 7 36 78 92 37 26 73 5 84 17 13 53 59 29 14 23 36 48 81 33 35 16 58 72 68 11 76 77 34 25 34 22 69 54 48 
48 62 8 98 55 78 91 28 2 48 11 40 49 55 50 83 16 95 63 82 38 71 70 64 78 51 41 20 57 74 38 85 16 87 49 63 91 71 45 28 46 3 50 11 82 20 50 85 87 82 64 26 2 61 92 53 6 65 57 82 79 9 47 64 56 26 1 12 36 45 66 12 43 38 18 75 75 27 51 0 31 12 73 26 2 76 91 63 91 12 30 83 40 10 31 6 37 93 80 48 
46 59 27 89 63 7 23 34 11 88 43 18 39 29 40 80 44 35 97 21 76 24 53 1 88 65 52 3 42 98 78 28 70 25 52 6 53 56 73 81 34 31 68 35 83 77 58 75 87 42 31 63 46 33 52 8 64 74 67 18 31 87 82 67 50 3 89 20 38 3 15 35 48 96 91 87 11 37 19 89 92 13 65 99 67 39 27 38 3 90 80 27 9 71 25 74 61 69 2 59 
57 59 66 38 54 79 28 17 20 15 87 22 78 48 54 10 14 3 80 40 2 43 83 43 58 90 3 44 68 79 74 26 22 40 14 54 47 85 79 77 13 20 61 3 57 63 47 55 7 55 13 29 87 50 24 54 9 51 52 34 33 9 15 66 30 21 47 40 16 4 35 24 6 61 78 48 73 22 41 96 15 88 72 2 44 75 66 56 31 64 76 19 79 11 43 62 16 16 93 44 
43 41 69 58 32 8 78 28 31 5 86 5 45 99 63 22 57 99 62 83 78 0 15 4 59 93 7 7 32 0 11 1 10 85 14 50 26 3 69 44 62 76 86 63 21 10 3 3 1 16 84 14 77 31 12 49 15 75 70 0 2 82 70 76 25 38 48 17 8 48 63 48 59 79 67 54 8 15 75 85 79 72 56 31 69 62 84 69 25 58 50 14 3 36 70 52 54 22 39 42 
75 81 76 54 76 7 40 5 53 5 65 33 94 26 58 90 72 91 11 73 57 60 81 28 50 35 51 38 95 68 77 22 34 69 59 65 31 70 32 17 44 99 99 35 3 53 85 61 84 91 17 24 73 50 24 99 3 51 21 69 39 27 0 60 69 15 1 7 68 26 96 97 82 23 34 70 64 47 91 45 13 94 21 47 67 77 87 55 7 88 23 2 7 65 5 29 13 85 94 65 
25 49 0 62 81 96 34 7 29 79 10 57 10 33 53 85 59 72 66 95 9 87 7 17 14 65 72 49 41 78 98 46 72 29 35 0 64 38 67 37 72 73 34 50 7 6 39 43 95 82 45 32 42 78 23 21 32 23 1 75 5 26 44 83 37 4 11 42 0 65 32 81 3 33 41 19 48 79 48 17 85 37 59 81 12 99 60 75 70 51 80 71 37 25 2 31 74 28 22 56 
35 65 39 78 57 47 94 30 18 46 80 54 36 16 65 99 5 16 6 66 90 13 12 11 14 71 38 71 5 72 53 55 96 18 26 93 95 51 8 27 52 5 42 67 45 46 39 53 53 63 56 39 55 49 94 72 23 92 29 6 41 52 36 91 52 76 42 50 43 29 20 59 90 83 76 19 39 5 41 80 30 3 76 93 18 55 70 9 65 17 51 65 59 72 31 23 17 84 99 60 
19 17 54 50 88 71 92 66 74 16 23 60 58 68 28 53 97 39 8 80 82 36 51 0 94 80 42 16 17 56 16 28 39 31 86 63 15 63 39 58 67 23 48 12 68 53 85 70 35 26 92 53 64 10 11 86 42 76 0 77 92 5 83 81 42 36 75 35 46 18 69 65 28 14 10 97 37 20 19 49 40 54 93 5 79 28 85 56 63 40 18 55 20 76 22 4 68 78 7 13 
6 24 69 47 0 61 47 50 52 32 5 22 13 12 41 16 69 48 94 1 78 4 64 38 99 11 62 40 13 22 16 82 94 73 97 25 48 21 20 80 81 45 25 40 49 73 10 9 60 24 66 34 2 12 94 53 65 88 67 54 38 13 23 2 90 49 79 43 70 96 76 34 32 87 93 84 4 87 1 17 52 42 29 94 80 93 48 4 36 45 36 38 98 13 36 40 50 76 48 32 
89 71 85 37 98 82 26 53 99 60 98 39 91 92 14 78 14 57 53 69 6 60 75 71 41 64 19 4 11 6 36 17 25 83 33 52 10 87 48 44 13 75 4 24 3 25 91 37 6 97 54 29 83 36 90 57 80 61 83 7 84 56 47 13 23 14 25 16 49 56 51 36 54 63 44 55 55 56 30 48 16 54 55 79 49 12 22 94 86 7 97 9 30 44 53 93 94 98 57 77 
69 10 62 6 59 78 99 93 96 7 8 47 66 86 40 81 34 94 87 31 91 32 49 1 15 19 65 52 6 81 73 50 40 38 78 18 59 15 95 70 17 89 1 57 74 67 49 75 13 49 1 15 27 71 79 24 57 66 28 43 24 65 9 96 10 90 36 59 46 22 16 93 54 86 56 95 88 16 9 42 39 81 47 12 15 80 47 54 80 27 58 46 43 25 48 82 33 20 37 10 
8 27 36 11 24 10 27 64 10 72 98 2 39 22 83 78 74 63 0 41 54 20 75 60 47 92 31 49 47 42 92 74 94 78 41 11 17 9 64 97 78 21 50 82 57 8 35 98 17 72 4 80 29 87 67 77 88 76 50 44 68 42 8 44 15 99 77 90 7 59 60 14 23 66 82 50 13 36 64 8 19 43 13 1 33 74 25 47 11 72 49 24 18 99 0 71 76 2 38 83 
10 73 7 58 34 91 2 84 4 36 34 39 48 60 0 13 68 92 78 43 52 20 96 85 71 60 85 96 7 11 41 67 85 57 36 65 98 96 65 65 73 73 48 11 68 24 89 95 52 49 26 96 45 12 6 94 38 7 83 54 75 35 21 61 4 88 13 28 63 61 84 84 40 75 12 70 72 81 27 68 12 85 69 92 52 20 21 32 84 83 82 66 97 60 36 90 19 75 8 63 
37 54 60 39 6 71 64 50 79 64 80 95 57 8 11 11 96 68 63 82 76 0 10 12 95 63 24 86 23 88 26 77 25 87 7 66 14 55 17 75 5 18 98 45 2 90 59 22 29 28 9 1 98 66 94 31 80 29 18 20 59 1 43 35 58 88 29 46 52 85 51 62 27 73 22 61 75 3 59 85 96 85 58 24 46 25 68 16 92 28 30 73 75 16 39 92 97 38 20 31 
21 20 17 18 16 7 8 60 52 83 57 15 72 9 28 88 25 85 66 86 0 46 28 0 36 7 61 25 96 27 55 48 32 15 1 8 36 46 67 66 50 34 70 88 26 85 89 76 50 50 60 86 35 85 35 62 81 5 63 6 5 1 65 98 41 28 61 52 84 32 1 78 0 24 49 2 88 14 62 41 54 61 28 47 53 27 25 95 98 81 31 94 36 82 67 88 17 82 90 29 
15 92 56 1 11 21 88 79 16 78 27 79 39 88 45 26 10 7 24 6 83 33 90 73 27 80 97 67 71 61 84 76 45 30 37 14 33 90 45 31 30 75 80 57 27 36 26 7 51 37 13 79 45 28 36 53 12 49 10 90 95 21 75 52 86 69 4 6 0 29 81 63 12 87 37 20 14 6 88 93 55 49 28 39 71 30 32 95 54 95 52 22 89 78 35 74 79 83 65 36 
20 4 64 34 72 76 65 15 6 32 55 81 91 55 52 50 58 71 80 26 10 41 17 99 2 52 99 18 60 91 15 73 79 77 30 30 13 21 89 3 57 84 15 90 58 51 95 51 85 11 50 91 31 18 54 0 25 91 12 47 55 29 76 93 11 10 83 92 36 82 17 47 31 93 27 97 48 13 15 19 36 46 15 61 97 84 67 42 63 11 18 17 58 18 78 43 59 98 98 86 
0 71 45 20 2 22 25 69 53 69 25 9 79 37 19 30 17 70 76 16 26 60 1 9 20 20 82 47 12 0 89 36 61 44 89 34 60 37 7 67 54 59 93 14 59 42 9 82 26 60 57 59 12 18 76 59 89 56 27 39 69 42 2 90 35 77 16 8 68 1 42 70 62 75 34 70 31 54 67 63 88 86 37 74 89 98 1 62 74 22 11 52 74 83 53 82 3 94 48 71 
3 42 38 88 86 90 58 48 27 98 47 70 63 96 65 78 40 42 30 3 78 35 48 69 84 79 36 11 68 99 59 22 88 88 70 82 56 26 87 0 60 28 38 93 4 54 77 91 25 64 28 58 33 89 76 40 65 18 70 27 67 48 78 6 19 31 84 6 38 53 2 47 21 2 0 16 94 73 25 8 84 70 23 57 0 98 13 57 32 56 50 74 95 77 84 2 76 63 62 40 
88 93 67 21 42 70 93 75 9 79 17 33 98 70 83 27 98 20 3 89 6 81 41 54 76 7 79 35 16 76 89 51 24 80 66 58 72 90 16 65 54 17 80 76 97 71 11 14 11 37 40 12 57 77 43 20 62 4 17 68 70 58 89 32 60 32 39 36 34 45 7 6 96 80 63 86 88 44 80 55 84 3 39 37 32 97 92 59 34 53 3 6 87 2 18 35 72 51 73 42 
96 86 68 43 96 42 30 58 20 63 70 13 20 96 99 88 55 91 27 4 35 87 33 61 53 58 39 99 94 52 17 66 75 31 8 76 8 61 69 85 23 63 57 9 55 39 9 63 95 76 26 90 33 52 19 84 38 47 82 20 60 99 31 76 26 95 38 96 18 43 20 46 72 16 25 82 18 4 9 96 35 33 35 35 93 50 61 36 90 58 49 23 93 72 35 13 21 26 40 52 
37 10 74 15 52 90 94 37 64 79 26 67 99 76 3 47 42 56 42 48 99 5 77 20 50 35 96 57 40 4 96 83 74 33 81 16 26 85 51 61 13 68 42 25 92 87 82 31 68 2 39 97 67 42 5 14 46 0 8 31 12 9 64 54 28 63 35 43 2 1 57 7 41 91 87 97 97 9 59 11 19 63 8 62 42 47 47 30 89 59 77 96 40 85 62 16 31 38 25 97 
0 70 40 11 61 16 82 16 38 85 64 70 40 33 97 0 50 74 81 55 19 56 68 55 41 77 54 82 40 9 55 21 53 24 32 36 4 95 99 22 56 29 87 81 2 55 2 7 61 66 25 30 69 51 97 21 73 59 2 88 42 40 16 96 36 60 33 71 70 92 66 62 66 48 29 39 74 53 42 18 22 3 97 55 2 16 32 42 10 76 41 25 17 83 89 81 69 72 50 59 
84 92 95 89 96 82 90 69 15 67 91 46 30 65 53 17 38 76 96 77 4 33 38 10 73 34 3 74 53 21 88 1 33 89 49 34 18 7 10 47 49 85 3 6 20 96 87 64 30 1 31 59 81 36 66 50 83 74 76 11 31 4 27 56 66 33 81 30 85 59 60 8 28 48 91 59 8 4 62 1 57 13 99 59 47 59 69 42 78 65 80 5 23 76 15 9 57 50 31 57 
92 46 53 80 97 6 18 36 90 33 9 56 91 50 81 25 90 4 91 9 50 84 5 44 66 64 0 64 80 54 23 30 80 4 1 12 31 96 70 10 39 55 97 80 37 62 44 79 36 77 47 28 56 27 62 51 35 26 69 20 67 3 1 73 32 1 56 80 98 71 49 28 70 46 66 50 90 51 46 47 95 77 90 70 11 3 14 63 54 49 48 65 44 7 96 52 12 73 38 15 
63 29 80 79 80 42 55 34 42 3 25 65 18 7 77 96 27 34 46 87 24 56 95 44 69 57 94 72 96 89 3 38 49 56 39 91 7 84 78 19 46 81 10 42 70 33 62 22 9 98 26 72 92 1 7 93 57 92 97 79 69 79 42 97 12 14 90 99 6 74 13 89 49 33 81 62 58 22 41 23 92 49 77 73 14 71 83 72 89 38 62 61 30 76 88 59 65 53 81 12 
38 13 49 49 95 91 38 48 70 38 12 32 36 25 77 55 58 50 93 63 36 30 68 78 87 45 37 20 19 99 15 81 45 38 70 95 20 66 69 32 70 77 9 36 2 49 20 86 41 22 75 45 66 24 77 65 61 80 61 65 10 2 49 63 78 48 0 46 57 89 13 52 3 3 70 84 5 89 23 45 18 71 38 12 11 88 39 30 51 47 96 70 39 53 91 89 69 42 35 79 
