89 85 40 11 86 32 24 0 44 87 92 37 20 66 54 88 98 1 77 22 92 36 49 75 24 80 14 89 13 61 13 4 74 34 99 38 36 22 36 57 41 96 4 21 33 73 47 58 60 44 42 31 71 47 75 28 35 92 1 65 48 22 65 7 75 69 32 7 14 23 87 77 64 41 31 14 83 85 21 1 25 73 97 23 35 68 52 9 92 48 96 66 17 20 47 96 90 18 51 95 
17 79 9 28 64 90 67 32 44 99 43 38 57 21 1 81 63 45 44 49 93 36 86 27 36 67 13 3 82 22 96 53 48 63 65 40 25 23 22 67 72 77 19 80 81 70 0 89 19 49 19 69 0 0 8 93 65 43 51 83 4 3 86 74 92 17 28 90 87 40 29 14 65 13 55 28 52 85 60 81 75 56 49 48 4 92 54 15 77 24 23 16 78 98 99 22 75 47 2 24 
55 53 36 77 33 1 96 41 50 79 67 23 16 70 6 87 21 52 36 86 19 86 24 8 47 32 61 36 7 23 63 70 60 27 51 5 0 35 58 36 52 46 91 91 37 63 69 82 32 1 50 69 20 73 85 52 19 71 21 65 3 19 91 52 62 36 30 82 64 5 21 21 97 32 24 2 11 39 83 80 76 73 80 73 19 25 75 35 63 37 14 60 96 38 34 13 18 77 48 35 
3 1 8 23 49 63 44 84 25 34 68 90 58 53 97 77 0 82 34 98 42 97 30 86 57 79 43 89 43 59 39 33 9 14 8 66 5 49 49 64 7 17 44 75 72 78 58 70 23 16 1 76 48 34 7 74 38 12 7 9 82 72 17 47 48 63 50 96 52 81 25 83 65 54 30 28 12 26 39 80 65 32 58 59 65 14 7 37 40 72 18 57 5 58 18 62 66 6 59 46 
6 99 6 20 88 78 24 24 98 31 72 74 9 32 83 95 46 52 44 91 2 55 4 40 82 39 36 65 86 26 6 79 15 59 17 64 71 90 52 36 76 8 36 97 51 22 61 89 62 12 18 91 44 61 60 23 8 21 10 21 13 43 58 45 84 33 69 6 58 84 47 24 24 52 37 64 68 32 80 37 86 74 83 70 98 86 56 29 8 91 3 34 26 41 86 16 48 41 92 83 
2 58 80 39 13 9 29 68 43 32 32 26 17 98 45 99 9 94 62 7 97 84 32 47 81 4 35 93 4 19 36 3 2 7 21 90 76 6 89 72 40 20 41 65 15 28 98 91 96 77 51 24 91 54 33 45 18 12 81 64 43 19 2 49 2 26 81 8 72 19 45 81 4 62 6 57 68 92 88 65 92 99 35 9 63 36 26 55 82 14 8 76 17 9 50 9 90 9 35 18 
89 8 13 11 54 89 60 59 93 30 80 82 7 17 57 50 84 78 86 10 68 24 68 65 6 37 52 84 99 79 0 67 47 81 60 77 22 29 39 87 1 3 93 42 99 57 39 86 50 80 11 81 80 19 12 61 87 71 40 10 9 96 28 92 55 26 75 43 16 9 83 80 33 45 69 88 0 76 95 18 21 90 47 85 99 80 1 45 63 24 93 31 6 84 70 88 88 51 66 43 
61 27 68 2 87 49 62 0 20 31 50 69 18 4 27 10 20 81 95 96 98 58 16 1 92 31 88 8 47 76 61 18 20 74 5 43 61 20 21 3 85 76 64 88 88 35 75 51 15 0 58 12 53 87 29 47 14 57 40 96 59 5 40 51 6 11 79 76 47 8 42 93 63 1 97 78 75 77 62 8 33 43 58 17 15 5 8 35 61 86 23 83 84 91 71 32 74 92 6 8 
27 19 45 73 32 57 16 4 52 75 18 62 37 52 30 92 68 22 13 5 67 34 73 62 6 0 41 57 92 74 78 28 15 67 33 24 50 95 23 17 18 54 89 29 31 34 16 41 57 97 59 75 82 21 90 80 74 86 23 31 36 81 83 23 22 22 32 62 53 37 56 94 66 56 8 32 36 25 26 59 85 37 48 30 30 32 50 78 27 79 77 66 67 1 85 31 49 31 84 46 
55 30 88 71 86 39 95 72 11 97 37 99 20 0 66 37 78 13 28 15 37 29 51 13 84 87 47 16 27 94 54 44 14 58 99 3 64 73 90 53 0 85 68 72 91 93 85 97 10 49 69 48 37 66 8 1 67 89 38 4 16 91 26 29 1 1 36 7 75 84 52 22 51 59 5 11 20 36 3 21 82 21 57 53 50 36 6 93 41 29 94 36 69 50 3 49 97 39 17 22 
64 7 94 67 33 54 34 40 62 1 31 95 35 7 12 65 64 2 79 98 41 89 23 50 36 51 43 27 28 52 60 13 62 62 49 81 17 35 84 42 94 72 36 43 15 53 53 40 63 40 88 99 15 51 36 42 28 54 20 56 33 52 26 32 33 16 35 0 24 68 15 53 90 85 3 66 17 70 42 32 24 77 45 49 24 98 79 28 82 35 31 75 61 83 39 58 38 91 24 99 
52 50 27 74 53 92 40 36 78 2 73 10 18 23 50 12 35 42 2 14 32 86 60 93 38 54 62 91 91 50 42 63 12 77 20 89 15 26 39 0 16 56 75 41 14 1 86 91 32 30 26 71 5 15 74 62 71 39 97 24 79 9 99 80 21 82 65 77 33 33 11 15 58 42 20 43 39 19 58 30 7 8 39 17 25 11 99 5 76 79 78 9 7 68 28 81 49 55 71 39 
62 46 90 72 45 67 76 64 49 66 58 47 65 19 68 69 9 80 73 22 82 83 46 85 13 72 13 38 3 26 82 66 83 46 94 44 92 35 18 37 28 12 98 67 57 7 75 30 4 44 25 55 96 53 9 49 64 51 58 64 7 85 78 43 38 59 28 7 95 86 24 58 57 78 6 89 76 80 26 92 82 37 39 45 34 95 47 56 84 82 87 11 94 26 79 42 33 31 16 76 
62 56 8 42 43 32 70 19 61 78 90 13 80 81 83 51 29 12 7 87 62 26 11 38 42 3 68 62 36 56 38 43 46 14 19 30 54 95 89 37 96 78 71 31 61 74 9 98 52 71 43 42 17 93 60 14 74 42 71 56 69 76 89 41 74 62 76 53 23 65 24 32 77 14 45 14 49 70 92 57 91 10 41 84 89 72 52 46 91 30 46 3 94 82 22 74 91 1 73 68 
5 60 15 0 77 27 23 19 65 32 61 70 74 60 94 93 55 8 87 83 39 55 58 72 90 14 73 21 79 64 32 86 88 10 62 40 15 54 55 62 56 76 96 85 46 21 62 83 46 20 91 80 9 69 38 58 38 95 2 71 40 49 86 80 89 97 44 97 19 29 55 14 98 98 97 28 58 57 76 47 58 15 7 2 2 24 24 10 45 31 49 84 82 53 31 74 47 16 35 54 
66 54 12 3 95 46 51 96 43 64 6 12 84 47 62 53 1 4 86 35 43 41 13 94 23 41 39 55 2 46 21 68 7 95 17 51 80 80 32 27 44 74 86 87 71 19 73 8 94 93 2 34 64 61 44 44 65 40 46 63 87 49 11 70 6 54 32 99 80 44 30 69 81 79 25 15 3 15 76 88 53 39 50 95 33 12 76 16 16 77 95 99 61 0 1 1 72 94 83 18 
16 98 62 6 54 75 99 18 53 39 27 16 59 58 42 97 1 92 34 35 66 82 0 87 80 59 7 5 60 46 7 98 39 18 92 64 40 55 87 52 55 71 65 61 71 95 0 77 17 18 94 96 13 78 71 71 28 34 96 69 34 72 40 55 25 60 40 14 62 41 75 91 12 79 88 62 61 96 78 30 19 22 15 4 4 89 96 57 50 13 89 21 71 3 54 94 82 33 77 62 
20 94 45 68 45 75 42 32 10 38 66 9 49 53 51 6 60 7 29 8 17 4 30 95 25 63 25 15 11 23 96 57 59 35 90 73 76 59 28 62 13 34 26 85 3 73 0 19 48 20 29 42 34 27 79 64 63 48 0 69 7 36 42 22 2 86 34 22 20 7 2 14 74 58 86 63 7 60 19 70 48 84 19 36 27 87 16 15 62 82 93 1 94 90 13 22 85 69 41 87 
53 83 3 53 78 84 84 63 83 44 48 28 84 51 0 21 23 34 41 34 80 89 90 82 57 91 93 24 85 3 6 95 16 64 61 61 52 55 23 0 15 67 50 65 57 41 4 57 71 5 9 53 48 25 80 37 11 85 88 9 29 39 35 98 40 40 86 86 36 74 6 10 77 87 39 64 82 6 35 26 21 17 61 9 78 83 86 81 28 78 56 28 17 31 98 9 85 89 79 19 
15 83 46 26 79 14 81 46 47 31 32 98 80 68 21 14 63 45 6 91 48 49 6 42 98 62 68 28 44 33 96 61 16 49 55 64 84 39 65 42 93 30 73 37 84 8 5 19 2 68 70 63 32 30 70 15 63 12 24 78 64 46 41 16 83 44 17 35 25 66 99 21 31 20 36 64 34 68 44 53 43 37 11 52 44 1 64 22 48 97 16 44 25 14 73 63 64 36 83 40 
21 83 75 94 54 82 70 54 52 91 60 47 11 70 1 38 66 26 60 43 37 97 58 29 68 79 73 90 60 25 42 3 92 62 72 14 0 27 95 44 29 43 55 42 73 85 48 59 84 17 45 4 87 92 40 98 60 56 74 26 78 79 55 39 19 55 60 73 83 34 98 58 46 67 90 21 77 29 28 72 73 66 32 94 5 26 16 38 65 17 58 39 71 62 16 20 40 98 21 34 
66 17 73 79 81 55 45 5 84 85 20 64 5 49 81 56 72 11 14 94 76 46 33 36 2 39 89 44 61 7 32 73 18 83 14 80 73 51 16 90 29 35 77 9 81 94 44 28 82 88 0 34 75 7 57 2 83 8 44 28 10 82 16 4 90 75 86 92 55 43 90 11 28 90 83 39 28 73 89 98 41 99 37 17 81 52 8 61 34 62 51 86 14 8 87 12 10 35 25 36 
22 75 4 48 74 62 62 11 71 11 71 23 1 53 96 60 67 77 19 7 20 98 52 86 93 11 75 64 51 2 67 56 30 99 82 51 5 95 74 73 24 78 32 35 20 55 82 2 71 30 38 83 20 74 25 88 27 40 2 58 95 16 19 23 63 55 4 45 72 33 46 60 69 63 2 41 40 43 39 76 24 39 73 31 86 52 83 71 61 92 70 38 73 49 26 93 2 31 34 97 
0 16 79 1 46 35 94 54 81 23 79 1 86 16 12 72 55 54 9 43 66 10 71 57 26 37 36 88 54 28 88 45 63 88 73 15 89 81 44 61 69 30 81 26 46 22 98 33 2 6 93 37 42 85 19 3 4 17 97 45 55 96 1 69 44 53 36 79 64 68 39 23 46 67 34 18 55 31 65 47 19 31 89 73 14 31 9 75 38 55 65 99 34 73 34 58 7 51 8 92 
27 46 88 75 0 68 59 38 21 5 27 21 6 81 58 30 40 3 92 13 36 88 96 67 50 37 95 8 57 87 0 79 64 82 52 62 25 68 78 70 53 14 88 72 76 79 96 77 71 8 73 63 51 81 81 0 23 90 48 86 13 63 62 20 25 24 9 0 31 63 87 57 50 16 38 23 53 11 3 73 16 36 76 79 14 64 17 0 70 78 8 69 71 49 8 54 17 99 95 44 
5 21 20 28 40 50 20 35 39 96 14 71 17 58 44 53 33 39 4 59 30 31 45 40 40 47 63 9 13 25 96 59 12 70 39 74 16 67 29 48 48 50 3 42 9 62 7 22 65 64 78 98 43 60 49 56 39 23 15 75 12 61 18 52 94 6 85 76 61 9 14 37 3 57 76 55 89 84 15 93 5 37 43 57 42 61 61 16 64 43 91 25 38 84 91 68 74 93 99 70 
55 23 79 55 76 34 82 30 12 76 5 84 33 52 74 3 86 41 77 93 92 73 89 30 15 88 57 58 49 55 54 51 6 13 44 61 16 27 1 14 66 71 65 84 70 71 84 25 99 62 45 31 42 8 43 80 60 14 49 51 97 53 1 35 51 27 84 88 46 49 16 44 31 19 7 23 47 49 89 70 61 63 68 17 14 48 54 23 16 86 22 14 9 45 18 35 21 65 97 43 
39 81 85 47 16 53 23 73 44 14 37 43 21 68 99 79 85 17 30 0 23 45 46 56 49 56 63 83 41 7 61 39 77 65 30 8 24 85 64 45 49 54 52 40 50 18 82 51 74 79 78 43 18 45 15 25 98 75 90 2 98 85 45 99 86 46 80 70 87 16 31 60 99 25 89 12 49 31 9 74 49 26 48 3 60 59 6 44 11 56 56 73 8 11 37 53 74 33 99 66 
66 20 80 10 69 83 78 35 48 44 28 67 86 50 18 93 73 72 51 10 56 57 92 67 47 46 44 66 87 69 18 20 48 27 19 62 20 48 81 10 5 45 7 84 78 75 9 80 46 86 34 26 46 93 64 49 20 0 60 52 23 25 79 11 81 48 44 56 51 72 99 29 72 3 65 53 88 57 9 93 22 87 94 73 40 19 6 35 94 66 99 27 21 75 52 43 46 6 66 10 
10 7 68 71 95 32 11 83 96 20 10 47 9 42 57 99 38 53 23 72 29 53 26 82 66 58 82 14 78 79 55 77 53 38 95 45 84 34 37 50 27 85 39 83 80 99 97 99 56 78 23 24 82 83 97 50 85 78 13 9 13 22 65 87 53 79 89 11 75 55 23 73 48 38 61 33 98 89 79 5 51 10 18 85 4 98 84 3 54 71 97 71 79 75 1 44 89 48 99 56 
98 29 68 45 72 64 13 84 55 94 55 26 94 29 88 68 39 85 78 88 58 37 17 34 33 58 26 92 53 23 3 24 15 67 26 65 57 16 28 17 71 9 60 42 34 83 84 16 28 15 60 57 27 80 99 54 94 11 86 50 18 86 89 84 14 96 35 42 5 77 17 99 63 14 84 8 30 84 27 23 74 74 31 39 36 32 33 16 7 50 47 74 31 15 47 28 73 62 88 23 
99 62 55 27 42 33 5 53 18 44 73 9 37 65 73 70 6 57 48 24 47 47 62 33 52 20 99 3 42 60 97 65 96 21 57 16 13 47 52 80 82 7 50 87 45 72 58 57 99 87 76 9 82 50 71 67 86 12 11 86 88 62 94 96 99 33 4 11 7 10 73 66 51 50 22 25 83 95 48 17 94 86 16 55 44 27 66 55 83 67 45 4 48 28 30 87 92 46 52 7 
20 31 71 63 96 79 20 82 98 50 85 41 43 51 78 76 58 26 58 18 6 24 2 14 48 30 78 46 68 3 21 29 8 34 4 94 33 3 14 6 67 33 34 94 47 40 32 5 11 12 17 19 92 93 53 59 79 92 94 27 30 50 7 25 24 92 10 59 91 63 78 75 25 92 47 12 49 83 91 37 51 31 57 27 27 45 8 77 58 50 90 87 62 62 69 98 11 23 54 31 
77 61 53 82 40 92 28 42 37 2 35 18 55 45 51 86 38 52 41 57 67 61 98 93 24 15 9 9 77 33 16 90 43 3 18 86 36 7 69 69 12 59 47 24 62 32 59 11 34 51 69 53 9 23 34 51 57 18 61 77 91 72 32 24 50 60 23 97 70 98 77 20 85 77 49 84 68 86 57 94 65 76 40 73 56 57 1 73 44 41 30 11 84 78 22 91 41 31 18 83 
57 78 86 96 44 43 63 54 38 82 76 0 30 64 42 12 5 64 24 48 14 25 23 46 12 98 61 98 0 54 92 41 9 33 78 72 94 15 18 45 91 43 1 69 34 15 98 95 15 58 79 72 5 74 22 71 64 32 42 51 24 28 37 87 99 9 89 29 77 12 74 94 79 47 4 12 67 62 34 33 70 5 30 12 71 93 5 70 18 95 81 66 24 17 81 96 26 92 9 90 
20 54 99 60 15 13 73 18 24 71 12 63 87 20 24 13 76 16 57 78 21 17 78 36 84 21 88 65 86 56 49 52 56 93 61 28 69 81 20 78 81 72 65 13 41 30 35 22 58 45 66 92 6 13 85 25 4 36 57 85 72 20 36 19 67 81 67 38 80 71 40 97 27 27 97 2 4 17 81 0 39 46 56 99 75 75 9 4 93 58 61 37 31 87 55 34 76 98 58 89 
41 19 19 83 25 34 43 3 9 40 39 42 15 53 86 76 87 15 43 18 6 83 40 56 47 11 38 50 56 96 46 69 78 77 91 83 87 51 17 83 46 43 73 89 96 97 90 58 31 94 35 54 76 3 70 71 92 59 77 58 53 87 15 59 42 45 45 90 1 40 25 31 10 50 63 53 0 9 30 2 89 50 49 73 45 79 31 34 3 47 79 59 93 88 80 63 49 8 93 99 
0 28 20 62 14 37 44 53 62 51 11 91 7 44 5 43 3 69 6 20 79 7 6 92 48 73 31 8 40 28 94 83 96 3 50 81 36 60 5 17 91 86 73 98 25 48 42 3 86 63 48 30 77 87 72 38 32 92 26 79 86 22 34 85 11 57 71 47 51 91 54 47 74 74 59 87 41 51 86 38 68 51 14 87 52 51 46 20 39 83 58 51 52 87 11 26 11 46 6 49 
91 18 51 48 11 75 47 45 21 23 47 3 75 55 61 4 52 12 48 67 77 60 91 25 96 33 82 65 11 90 16 95 21 45 44 75 78 13 87 17 21 86 58 94 43 97 20 88 21 64 17 79 60 61 61 89 8 90 23 3 67 77 34 52 32 93 1 46 68 48 96 70 59 74 2 17 14 95 90 68 64 16 51 35 50 28 35 26 36 32 25 48 80 59 90 45 9 60 9 93 
80 69 98 1 49 5 53 14 50 35 70 95 12 65 28 20 55 68 22 5 58 21 74 47 65 57 56 53 30 99 73 21 91 98 85 90 67 14 1 73 50 3 33 15 29 13 81 21 89 84 66 57 48 64 0 57 79 85 38 85 41 43 89 42 59 88 16 43 79 48 55 51 63 82 87 93 36 90 98 75 18 82 11 99 37 17 60 73 24 60 78 68 10 39 69 39 86 96 57 95 
87 73 15 84 48 52 12 55 84 98 51 18 81 97 9 42 22 19 26 0 50 99 57 91 99 50 44 41 52 4 42 0 82 36 29 43 73 97 20 17 17 27 99 97 99 97 44 55 26 28 26 13 49 80 91 62 6 58 4 79 79 66 76 3 85 1 37 76 23 97 94 50 12 16 56 32 99 18 71 93 33 11 39 33 55 53 32 84 82 58 19 30 73 64 31 7 11 44 58 41 
20 96 91 19 68 81 88 52 25 92 51 5 91 56 99 52 22 60 68 82 12 93 14 73 14 16 86 73 4 61 5 63 38 74 99 44 49 61 12 93 29 52 12 99 73 0 92 33 74 47 90 39 3 57 37 97 92 68 54 52 36 60 6 49 93 8 46 36 47 38 67 62 44 28 18 2 82 89 91 84 49 57 95 59 63 25 52 34 13 2 52 53 40 34 77 41 12 40 28 63 
47 47 79 76 77 17 73 3 15 92 87 55 97 66 16 44 93 89 42 83 24 65 98 76 11 89 22 55 99 79 12 18 96 36 94 58 84 15 44 77 98 57 62 31 13 13 82 44 51 21 48 24 54 33 84 40 37 50 96 84 6 66 99 85 7 69 41 73 30 51 44 29 17 17 14 75 38 8 4 39 64 46 26 75 38 18 68 61 39 22 73 28 62 7 65 3 79 95 72 25 
26 15 13 82 88 50 93 89 87 90 85 98 81 98 56 93 28 64 13 44 60 91 83 58 6 40 50 5 80 8 59 61 60 37 35 53 21 86 73 49 56 95 4 81 16 66 66 45 84 11 18 49 41 31 7 55 54 3 34 42 34 85 26 66 33 39 26 50 86 67 10 72 53 28 74 39 8 54 76 37 11 35 84 63 84 56 13 6 39 66 65 31 34 23 48 67 88 47 37 68 
51 55 50 18 63 91 47 77 61 79 21 81 28 8 51 27 87 4 56 72 68 32 94 72 59 28 91 96 17 16 30 63 74 60 92 50 49 53 75 62 72 7 26 34 96 71 58 9 73 90 9 56 57 68 78 92 53 93 37 99 53 66 27 80 13 72 51 40 20 14 13 83 64 88 67 24 21 26 87 32 63 13 69 67 6 40 73 76 93 59 23 54 75 21 93 23 51 98 32 2 
94 75 59 51 93 88 40 86 89 78 84 44 72 91 14 21 24 15 43 99 42 49 72 17 75 64 59 51 1 94 59 89 69 66 3 71 72 21 28 29 64 96 66 18 40 51 44 9 62 57 15 25 64 34 62 53 53 49 31 13 2 32 43 96 57 53 82 3 12 82 69 36 52 46 89 82 8 41 49 28 21 30 27 12 84 68 19 66 58 28 79 53 54 0 46 89 40 30 96 66 
17 50 17 32 7 66 9 23 6 89 99 17 76 30 13 38 17 22 28 31 13 15 12 34 90 98 86 12 56 27 16 0 51 55 81 48 93 51 86 18 28 71 56 89 47 17 82 7 79 48 57 68 91 59 10 12 64 14 64 82 44 7 56 39 43 36 57 57 84 68 83 2 30 47 66 63 2 88 78 48 42 78 94 71 70 8 53 69 98 48 72 19 61 93 54 72 49 89 93 39 
2 47 69 32 27 94 26 0 50 33 13 81 79 63 14 38 13 10 93 38 40 48 18 90 74 79 31 82 51 86 24 77 78 19 80 60 99 2 23 99 82 77 2 45 85 38 15 41 53 10 85 49 29 83 30 32 59 24 67 3 95 51 39 35 57 44 20 21 50 8 99 37 62 81 34 40 21 48 75 97 76 18 86 54 37 63 91 56 41 84 85 99 20 56 46 47 58 82 1 15 
49 73 8 62 71 63 97 60 38 90 95 93 41 80 92 29 28 54 70 15 19 47 11 23 94 57 5 86 49 29 66 95 59 95 31 97 32 81 51 50 20 44 99 90 20 2 99 37 31 34 55 69 73 69 35 83 14 91 64 71 38 41 0 41 68 0 32 39 45 89 24 49 43 70 58 28 30 62 75 38 97 97 22 85 59 70 90 46 3 8 91 56 86 10 88 52 65 18 31 59 
91 41 15 19 80 81 34 78 65 98 23 45 78 21 31 71 46 70 44 37 14 77 5 5 56 60 83 57 61 39 63 34 93 88 26 12 62 35 73 29 0 52 17 62 19 64 29 8 49 54 65 71 93 51 15 23 61 11 80 72 32 26 22 15 87 13 27 73 85 6 44 36 84 27 99 52 22 69 86 52 56 72 61 53 50 28 45 54 59 88 38 4 47 30 50 31 54 70 95 2 
70 84 31 0 47 95 50 68 58 23 20 66 8 73 39 46 21 22 43 85 16 41 88 49 37 49 44 14 85 6 6 58 36 79 10 25 64 24 85 85 52 36 40 87 48 74 80 3 36 32 8 9 48 24 99 32 94 62 24 3 52 1 43 22 27 9 36 90 52 50 26 72 30 27 5 59 4 53 68 35 25 69 62 57 77 87 75 97 74 33 89 47 67 71 88 33 52 12 27 51 
10 41 91 52 43 0 97 33 81 92 87 12 71 63 7 6 41 16 56 47 26 74 1 1 27 60 63 56 77 11 77 1 10 29 9 74 4 75 14 1 26 69 93 55 27 25 4 35 20 57 85 11 25 45 98 94 99 80 25 10 1 70 75 76 8 14 40 78 88 88 77 64 99 30 77 50 68 15 97 69 72 96 12 72 44 22 45 29 36 44 66 8 13 77 92 51 1 60 84 91 
95 56 58 94 73 50 68 69 66 41 54 68 35 44 51 39 49 65 26 51 28 58 17 50 67 64 86 43 32 32 9 70 57 77 49 38 31 37 98 44 89 27 58 35 24 13 23 76 2 47 9 76 17 31 12 63 10 79 35 75 21 56 18 58 67 68 98 85 33 35 35 25 66 81 46 82 0 51 16 42 59 90 49 95 87 72 53 96 19 54 72 44 1 61 20 56 44 26 0 62 
20 47 51 63 84 91 46 95 98 66 57 81 39 67 55 8 64 19 45 56 96 69 13 90 83 8 28 23 4 65 44 6 42 15 49 56 64 29 66 95 38 70 76 99 18 35 55 88 90 46 32 8 76 88 98 24 55 55 51 76 24 78 66 60 61 79 79 32 85 15 38 85 45 3 3 57 72 60 33 47 49 55 26 39 48 19 15 31 18 28 44 55 7 14 26 41 85 5 51 9 
51 54 14 3 25 41 43 74 70 96 21 8 35 84 74 30 70 27 75 6 15 18 25 23 53 96 0 73 65 98 50 24 34 92 29 29 96 56 32 59 6 78 75 64 26 36 30 17 57 50 12 49 70 12 52 68 91 67 87 55 97 58 27 48 31 34 40 84 54 88 14 79 43 89 2 51 5 42 80 91 21 50 4 2 84 68 51 4 40 53 72 60 25 21 76 30 33 61 91 32 
6 74 64 92 62 95 63 12 37 72 85 4 35 65 24 79 4 37 51 32 20 61 91 99 66 20 87 21 60 40 46 72 68 84 0 10 49 79 6 27 65 57 37 33 98 53 27 4 18 75 20 79 75 79 68 93 19 85 58 55 61 82 52 48 4 55 4 74 43 69 31 25 73 29 35 74 74 85 91 6 30 98 25 63 46 79 47 69 60 82 19 28 11 85 83 46 23 20 65 80 
85 45 58 66 62 52 13 18 52 48 10 89 21 58 7 56 0 49 92 96 42 73 6 89 14 28 89 52 44 82 38 47 70 35 26 25 6 54 41 10 50 12 1 96 14 39 75 59 34 57 18 50 32 20 61 82 38 70 51 34 63 4 21 52 94 51 96 79 95 63 92 22 83 64 32 47 14 21 39 60 7 55 62 46 38 18 90 6 76 57 61 97 24 52 72 30 45 85 80 83 
61 8 78 49 24 36 27 36 36 21 47 6 35 79 80 41 17 26 39 50 15 12 35 21 80 57 29 38 40 45 46 94 47 47 10 7 11 12 25 92 4 49 21 33 34 77 16 98 68 38 54 61 8 11 8 57 63 82 26 60 90 92 78 84 9 73 42 41 39 92 24 26 22 54 11 3 13 82 97 21 35 77 56 44 98 10 69 33 15 21 3 35 68 60 47 24 47 75 88 83 
37 56 2 48 75 45 47 33 7 40 73 92 74 67 64 95 25 50 58 18 94 69 70 59 40 42 15 98 74 43 41 56 87 0 28 82 22 0 51 34 84 48 78 61 22 64 4 65 25 81 71 20 63 86 5 22 4 75 92 96 13 35 25 77 43 72 58 57 35 29 23 4 69 87 69 88 54 56 34 30 59 44 88 55 67 64 26 65 84 45 43 79 64 1 4 81 81 1 31 9 
63 38 97 99 49 83 54 74 63 63 87 91 18 23 77 78 96 60 15 27 62 22 51 22 8 31 41 33 36 93 41 81 37 37 44 68 8 46 24 27 16 5 95 40 54 55 57 21 16 64 97 98 56 89 58 30 68 76 74 85 44 77 2 90 93 29 35 15 91 3 33 26 61 67 30 56 16 22 1 21 75 65 27 30 5 13 86 62 80 51 5 12 97 94 15 27 51 22 15 3 
1 93 43 64 22 99 95 48 11 90 5 90 60 83 3 96 46 12 12 40 92 78 11 51 20 2 32 25 8 83 96 49 74 42 11 0 36 50 4 76 43 41 81 79 75 75 55 27 10 81 0 96 29 36 35 25 96 7 93 24 36 18 62 32 71 89 77 7 50 37 67 27 9 73 60 48 64 23 16 81 89 4 2 8 62 41 59 82 69 96 57 35 53 94 64 85 14 54 1 28 
56 6 33 45 36 65 64 99 20 13 26 99 72 41 54 21 4 73 33 64 15 40 38 78 25 47 28 32 58 9 62 48 59 39 22 99 12 44 31 38 46 63 25 55 73 4 11 89 82 44 79 33 35 61 34 50 27 41 8 56 80 6 62 59 74 78 89 81 86 92 54 45 54 55 89 41 71 21 50 44 68 98 51 9 25 94 30 51 43 45 69 93 22 81 19 28 61 37 60 6 
1 32 45 45 4 4 65 9 35 68 3 22 10 16 46 69 43 87 33 24 6 53 74 44 87 18 6 59 93 91 97 47 97 40 36 97 1 21 70 65 67 37 18 98 37 36 91 85 43 44 1 86 59 62 61 93 3 82 50 69 84 16 29 3 6 8 10 43 93 24 24 44 94 37 63 24 20 35 56 80 72 77 44 92 23 5 33 51 99 23 29 78 65 20 60 59 57 8 40 20 
38 56 83 68 72 54 62 25 75 22 7 70 39 18 95 75 28 72 97 87 26 38 9 82 5 43 94 63 41 64 19 18 10 93 7 18 54 29 22 33 67 35 85 97 46 83 38 39 88 92 98 60 1 8 76 47 58 57 70 82 75 12 88 61 56 47 91 29 51 19 72 87 99 80 98 58 27 33 45 95 23 58 16 19 98 59 32 88 19 2 33 76 37 9 14 13 73 58 0 97 
3 22 60 36 91 27 26 76 42 78 72 63 99 93 2 72 23 73 5 51 61 46 32 30 38 53 80 48 31 34 38 44 79 28 90 31 72 46 84 61 46 79 62 5 30 56 78 82 43 72 5 28 2 93 48 16 43 33 89 81 17 16 41 8 10 4 13 1 17 8 57 17 55 13 81 18 3 69 98 70 19 70 31 53 40 11 36 1 18 14 66 98 56 42 21 25 20 97 38 49 
78 44 34 37 45 38 79 81 87 87 23 15 38 22 66 95 83 69 19 38 54 78 19 28 90 17 86 84 30 77 94 16 52 56 73 73 25 28 57 40 29 30 17 54 84 36 47 37 50 97 88 43 71 59 80 6 38 46 19 69 19 91 27 54 14 43 66 32 94 5 6 83 17 86 12 78 38 0 66 28 73 28 8 51 18 36 65 8 28 27 69 15 31 35 69 86 84 37 47 47 
48 75 36 75 56 39 43 40 3 53 99 67 92 27 11 54 69 72 41 52 69 66 60 54 70 89 10 8 94 34 82 5 43 25 9 88 56 73 84 79 51 17 9 20 64 56 65 41 99 81 33 28 48 93 48 72 1 81 20 62 53 30 77 23 32 58 74 29 80 72 77 96 42 60 13 95 19 45 78 84 69 22 49 68 93 78 24 78 19 55 29 89 84 53 70 68 95 60 67 86 
93 84 99 79 69 0 48 41 36 53 21 50 77 71 85 9 49 15 90 75 45 39 15 48 52 64 37 5 38 66 76 85 81 57 34 39 83 6 35 18 0 75 43 96 42 88 89 66 66 38 8 53 61 5 43 61 99 89 60 82 99 24 44 23 67 39 97 49 33 26 53 53 81 69 24 1 17 81 96 25 15 42 51 28 82 13 32 96 51 53 90 10 41 34 65 11 55 7 46 36 
25 92 61 19 54 62 16 38 45 6 27 11 1 87 23 41 9 4 24 30 72 81 42 90 25 44 53 59 30 39 71 17 33 21 10 95 12 74 39 34 66 35 59 62 14 37 67 88 48 96 41 79 8 27 9 77 69 50 77 23 83 81 33 35 53 39 33 98 86 29 84 42 16 24 17 50 53 16 97 88 58 63 96 30 17 49 83 52 91 33 25 0 54 39 96 91 11 28 54 24 
56 15 13 38 56 41 16 95 63 84 95 90 31 91 21 48 31 65 91 54 99 51 36 26 60 91 59 73 97 14 81 4 78 20 20 89 77 75 91 47 99 97 78 25 52 82 0 36 64 65 35 12 99 85 40 76 96 76 28 96 59 75 42 14 89 96 10 20 31 92 61 9 29 47 70 22 68 54 72 7 42 32 81 14 90 92 47 35 34 65 9 64 75 70 16 35 68 28 15 78 
67 9 67 83 97 55 95 96 87 41 27 44 64 18 66 99 33 14 26 94 59 32 11 74 83 6 41 23 8 66 78 36 92 95 69 46 96 43 80 56 45 26 43 76 47 6 2 71 18 9 65 86 65 80 82 10 18 73 67 41 75 59 40 57 42 61 79 53 25 96 58 98 75 73 17 67 82 78 97 55 27 15 0 82 63 13 70 83 9 46 3 58 87 92 82 26 18 6 33 60 
96 35 30 13 69 62 33 24 5 17 67 99 75 22 26 95 2 31 94 94 79 77 76 54 36 75 86 23 43 44 46 37 38 10 66 77 45 89 26 64 64 35 95 42 35 33 57 81 80 70 12 99 44 38 0 11 56 26 36 47 5 70 27 58 50 7 38 96 21 66 90 74 20 12 2 81 41 36 23 67 40 30 14 49 52 49 73 24 33 52 58 59 89 59 68 35 80 73 28 95 
8 21 31 15 44 61 12 4 56 98 77 86 67 7 29 80 12 78 16 23 27 0 7 38 70 9 13 25 21 23 46 61 42 30 14 58 85 56 17 54 73 37 90 49 91 69 89 26 91 9 69 49 40 80 46 61 88 91 62 91 44 39 9 0 92 17 87 48 2 42 17 67 43 20 56 5 58 45 29 68 54 75 24 17 58 35 40 23 7 65 66 71 29 32 37 12 85 58 86 0 
3 59 7 68 82 63 85 45 88 29 87 56 60 90 93 80 40 37 57 13 60 3 30 6 36 50 54 86 78 10 34 8 4 84 61 9 30 30 42 98 11 83 37 22 29 87 7 33 95 62 0 74 66 30 47 14 6 1 52 70 53 75 40 69 34 87 49 61 60 2 79 72 73 1 24 94 9 79 87 13 70 14 79 43 46 48 90 23 18 29 58 67 92 43 64 89 32 74 48 57 
3 41 32 42 30 77 96 51 77 60 37 63 97 65 36 48 10 78 94 97 37 42 42 6 35 84 90 84 50 51 69 85 52 56 61 64 12 33 69 69 4 44 49 0 48 19 52 4 68 88 42 74 98 16 70 38 48 84 18 5 17 20 62 55 61 11 73 96 33 95 62 45 22 53 67 16 44 12 11 52 88 67 5 5 21 23 47 40 97 77 36 49 7 16 77 74 16 47 2 39 
17 18 68 67 59 1 22 6 12 80 33 23 64 77 4 8 34 35 48 11 74 13 51 16 75 7 71 32 93 22 94 36 30 89 11 46 72 11 99 47 28 56 74 74 26 72 19 12 10 25 19 44 29 91 92 17 14 60 68 14 30 78 90 33 18 98 23 87 45 23 34 14 45 38 61 84 26 46 78 52 68 27 6 51 80 27 39 0 2 41 96 63 29 38 9 54 4 64 36 81 
20 92 19 64 62 27 55 22 10 17 97 72 36 79 62 39 34 17 92 58 26 81 19 76 86 37 97 96 61 71 18 13 7 24 98 88 20 20 24 84 56 12 79 22 59 15 75 68 64 41 39 87 83 44 4 8 91 33 48 63 64 71 76 90 5 6 67 91 5 79 4 53 68 10 81 92 52 69 33 96 33 27 51 26 16 58 88 76 94 61 79 30 41 80 19 45 79 42 73 13 
51 34 98 37 44 41 43 14 15 39 32 29 69 51 89 20 81 88 79 47 78 5 26 17 28 15 91 34 51 48 57 37 69 12 16 38 46 12 97 93 57 59 67 35 28 9 33 56 42 56 21 50 16 68 9 18 6 54 76 68 44 61 39 19 12 73 4 77 97 15 23 8 97 24 39 75 59 73 83 95 44 59 94 5 43 0 3 30 2 46 89 52 35 95 63 25 15 8 75 69 
78 26 88 81 35 98 52 96 73 3 23 37 10 53 45 87 59 33 6 96 52 35 88 81 2 15 56 24 54 11 81 84 35 69 49 37 79 9 78 71 10 4 60 57 72 31 64 60 20 13 96 62 73 2 95 4 80 38 36 63 86 37 10 50 43 80 47 10 18 16 93 32 39 66 52 3 43 47 37 86 83 73 10 16 92 53 39 0 1 58 37 60 45 42 53 88 67 51 7 12 
19 17 8 30 87 59 77 1 46 91 25 75 95 89 68 19 13 34 16 66 26 57 80 7 10 82 4 6 5 83 48 55 27 0 8 46 46 69 68 44 81 49 23 67 33 25 9 43 21 51 62 26 42 25 41 41 38 9 93 39 80 94 1 97 29 23 77 15 33 34 8 39 97 43 97 23 67 58 63 31 11 14 12 95 65 8 47 34 99 44 53 44 44 89 53 69 93 43 71 62 
63 36 71 27 49 92 13 98 67 46 8 32 87 26 7 9 40 32 48 1 4 37 55 68 78 17 45 41 63 16 14 70 44 77 11 31 73 44 80 1 25 31 13 37 70 27 24 66 38 71 10 98 45 5 73 52 25 76 69 58 32 31 1 48 13 40 41 73 86 18 70 0 63 71 30 47 87 53 8 83 27 16 86 23 27 1 81 23 53 16 41 39 67 6 98 60 33 21 93 89 
74 64 27 18 99 4 67 33 78 7 10 39 3 39 84 10 29 3 60 70 95 68 25 44 48 26 3 61 64 68 15 52 80 29 35 40 13 20 79 8 63 59 81 32 87 28 32 71 43 60 26 37 10 43 40 39 32 12 89 64 26 44 11 10 49 25 41 69 11 89 84 28 7 45 44 54 34 55 9 91 42 85 31 23 18 71 27 65 22 46 64 4 36 27 4 18 75 68 2 70 
27 98 12 84 49 59 92 54 21 4 49 29 5 57 31 88 36 63 10 5 66 78 3 42 37 13 71 5 61 67 6 30 60 83 48 81 78 38 53 72 23 79 70 51 28 87 17 82 74 79 69 45 89 23 88 97 34 8 9 7 91 0 49 94 67 60 31 58 24 78 59 35 8 28 13 62 16 85 51 10 39 27 68 49 62 61 1 10 94 5 31 34 58 8 59 30 99 29 87 68 
30 43 46 99 76 87 69 12 52 26 31 71 28 99 26 54 33 3 95 80 45 80 44 5 69 35 35 97 72 74 26 98 49 62 81 74 84 69 20 21 28 86 57 51 39 67 16 4 94 31 94 96 75 22 67 78 41 22 82 80 62 91 82 81 83 61 77 29 19 40 28 16 52 37 3 62 95 55 27 50 86 20 57 6 37 69 43 50 0 7 73 82 6 60 37 89 39 70 42 55 
29 45 15 2 77 51 76 41 45 67 4 49 56 14 14 13 10 42 1 96 56 64 81 4 35 13 95 33 41 79 24 2 59 81 83 55 94 68 51 80 3 23 78 68 1 89 95 46 66 46 21 60 25 27 21 33 10 58 50 65 22 82 7 78 12 58 25 58 48 24 9 30 43 60 0 48 24 85 37 56 42 32 7 0 69 70 40 82 17 92 8 47 92 33 78 44 88 38 84 67 
22 55 70 63 1 60 73 1 77 43 12 88 1 67 10 42 98 60 57 87 42 21 71 44 78 90 95 92 80 28 62 52 12 97 18 81 39 92 54 82 20 33 28 73 35 69 8 54 95 97 93 7 29 39 85 67 77 76 48 65 79 20 5 46 26 83 8 70 19 41 55 51 30 28 96 36 97 5 59 45 93 16 40 94 16 52 55 61 3 75 70 0 1 21 86 99 53 79 38 10 
25 70 36 46 90 97 97 25 33 55 12 67 99 15 26 58 37 50 4 85 15 43 92 88 91 53 97 63 88 50 66 38 71 90 49 8 96 10 83 79 22 14 66 75 1 61 82 92 24 72 42 1 46 96 84 82 55 23 78 34 75 29 93 81 3 3 29 56 57 37 42 59 65 0 43 1 63 14 42 59 95 37 63 45 43 54 84 90 64 83 28 79 67 43 55 25 88 84 65 11 
92 40 30 20 64 4 50 51 94 6 76 0 72 51 52 31 66 65 1 75 11 69 64 38 63 55 23 43 63 28 33 40 97 89 75 71 78 70 10 70 17 66 25 22 2 97 9 8 51 45 15 93 90 33 55 64 39 27 75 69 19 45 29 49 17 15 40 47 28 27 4 77 65 84 33 19 58 43 90 3 79 42 74 93 84 11 22 45 20 18 85 27 12 26 1 14 71 13 90 5 
64 49 0 34 13 89 12 43 11 73 38 81 9 37 30 43 9 84 44 12 69 87 38 28 59 15 16 92 23 49 65 96 32 25 49 5 17 5 45 36 57 19 47 17 45 40 2 38 74 50 16 70 98 92 18 13 70 0 31 75 50 50 69 93 4 95 57 3 45 25 85 63 56 29 31 25 72 96 83 63 14 26 85 62 63 24 45 10 56 54 55 98 74 44 46 92 14 52 14 8 
10 35 56 50 61 67 59 25 81 18 1 25 62 73 20 77 65 71 10 70 46 63 77 70 30 55 39 80 24 62 1 75 99 93 50 45 55 77 51 14 44 12 52 61 44 37 77 7 51 21 42 1 6 0 84 38 59 11 34 70 94 47 50 69 80 86 63 52 15 56 14 96 46 88 4 91 82 80 64 19 78 30 69 41 59 49 7 27 51 36 81 29 6 9 77 93 70 33 59 66 
43 78 78 78 14 53 28 30 91 45 77 85 44 15 27 11 25 79 65 1 73 86 0 18 42 34 21 92 87 20 73 39 9 72 53 45 88 78 30 83 16 23 27 90 68 94 84 94 17 8 35 63 5 50 53 53 78 21 40 85 74 98 10 84 73 79 8 56 53 37 52 45 96 24 52 90 71 52 48 27 10 34 41 25 4 82 67 41 80 86 76 65 4 19 46 33 57 21 63 76 
4 33 75 69 31 71 70 44 91 74 94 9 40 39 31 73 37 3 73 14 82 60 30 32 75 94 25 45 11 8 90 44 49 70 14 98 18 36 22 93 7 70 3 58 8 21 5 32 16 98 4 93 75 57 82 25 54 9 94 69 83 91 16 73 72 48 91 65 44 75 3 44 79 26 23 18 37 59 46 5 2 85 0 58 16 40 71 61 58 43 39 76 43 9 87 83 6 35 60 29 
29 92 91 86 80 52 6 58 15 48 63 29 62 50 33 44 52 21 87 91 78 9 10 99 29 84 1 69 90 31 79 39 85 71 88 75 89 94 76 2 26 34 80 55 44 72 14 80 91 60 4 48 86 17 68 89 4 15 43 68 13 36 77 67 21 16 79 78 34 30 56 1 47 76 45 37 41 2 57 49 9 2 55 67 30 12 73 91 25 54 20 51 70 47 53 8 72 43 4 0 
87 38 43 28 18 14 86 71 56 86 12 28 3 1 88 57 39 2 84 9 79 1 58 39 73 26 10 51 3 52 55 24 97 25 33 78 1 76 90 94 37 3 64 81 36 2 71 37 52 32 39 66 78 72 67 19 42 70 83 71 4 27 12 3 28 99 30 40 30 66 30 50 13 1 37 31 96 25 27 0 85 72 72 15 34 63 45 24 42 8 82 73 97 97 38 0 82 68 70 94 
24 40 95 90 18 20 90 58 36 79 65 42 67 63 56 59 16 90 10 58 84 30 17 12 30 8 22 16 45 4 60 7 3 38 62 39 71 72 21 67 35 50 13 70 5 46 99 99 23 82 66 32 24 66 68 41 13 90 32 62 80 11 46 39 80 45 98 96 33 33 92 86 97 40 87 33 15 24 49 54 48 49 71 34 95 6 53 0 16 53 96 55 60 61 6 7 94 31 86 34 
42 43 40 34 27 3 55 14 62 64 85 73 13 52 35 90 8 40 27 16 75 59 58 19 3 54 25 19 50 13 29 69 17 74 5 20 88 73 37 46 53 72 61 55 0 0 24 33 19 23 45 81 80 83 81 53 39 62 90 6 42 60 84 52 18 35 27 44 4 1 40 60 40 15 99 97 89 51 84 74 96 79 0 4 89 16 50 62 12 50 91 25 96 54 95 79 86 60 17 29 
64 51 61 1 88 25 88 15 50 15 88 90 20 27 56 25 53 32 69 25 72 84 86 88 68 93 58 20 72 22 25 91 79 6 12 53 3 1 24 16 53 10 23 76 47 21 13 99 49 86 62 63 17 30 73 30 68 92 89 16 8 22 33 35 93 96 93 3 76 9 38 33 57 78 3 58 11 80 38 47 84 50 73 3 59 18 50 47 10 78 91 86 99 62 30 57 10 0 60 20 
0 80 64 89 23 74 86 72 62 20 72 9 94 12 98 14 80 46 53 56 29 33 53 19 0 8 71 44 63 14 16 71 89 75 40 65 66 97 57 68 55 58 92 16 7 8 20 72 18 8 88 1 26 84 19 14 39 26 54 37 11 82 22 73 62 88 71 97 66 69 84 91 62 44 72 24 48 22 76 24 13 66 29 77 60 39 81 9 29 50 73 7 11 28 94 9 19 48 69 44 
0 57 55 71 32 23 64 47 4 90 22 94 87 79 22 45 87 90 91 84 53 75 62 11 78 65 60 40 5 47 13 62 35 77 13 40 88 11 86 54 88 93 66 48 74 7 49 16 91 81 16 92 11 65 23 65 24 79 76 70 7 78 53 24 71 29 20 38 3 53 24 7 75 65 39 55 85 5 27 63 49 0 77 61 48 48 96 8 21 79 45 2 94 63 75 30 64 93 90 80 
59 59 72 58 69 51 23 62 77 67 43 14 36 19 83 58 83 84 59 36 6 54 29 88 8 59 36 39 71 33 24 86 50 74 88 15 2 16 52 87 49 48 23 20 85 26 59 24 16 33 23 6 38 6 70 17 75 23 28 64 71 62 42 85 48 75 5 77 67 38 15 22 13 68 93 57 27 93 56 10 91 87 3 94 9 25 1 21 63 42 79 76 44 74 19 81 67 1 54 68 
