63 24 23 53 41 34 66 20 37 52 91 52 8 52 77 56 44 40 70 35 21 23 6 59 24 86 86 22 8 45 58 82 93 8 43 66 54 69 53 2 35 87 68 71 51 31 70 75 82 13 0 39 63 69 84 1 68 24 99 77 65 22 2 15 90 69 82 67 75 94 24 31 58 6 2 32 48 12 39 63 56 28 5 30 61 91 9 31 69 18 63 13 37 48 59 69 78 64 95 82 
88 82 49 24 19 41 55 33 32 21 25 21 49 50 79 3 55 60 21 57 15 92 3 49 95 67 88 56 42 34 89 76 54 42 33 20 17 72 12 10 78 20 41 8 13 57 12 95 30 48 91 50 26 82 63 42 55 87 19 81 93 97 61 20 80 12 20 84 20 95 77 44 10 99 64 73 89 47 38 82 81 27 33 34 47 76 43 91 77 84 50 8 39 59 59 63 18 62 22 71 
88 55 9 55 61 52 81 92 16 62 85 47 49 1 25 31 53 43 90 37 70 66 18 52 49 70 51 92 97 95 86 62 42 78 18 34 10 1 79 92 26 64 63 14 84 39 52 42 12 1 10 59 81 74 27 58 86 0 92 68 24 14 98 56 65 73 66 82 77 36 45 97 48 27 71 17 53 75 65 38 21 52 93 46 75 46 53 94 42 32 55 58 19 21 80 83 69 1 38 42 
67 80 8 53 69 45 24 93 93 78 90 68 39 42 16 26 22 51 71 47 2 97 69 75 79 47 57 92 59 32 70 95 55 85 64 25 41 89 95 89 26 80 53 19 86 73 6 34 44 30 67 33 48 77 80 99 79 60 57 25 2 60 86 96 69 39 13 12 9 83 40 58 83 14 16 21 43 91 17 47 69 49 55 57 91 71 88 89 39 24 75 82 94 20 93 42 41 26 90 27 
80 31 3 95 72 42 77 38 21 58 83 80 71 78 24 51 32 23 15 41 91 35 49 50 60 99 25 5 88 98 0 13 86 89 47 34 50 62 40 55 56 21 26 94 36 15 97 98 73 29 67 29 44 57 81 78 83 3 92 28 33 3 88 68 27 57 89 83 12 37 43 80 81 40 56 16 64 94 36 43 5 33 70 30 21 50 44 2 11 83 67 64 13 25 64 80 92 87 34 27 
70 58 96 12 23 59 34 55 61 14 3 21 85 27 38 99 19 42 82 17 16 7 37 36 42 76 8 99 0 15 67 22 12 55 9 40 38 1 75 55 81 70 0 89 95 88 68 62 16 94 42 39 71 23 44 45 14 41 42 90 68 57 67 63 39 19 64 79 42 76 49 3 91 28 61 31 81 38 47 19 34 28 74 81 39 99 50 66 33 26 84 20 66 78 97 91 27 74 46 34 
48 8 42 60 32 15 26 86 15 50 81 47 9 37 96 7 45 47 37 44 14 80 28 34 36 24 36 81 66 44 42 65 95 67 31 93 27 91 73 50 64 49 96 26 15 10 33 76 44 99 71 71 17 12 0 47 42 29 21 90 58 85 78 59 84 10 76 79 76 16 80 45 92 37 69 47 46 1 9 33 16 36 40 38 14 96 97 21 74 99 8 42 14 85 12 92 77 5 25 65 
87 82 29 48 55 68 32 39 70 68 88 85 5 48 86 17 57 78 86 80 90 68 5 36 59 32 77 97 0 72 9 8 53 81 38 30 38 44 37 73 29 94 65 61 52 48 35 18 39 61 73 41 6 42 72 48 59 10 5 34 5 48 54 71 5 1 64 80 55 51 55 62 85 30 46 13 20 97 69 90 68 52 96 72 64 83 24 27 64 39 0 14 70 47 62 27 24 35 30 85 
17 87 44 21 6 66 1 84 37 33 86 60 26 57 32 4 38 30 63 61 30 36 1 46 73 71 94 88 32 65 66 83 89 2 46 47 70 81 3 10 28 82 7 58 43 47 61 22 27 6 7 13 27 83 86 58 50 66 65 37 63 48 2 74 5 95 62 4 71 91 0 81 76 50 3 24 94 90 99 1 28 21 33 20 70 29 33 69 31 98 73 67 33 37 39 79 56 46 40 99 
80 12 3 78 25 27 72 71 32 22 97 78 64 26 32 25 84 23 91 23 10 14 72 13 64 82 49 10 99 51 15 81 78 24 97 44 84 48 88 55 52 43 81 9 51 93 86 49 38 76 80 25 43 5 0 16 26 33 40 38 13 22 49 37 55 7 39 73 20 32 52 99 62 89 73 9 5 42 93 16 85 67 87 63 8 53 83 23 67 41 20 56 10 51 80 32 54 37 15 85 
29 85 84 75 50 88 70 18 99 41 74 57 17 74 74 88 87 49 34 55 45 85 36 15 94 50 73 65 20 26 54 93 3 54 88 25 81 9 4 65 68 7 69 81 36 8 67 73 15 37 48 12 66 47 5 56 34 43 12 17 51 51 51 97 63 75 55 30 62 78 42 70 45 74 70 99 28 76 31 13 29 73 83 93 41 42 15 15 21 39 97 3 82 18 76 92 56 96 99 17 
49 92 90 12 52 55 89 36 88 88 34 33 87 97 37 43 35 78 54 43 16 92 83 16 97 68 27 58 23 81 50 80 75 48 22 24 79 51 57 19 21 83 80 77 16 65 7 81 15 35 50 56 65 75 15 88 61 78 81 5 3 78 25 59 83 68 47 1 74 72 27 49 10 33 44 12 97 50 33 32 33 21 62 60 50 45 53 90 45 82 78 62 92 16 96 99 61 50 49 56 
12 15 39 37 19 78 3 98 12 70 83 27 81 80 59 80 11 68 13 71 33 86 30 52 18 5 54 88 10 48 43 65 64 93 49 68 88 86 6 20 0 94 4 7 68 84 41 3 50 66 63 18 22 61 20 53 38 38 9 49 41 88 51 91 65 97 37 98 2 30 66 86 65 43 2 19 9 41 48 39 29 38 23 24 87 6 33 33 99 28 91 19 10 25 27 55 8 2 98 26 
24 40 6 59 68 15 67 84 1 23 88 20 43 35 68 61 80 59 58 89 45 97 85 37 54 14 68 36 15 2 85 25 31 53 49 96 4 59 8 30 82 3 5 3 9 91 91 68 97 51 85 37 85 87 59 88 48 77 34 2 38 36 2 6 73 2 86 8 57 44 88 92 6 15 14 71 42 53 8 97 15 50 42 52 50 20 37 91 52 65 25 51 19 60 5 90 48 85 82 68 
12 13 93 47 69 29 32 30 18 17 19 37 53 52 95 99 4 2 94 79 66 98 44 61 68 78 6 72 68 31 1 68 8 97 89 46 9 79 47 5 42 31 44 88 44 21 10 33 4 20 96 88 7 60 65 76 84 46 33 85 83 73 47 59 17 42 34 78 16 67 51 86 44 55 22 53 63 53 25 35 1 10 21 61 98 35 94 61 0 32 37 41 95 6 92 50 40 75 2 74 
86 91 35 17 87 1 46 45 98 76 78 8 7 23 74 19 76 4 44 72 2 88 55 19 80 21 43 8 67 40 22 75 93 17 33 30 24 61 64 51 81 18 81 49 66 29 42 85 88 13 31 88 80 14 75 11 92 48 13 22 93 61 9 93 27 76 7 51 41 43 8 64 57 72 16 42 79 11 35 60 62 79 38 14 14 94 73 15 65 78 50 71 95 46 1 79 51 96 98 31 
13 40 62 20 81 28 30 94 77 33 47 51 66 78 55 41 79 61 12 0 10 3 6 96 55 87 48 30 10 5 42 40 80 90 33 58 21 79 42 42 53 11 28 71 85 23 40 58 11 61 42 13 84 79 33 56 80 20 95 45 23 99 82 43 79 82 15 94 22 46 9 73 94 42 76 12 46 24 18 4 42 23 29 40 86 62 59 72 34 69 2 1 58 70 0 27 69 21 50 85 
39 19 91 36 16 4 79 97 85 23 89 48 33 96 30 5 96 40 7 52 18 2 49 45 59 10 10 36 42 93 71 27 8 52 84 2 27 58 47 66 55 63 52 77 71 70 85 45 70 33 10 31 19 8 71 2 15 43 97 76 51 68 61 59 42 64 83 68 0 16 6 29 83 47 45 8 72 27 57 32 45 29 68 66 26 53 22 35 93 93 49 69 75 97 62 90 64 74 61 86 
2 71 2 35 41 53 74 77 81 22 60 49 68 44 85 4 81 87 8 81 6 48 26 99 22 11 60 8 10 68 87 99 25 61 37 43 49 84 16 47 68 62 60 16 27 31 32 86 98 76 22 20 77 65 55 7 29 64 36 4 29 61 2 75 62 48 28 18 68 76 83 71 72 9 14 67 63 4 55 7 77 38 11 35 6 94 33 93 27 83 54 10 12 69 53 39 60 35 50 99 
5 33 27 92 82 66 26 68 87 45 64 20 16 67 9 87 41 56 65 76 76 84 62 3 95 8 19 39 67 45 97 0 81 91 64 43 92 21 92 31 59 36 44 37 77 77 34 43 75 36 17 36 28 63 0 95 58 90 51 82 56 16 79 73 23 50 85 16 85 78 23 9 16 23 11 25 79 31 60 44 7 85 65 11 0 64 87 41 98 95 70 65 94 99 97 16 75 42 15 26 
42 57 89 25 9 84 56 9 39 73 77 37 53 82 87 58 3 15 36 6 18 35 32 8 13 98 3 26 57 35 50 77 70 26 40 48 94 33 37 72 0 95 66 11 37 45 61 32 42 92 44 89 99 86 33 54 69 96 1 50 66 57 54 2 5 69 17 82 80 9 16 55 34 72 90 98 32 89 72 7 15 87 56 71 3 93 1 39 83 95 50 33 45 8 30 53 43 87 12 42 
82 23 90 53 42 30 3 97 54 89 40 47 21 9 79 68 36 94 35 24 34 43 96 2 15 49 48 73 45 94 36 49 60 17 63 55 50 77 75 53 25 95 53 9 77 44 0 3 14 66 73 57 35 70 69 87 42 74 82 99 30 55 22 66 23 30 2 72 52 99 31 53 19 82 39 41 5 1 94 45 99 82 53 45 53 57 22 92 68 77 45 23 46 15 59 94 17 34 85 41 
96 69 15 86 19 26 93 46 48 33 90 97 65 12 52 21 20 0 23 30 85 84 49 60 38 72 13 77 77 69 54 22 29 39 59 19 54 71 13 85 82 10 36 7 96 30 13 4 64 43 99 21 23 53 46 18 9 36 45 98 72 71 58 30 59 13 46 25 26 90 69 45 76 86 68 97 54 3 22 7 6 15 92 24 96 75 55 26 59 65 66 81 56 77 45 6 86 44 14 51 
89 89 98 35 57 60 5 61 49 34 61 34 97 22 0 40 91 5 1 8 81 5 42 59 60 53 35 17 11 30 85 86 71 41 43 54 53 15 57 99 65 25 19 44 45 26 40 76 13 65 76 7 66 79 87 4 88 68 20 84 21 21 4 22 79 50 50 27 48 85 50 56 32 75 56 22 59 97 80 49 37 10 76 60 62 95 74 95 65 55 91 18 40 15 66 30 29 21 97 2 
59 53 65 80 60 16 64 43 6 29 80 46 23 92 69 26 17 73 95 53 18 12 45 92 81 94 89 87 53 88 37 18 61 47 69 30 68 48 75 3 46 56 11 0 40 31 23 90 36 20 90 6 91 37 82 66 55 21 7 40 24 53 90 35 59 47 16 70 21 67 88 96 4 36 75 79 98 75 77 27 54 90 58 53 5 24 2 23 30 39 78 50 97 82 16 75 16 81 45 38 
29 1 76 64 66 36 82 62 27 76 72 34 68 19 48 38 91 39 13 39 74 78 76 12 0 77 39 15 60 93 83 79 15 46 79 47 11 44 5 66 27 82 56 67 1 25 65 10 93 40 54 48 48 81 98 67 77 69 22 22 47 11 43 48 76 30 41 6 80 92 63 18 81 41 9 73 73 41 63 93 0 89 6 71 7 72 23 27 49 85 34 22 94 7 25 71 90 78 74 25 
75 96 34 51 81 34 51 89 32 19 50 82 79 45 17 91 0 59 89 11 80 91 11 63 44 9 12 80 12 48 93 47 63 24 44 36 63 39 33 42 19 55 92 18 38 64 3 10 74 34 50 80 80 82 25 18 38 54 46 88 42 65 88 72 1 24 43 58 12 34 16 85 5 34 35 76 37 70 88 24 33 33 79 69 3 86 20 51 42 32 85 7 61 86 45 26 43 56 97 37 
87 29 60 57 54 14 16 13 41 87 27 86 81 81 40 87 84 27 7 17 54 81 74 60 56 97 25 18 72 36 94 0 60 34 97 95 95 45 55 84 29 35 82 40 11 12 45 49 32 65 35 25 98 19 77 12 63 88 55 91 29 24 76 83 16 55 59 87 47 53 96 26 94 34 15 49 50 79 61 44 69 92 24 46 88 84 46 98 95 78 69 39 56 65 1 99 82 2 49 12 
58 48 31 47 35 4 95 42 15 51 78 3 66 97 62 73 10 58 20 99 43 86 1 14 16 17 19 64 62 14 8 78 77 89 43 26 0 65 25 30 20 78 66 31 64 34 41 21 36 11 89 98 7 30 24 93 37 22 96 70 45 26 49 79 71 83 98 88 13 66 11 54 75 25 54 40 89 60 88 31 36 58 63 56 71 93 78 80 44 2 17 79 89 80 13 0 44 24 18 60 
11 89 95 9 48 77 53 13 8 28 69 35 8 95 7 5 92 91 7 62 52 67 89 34 5 43 19 20 57 15 76 47 41 84 58 16 5 29 65 79 1 56 50 88 11 38 5 52 41 72 95 56 41 36 6 13 42 51 54 36 33 44 99 60 63 65 16 19 4 60 8 37 61 62 36 3 66 15 92 46 31 84 89 69 84 80 46 36 34 72 5 43 24 83 69 84 14 78 21 85 
68 0 56 28 55 64 35 15 56 6 62 74 57 3 78 98 83 21 42 33 20 70 65 87 42 16 16 11 77 1 29 6 14 60 99 99 63 12 90 53 57 3 53 33 23 77 18 94 69 26 46 37 52 13 62 8 96 15 61 72 76 80 95 67 49 32 18 39 82 52 15 0 73 50 98 26 77 82 5 38 31 79 30 58 99 66 96 36 53 60 44 8 20 58 53 72 13 60 76 80 
10 66 60 97 41 71 45 62 48 95 67 30 91 80 53 44 0 23 67 88 13 87 25 34 87 43 97 85 6 32 27 89 66 1 10 79 52 10 30 92 7 90 71 97 28 45 93 55 44 81 46 15 1 45 48 71 44 10 95 28 57 24 73 11 75 1 89 99 30 20 8 77 38 9 18 88 19 38 80 86 29 69 42 78 68 96 12 46 60 33 89 12 57 92 75 29 75 42 24 41 
28 75 56 13 38 22 85 10 66 7 67 9 1 77 99 8 67 54 2 96 21 83 82 7 55 72 9 4 17 4 9 40 21 97 2 7 10 39 9 28 3 48 58 37 80 3 97 51 36 81 58 64 54 0 53 6 66 52 7 99 94 59 78 57 53 52 26 72 42 26 73 29 90 38 76 22 0 1 56 83 49 23 4 67 68 21 15 24 94 69 84 91 44 83 64 79 25 30 32 63 
95 57 92 94 14 3 67 91 39 29 59 33 6 38 52 29 13 48 20 37 11 5 14 55 54 48 75 15 68 29 40 73 76 31 81 91 59 88 25 77 53 78 32 89 33 4 65 17 55 14 20 43 46 30 83 84 17 95 19 64 38 35 89 73 73 51 65 47 1 50 3 23 44 68 33 98 20 44 60 0 34 23 38 63 58 58 4 70 75 94 71 51 56 79 76 4 15 51 68 46 
81 63 69 10 90 87 27 61 50 97 77 93 69 40 68 80 67 23 72 16 43 14 16 24 37 77 81 50 45 94 18 97 66 17 47 61 50 86 45 73 36 89 72 17 24 95 72 60 54 35 5 31 21 60 3 22 89 25 4 34 47 48 79 32 52 51 12 5 25 87 25 15 17 91 21 63 43 90 83 31 62 96 37 66 82 30 53 6 84 3 65 89 89 41 18 38 27 16 62 46 
61 5 37 99 61 55 56 36 79 15 37 46 63 13 94 10 45 62 57 63 87 39 3 50 80 69 72 32 12 86 43 63 53 93 58 52 32 17 24 76 99 72 37 13 21 50 46 30 42 51 10 38 25 77 79 66 7 28 49 50 87 44 60 73 34 29 0 66 87 97 98 66 43 84 29 31 65 15 94 31 14 64 39 98 87 77 73 56 3 11 93 51 58 58 0 35 54 62 79 54 
45 96 98 30 3 46 87 89 82 67 49 57 48 99 13 0 56 79 17 45 46 12 16 55 63 12 41 50 4 40 11 52 55 96 68 65 44 84 96 70 25 48 49 31 44 51 36 95 44 11 31 37 90 20 33 39 97 38 41 57 24 76 51 55 23 62 3 75 78 57 40 75 37 50 80 10 42 16 12 88 87 10 86 71 71 96 1 35 89 16 50 37 95 44 92 48 87 43 53 40 
27 85 39 36 90 7 51 65 35 86 85 43 58 98 8 63 31 94 72 34 57 10 34 46 76 26 26 6 47 1 52 42 25 60 84 4 20 44 90 37 18 57 66 15 16 80 75 70 96 36 74 49 83 0 49 11 75 60 53 62 61 82 21 80 51 2 68 19 24 29 45 73 72 85 73 81 85 77 52 56 34 44 3 19 47 47 37 68 41 24 5 8 51 80 4 84 61 99 91 87 
57 50 47 66 84 62 56 76 86 56 58 56 55 4 23 73 84 61 88 30 69 56 85 55 1 5 28 95 60 3 85 61 7 8 54 43 22 12 4 61 30 36 63 51 85 35 1 99 94 36 20 45 63 98 35 8 85 51 7 96 59 35 86 23 19 53 36 45 98 91 76 51 25 19 93 25 95 20 78 4 5 78 63 4 12 21 97 98 45 92 75 7 51 41 2 81 4 51 22 48 
69 52 66 55 75 84 57 69 62 45 62 57 6 13 38 8 75 61 84 9 81 83 53 62 70 6 8 63 62 84 91 39 2 49 72 37 13 31 19 51 81 25 29 49 16 79 52 61 60 22 11 19 87 0 49 26 98 47 17 56 62 50 9 43 45 68 63 84 63 7 31 12 20 40 94 97 79 66 31 10 19 72 68 94 21 95 55 14 63 42 45 36 59 28 62 27 23 59 75 45 
79 42 97 32 28 38 43 4 35 77 53 75 49 11 73 58 66 8 86 8 31 73 12 72 77 45 56 32 3 8 16 87 11 79 36 34 31 31 94 3 21 99 19 85 93 75 88 28 71 55 8 68 56 50 6 24 65 15 17 73 1 29 29 39 34 15 30 47 35 31 72 13 33 66 81 40 4 60 7 76 42 40 39 27 62 19 18 39 66 29 58 39 42 72 96 16 88 24 5 38 
88 15 37 11 93 65 43 51 12 98 26 97 81 47 88 25 19 23 77 58 52 31 74 26 97 16 99 63 6 31 9 88 17 93 85 69 23 60 96 99 27 54 51 80 88 76 79 41 81 70 83 44 23 77 55 69 46 9 23 11 51 44 16 13 94 38 15 42 70 35 22 76 37 22 84 0 86 8 91 32 39 36 68 86 76 7 35 81 17 27 60 49 76 88 45 4 71 95 32 82 
11 54 83 45 41 95 67 62 95 41 58 57 2 92 4 96 98 45 7 77 15 49 69 25 67 33 71 25 9 98 8 31 80 97 96 78 15 38 78 21 31 20 62 21 53 48 98 9 42 28 83 18 23 85 44 42 70 32 91 86 47 25 19 82 11 61 1 20 47 5 61 30 39 78 44 0 52 72 64 49 86 42 91 35 34 43 19 29 25 26 53 64 37 42 9 94 32 88 21 91 
73 90 38 60 86 89 96 77 75 2 44 37 40 24 18 69 55 65 63 37 34 98 57 82 76 87 61 45 30 39 66 50 70 84 28 77 8 15 93 76 75 75 91 45 4 27 34 31 70 88 80 11 95 15 58 65 71 31 61 3 53 27 34 34 62 42 18 34 98 31 69 30 79 91 25 4 9 81 93 46 39 88 46 83 32 63 66 84 6 5 95 97 81 6 74 46 47 86 5 77 
78 29 74 11 32 18 69 39 47 71 8 6 39 34 4 76 63 5 71 49 81 79 24 43 19 18 90 39 7 71 17 42 35 80 45 98 16 89 16 26 70 30 74 14 85 96 72 38 38 25 90 40 69 16 8 16 33 53 38 0 65 81 54 56 42 10 6 44 33 70 95 4 94 37 9 47 41 11 64 10 0 18 23 51 25 16 42 49 22 17 61 94 58 36 83 36 77 90 1 45 
23 91 40 33 96 55 47 88 16 80 69 52 18 66 89 43 82 75 64 97 7 29 57 57 97 88 14 90 39 40 25 68 40 14 83 30 48 30 46 26 61 69 78 19 59 96 30 58 79 89 44 41 74 93 4 32 42 17 53 49 93 28 31 21 50 69 34 39 44 89 12 28 76 80 17 20 83 84 36 40 40 86 19 16 70 92 7 40 29 75 45 69 94 42 20 21 96 51 99 91 
50 76 10 99 34 8 84 22 10 59 56 9 29 95 37 19 68 64 21 4 7 75 5 31 30 46 14 92 35 51 24 43 85 15 87 19 90 85 13 54 93 59 22 24 59 6 41 2 39 92 56 93 67 31 87 3 81 61 57 97 98 31 23 10 2 82 45 39 8 6 6 28 75 45 85 21 85 12 17 72 47 72 70 78 81 20 77 48 56 81 11 73 29 14 81 61 76 33 6 87 
32 69 67 83 96 89 19 41 39 38 15 30 16 88 81 76 66 23 33 83 58 55 58 67 21 56 85 91 15 40 43 33 51 65 10 19 89 80 82 32 2 38 92 99 35 37 55 39 13 14 17 52 19 16 67 64 36 81 29 21 87 91 52 82 96 90 78 21 85 88 19 85 61 70 76 28 19 61 80 98 62 71 58 86 32 38 26 23 25 77 3 27 21 90 81 53 80 0 54 69 
40 67 62 29 52 52 59 20 13 25 30 21 30 68 91 41 20 19 43 13 9 96 72 76 8 90 29 0 58 88 55 30 7 87 63 35 56 74 8 40 51 5 99 85 44 79 86 34 63 34 14 42 90 26 4 57 68 25 18 55 30 76 73 65 65 98 25 16 96 19 93 40 3 94 69 42 12 43 17 1 6 42 18 21 15 52 3 53 46 81 86 55 8 53 63 90 22 67 74 87 
40 38 84 95 29 66 38 15 51 32 93 37 56 53 25 43 8 56 72 69 85 20 62 12 17 39 55 12 83 10 20 77 37 17 22 73 83 79 59 37 56 49 94 63 13 22 53 3 74 55 25 68 21 60 57 77 56 91 79 63 11 58 92 18 10 35 19 67 19 40 39 48 3 32 36 54 37 89 11 38 60 66 72 71 87 31 73 79 41 59 4 64 66 93 78 17 99 76 54 25 
49 68 72 91 8 16 38 79 53 42 58 91 90 67 30 22 42 47 60 81 61 61 34 95 0 10 9 22 16 52 49 87 43 37 36 90 4 1 58 61 80 53 76 47 69 40 83 20 38 35 28 60 87 47 9 59 66 53 47 23 22 11 86 47 7 66 96 70 98 87 18 81 63 6 63 34 80 63 54 26 28 39 31 95 31 35 73 49 3 18 66 13 88 61 26 96 68 23 40 3 
11 7 15 15 77 69 72 15 83 14 37 55 19 55 18 11 54 72 5 16 20 14 95 31 31 83 93 8 19 91 72 28 6 91 49 22 90 62 11 98 15 68 58 80 19 54 52 36 59 37 90 37 16 31 18 19 9 51 86 55 11 72 16 30 27 36 51 91 66 17 4 65 95 37 82 64 92 98 87 5 94 12 48 44 83 46 71 61 96 6 3 94 60 49 51 65 26 71 63 33 
66 82 99 33 47 93 45 64 71 59 25 30 20 8 35 24 13 79 41 82 44 25 14 9 74 51 10 95 72 58 91 49 9 22 91 69 47 76 83 23 7 91 59 97 7 69 75 25 91 39 5 50 11 78 92 7 58 60 9 63 8 22 12 98 43 83 1 71 44 94 71 78 89 67 1 95 6 71 99 52 28 44 92 68 7 71 45 85 75 69 52 11 86 24 42 29 45 95 69 19 
69 51 86 21 27 75 47 59 10 90 40 33 64 0 47 85 48 10 21 99 22 26 99 28 11 23 28 50 18 0 83 94 95 15 45 35 63 15 80 27 93 66 99 87 36 57 9 20 64 29 99 27 49 24 57 37 58 6 28 92 30 28 91 56 73 26 26 97 33 40 74 79 70 8 13 23 39 17 97 34 29 99 33 72 78 37 91 7 83 99 96 7 42 86 88 36 99 16 85 2 
31 84 15 72 37 18 93 9 33 31 18 98 62 87 77 28 49 59 53 13 22 89 25 45 9 65 59 71 49 53 80 7 87 29 16 98 3 37 50 32 71 30 1 53 96 59 88 80 36 28 11 36 88 64 47 3 47 75 77 44 44 38 69 91 85 73 73 60 19 33 63 44 31 64 26 83 2 82 29 67 41 70 21 67 36 76 94 12 37 35 95 72 79 33 81 59 71 98 33 35 
45 43 85 14 28 96 61 11 4 20 98 90 92 55 94 67 71 45 33 53 49 85 28 18 98 40 16 3 59 67 70 6 26 1 4 6 27 38 58 2 31 37 61 4 11 37 60 76 72 87 38 37 22 45 35 15 54 85 10 42 85 23 2 98 13 41 76 7 98 86 24 27 93 61 24 22 84 87 65 69 95 18 19 26 49 51 35 6 14 98 3 84 79 64 74 74 2 30 28 26 
64 16 52 67 80 56 57 15 26 89 46 99 80 22 53 77 56 23 97 9 86 74 66 95 71 97 14 7 38 63 58 98 18 56 90 73 56 47 73 44 10 11 58 57 8 47 56 37 94 93 45 77 95 72 48 32 16 14 37 77 40 74 32 48 6 47 2 6 32 28 51 29 39 37 11 44 2 37 11 42 11 46 87 44 4 18 62 10 31 91 45 35 40 26 19 92 74 79 40 33 
96 56 41 77 77 31 99 67 71 41 76 54 84 12 50 78 93 3 93 31 26 84 60 77 15 11 27 37 62 93 11 64 16 56 29 88 16 9 4 7 25 1 73 22 16 72 88 94 50 51 96 91 76 65 23 5 51 25 63 43 4 78 41 12 5 18 72 20 45 67 92 83 30 95 63 93 4 59 31 9 44 18 62 43 14 91 94 24 51 96 77 36 31 36 40 35 50 64 94 55 
79 85 51 61 54 65 78 29 74 15 4 51 86 24 50 63 38 28 89 21 56 12 79 57 96 25 41 97 55 80 59 29 59 91 91 42 15 21 18 54 16 70 47 51 1 25 25 50 71 65 39 82 92 1 58 77 20 75 27 33 65 88 30 71 59 62 2 68 43 34 86 17 46 98 55 53 56 5 55 97 97 2 2 39 22 51 2 53 84 8 72 24 71 39 44 36 77 24 2 91 
41 79 23 22 74 29 78 39 99 17 8 51 33 92 48 29 94 19 3 4 96 23 98 86 9 84 74 33 9 51 21 70 62 26 37 64 38 34 46 94 54 11 91 85 86 65 38 64 33 91 88 36 90 35 51 46 59 73 58 30 9 1 80 2 69 14 44 96 73 73 16 53 58 36 14 94 24 71 20 63 70 88 23 13 0 10 92 4 46 57 8 50 63 80 18 27 2 11 92 61 
8 81 28 81 90 41 23 99 16 73 57 19 21 63 74 60 85 95 8 33 9 48 74 10 51 43 29 24 46 21 33 60 66 84 42 25 46 8 35 76 17 50 39 31 43 34 46 53 98 86 34 49 61 62 38 49 75 61 59 13 31 76 90 85 31 17 37 3 27 15 34 28 51 32 36 8 71 83 78 63 54 27 93 39 61 43 54 64 41 88 73 91 67 76 88 15 51 0 83 7 
84 9 75 79 67 98 41 97 21 28 52 51 65 46 63 0 49 3 80 43 44 91 91 58 6 21 23 90 31 2 62 2 41 65 20 47 7 4 66 87 18 83 42 0 35 19 6 67 5 87 76 60 9 90 17 89 47 75 27 75 10 73 83 96 7 29 27 69 46 62 42 42 65 63 70 19 65 39 70 85 26 69 4 22 23 49 43 69 98 35 67 90 17 78 70 36 60 44 29 12 
81 96 55 29 10 80 18 8 82 12 93 38 15 26 98 19 98 52 80 54 47 63 49 10 10 69 70 43 67 14 26 94 10 78 11 28 82 78 78 22 42 95 98 49 24 99 96 0 78 95 61 6 27 53 79 40 11 7 81 44 29 83 25 27 20 64 99 89 83 69 76 42 98 29 24 86 14 58 0 40 0 94 70 0 81 99 70 3 68 74 89 44 0 55 32 16 63 26 31 37 
32 29 74 71 93 64 0 87 24 13 23 36 63 9 11 46 65 95 2 16 55 32 99 87 7 2 57 53 20 84 39 39 54 34 38 5 36 74 10 33 74 30 40 43 60 21 76 65 12 63 59 19 46 91 3 52 59 60 49 53 30 7 38 33 55 24 70 30 61 41 54 11 93 15 37 74 77 88 72 48 33 29 60 11 9 45 44 67 6 33 56 24 30 81 34 99 54 7 7 20 
34 3 19 82 88 71 96 65 68 87 32 32 52 48 30 77 66 36 88 97 46 89 34 68 82 72 49 94 79 87 92 43 10 75 15 49 11 30 74 75 41 75 40 88 69 75 62 32 43 90 85 14 87 29 71 3 80 62 28 78 3 69 71 56 78 56 0 54 27 59 95 56 70 94 64 1 65 32 85 8 23 14 72 29 16 51 94 9 76 85 99 86 45 91 90 74 17 28 23 45 
42 92 87 50 21 34 96 26 64 38 98 71 19 96 41 31 61 88 64 91 84 19 45 95 2 87 34 35 39 90 84 83 15 60 14 86 58 66 43 92 32 77 72 67 2 8 36 47 34 5 49 8 82 30 36 88 12 59 91 36 45 18 70 96 71 27 43 91 3 9 3 71 51 69 78 4 76 70 84 78 56 96 85 14 73 61 62 58 65 9 85 95 69 76 55 91 24 53 79 42 
42 37 58 6 12 94 93 15 2 86 70 0 89 59 76 14 90 40 64 32 88 99 76 24 6 40 97 13 61 71 62 78 22 65 9 50 87 36 93 56 38 40 99 28 80 21 97 10 28 10 38 19 94 99 59 91 41 70 9 82 46 3 68 25 16 61 11 94 21 44 62 38 70 68 57 87 82 74 93 90 7 65 99 31 34 36 3 18 60 75 59 56 60 10 45 3 95 77 42 39 
9 28 52 2 14 50 88 40 97 45 48 70 12 76 17 87 40 74 44 24 74 13 30 74 22 52 8 54 23 77 28 24 56 69 82 71 77 87 54 92 0 24 10 52 53 4 10 15 57 40 22 15 87 21 32 6 1 86 79 11 24 77 51 30 8 80 77 66 95 93 5 86 84 70 3 67 72 19 23 49 4 64 13 20 4 92 19 37 39 34 44 64 87 5 45 12 27 35 33 62 
0 97 43 11 12 3 82 65 69 74 48 98 81 5 60 26 84 60 4 90 30 18 64 29 27 41 98 67 85 44 14 92 21 12 22 58 0 79 77 90 7 9 33 45 0 88 16 45 51 47 55 25 6 60 66 42 21 14 84 63 32 49 52 79 77 33 82 96 36 86 50 44 10 8 45 44 18 3 97 47 26 55 20 52 81 46 52 34 39 34 97 43 62 24 18 5 84 67 21 65 
25 9 34 80 30 40 6 27 66 7 27 58 88 34 70 77 45 95 88 89 83 27 51 92 50 40 86 39 87 44 17 12 10 98 0 85 48 55 54 99 24 56 30 26 77 86 67 88 1 91 79 20 13 99 12 33 13 5 98 11 24 3 8 62 52 6 22 60 71 87 18 72 49 38 66 60 98 93 17 10 98 17 1 59 83 12 33 67 78 87 3 9 98 67 12 42 85 81 74 4 
71 82 10 29 44 74 2 24 82 86 85 43 91 23 98 65 47 0 21 98 89 57 80 72 34 78 2 57 91 40 38 3 13 6 29 31 86 14 3 73 21 13 23 94 52 56 18 19 16 57 70 41 63 49 51 37 58 55 73 50 30 29 28 33 88 6 29 45 1 12 77 87 3 2 34 11 29 32 44 28 63 50 58 80 30 66 38 28 21 70 39 74 4 30 64 63 84 41 48 12 
91 82 28 36 77 33 8 84 83 27 97 89 23 66 50 12 33 73 98 60 68 7 66 21 31 18 68 53 17 57 79 79 72 10 99 45 18 98 19 6 49 90 69 21 60 75 66 73 57 36 63 37 42 38 7 22 3 40 98 50 32 81 66 3 66 43 8 1 35 41 0 48 80 27 84 37 31 60 78 2 68 52 29 92 43 12 34 17 58 6 16 95 0 89 76 12 47 93 1 78 
90 54 99 88 67 83 74 5 91 89 78 52 41 17 32 9 71 27 7 24 14 23 88 51 22 69 95 9 62 75 99 40 81 46 52 74 50 66 70 16 84 42 9 10 64 96 75 67 83 0 6 92 30 35 47 75 25 65 25 38 4 67 58 80 64 3 14 35 45 17 78 55 54 19 4 9 70 15 67 35 34 95 94 20 47 46 64 43 1 29 59 53 12 80 5 42 22 66 26 67 
49 42 68 29 74 0 15 21 2 36 52 5 4 61 24 42 16 64 81 90 98 70 41 75 34 90 2 65 35 24 21 9 33 15 17 67 39 14 78 57 48 81 46 24 38 88 36 2 65 93 8 44 65 70 35 39 98 73 47 10 75 79 8 10 17 70 36 60 77 71 85 70 77 12 97 68 39 26 86 17 34 69 26 54 41 34 92 51 45 69 77 96 47 49 26 89 30 13 75 85 
45 0 79 19 64 51 24 66 39 66 54 79 44 64 51 64 31 14 82 91 90 19 96 32 46 37 94 75 78 11 52 45 22 42 89 73 69 56 89 42 3 83 35 83 22 10 71 1 61 11 63 12 98 93 80 85 96 58 87 35 16 0 56 1 57 23 35 39 57 46 14 39 82 3 82 37 12 44 41 58 25 71 76 46 71 64 72 80 85 14 66 14 73 79 11 5 84 17 85 34 
75 77 96 94 96 65 0 23 99 96 23 79 79 64 53 92 31 37 21 29 94 84 79 28 91 14 77 28 41 46 95 77 79 1 2 34 21 61 42 23 14 99 11 67 33 1 9 27 42 78 80 7 66 32 26 0 57 36 22 7 23 16 76 1 5 70 2 8 34 27 91 1 66 18 70 82 65 77 82 34 74 57 99 6 38 6 59 95 36 77 9 93 19 14 22 42 2 68 34 91 
66 83 6 90 9 48 72 45 14 74 26 6 17 72 38 84 9 98 53 16 71 65 11 35 16 76 51 79 93 79 39 16 50 33 70 33 9 52 20 96 13 51 50 38 35 25 91 46 71 88 33 80 50 29 0 5 58 21 96 61 83 51 65 71 9 29 88 47 9 24 24 34 53 84 50 71 34 15 88 99 48 0 79 2 37 27 56 62 54 51 48 83 82 32 60 3 27 71 16 20 
66 91 94 84 58 1 73 17 4 1 94 97 89 78 59 11 13 20 23 26 75 49 81 42 56 3 40 81 20 75 62 51 43 44 47 57 12 6 25 95 8 85 13 56 73 79 57 74 97 68 52 38 49 79 89 81 5 42 28 68 97 42 89 45 20 77 67 26 92 59 56 65 91 58 53 17 5 41 44 68 25 60 60 98 4 25 90 13 11 26 81 81 61 50 79 77 54 45 74 87 
37 64 43 33 40 84 22 44 19 21 82 73 74 18 8 65 93 48 82 25 4 0 28 95 44 64 2 4 75 36 59 91 52 9 46 68 55 19 31 24 45 24 13 12 67 68 49 84 99 94 85 82 88 6 98 43 71 29 43 50 2 74 83 46 96 66 81 57 12 91 98 34 7 68 70 50 40 92 50 62 30 92 77 52 45 86 26 17 33 39 14 82 52 11 79 21 93 20 79 86 
4 24 73 77 23 59 4 22 38 48 74 60 27 86 16 10 5 47 15 96 42 40 75 8 31 68 76 8 31 37 98 55 94 74 13 78 7 44 21 41 20 87 24 66 53 1 16 9 40 60 72 52 79 87 5 9 50 27 81 86 23 71 40 33 31 98 41 56 66 58 11 26 86 25 37 55 72 79 11 72 68 67 74 47 15 91 41 77 69 41 33 96 76 84 2 68 1 82 55 16 
73 51 52 34 53 45 89 27 73 78 54 0 19 35 33 66 18 74 3 71 57 59 39 66 62 62 96 75 10 79 17 58 55 54 6 1 75 33 24 44 71 36 16 97 32 36 33 88 81 11 31 64 29 63 48 82 46 67 21 15 2 78 28 69 8 47 57 66 95 0 21 83 46 43 27 42 60 38 93 10 62 54 53 32 9 34 76 91 51 45 31 23 35 93 60 62 17 94 11 78 
90 30 2 87 7 2 97 23 34 41 34 59 48 75 80 94 2 17 7 59 1 59 96 4 11 78 53 40 32 71 90 56 54 31 17 85 53 33 59 69 62 45 17 17 48 94 82 74 91 27 65 11 44 53 45 41 14 80 50 64 64 42 4 65 26 20 91 64 48 72 33 80 96 50 36 89 72 11 41 73 68 71 73 30 25 18 22 23 66 14 33 17 50 79 15 8 86 3 52 2 
85 2 23 99 69 21 55 38 23 78 34 63 6 63 60 57 15 32 90 78 5 94 84 76 24 78 71 26 31 57 28 67 14 25 21 43 56 84 44 16 29 96 85 59 20 10 26 19 15 86 39 77 46 35 24 72 81 12 78 7 32 59 18 53 18 56 38 35 45 72 41 37 19 11 5 82 6 20 71 41 52 21 35 96 18 13 41 62 77 35 91 74 74 47 27 41 38 92 39 72 
1 78 20 34 44 88 96 27 68 33 99 34 50 55 39 89 56 40 95 26 29 88 49 91 15 62 27 73 12 47 76 94 3 96 59 34 21 76 40 63 27 89 17 99 61 97 63 77 12 24 49 67 84 60 17 67 65 77 62 13 39 82 53 44 3 52 71 19 56 33 78 33 42 24 39 96 30 99 35 95 10 9 0 82 14 17 75 14 76 63 8 17 11 77 94 43 38 4 7 61 
59 73 34 22 22 78 7 76 64 29 74 17 27 35 20 54 56 49 91 19 74 87 49 28 85 93 10 50 51 42 89 93 26 22 51 54 18 51 42 80 99 8 18 87 78 10 45 28 73 54 20 11 1 87 68 50 76 36 30 65 98 89 3 3 51 90 63 92 94 47 64 71 32 34 21 62 24 71 51 3 57 50 4 26 12 98 22 44 28 68 38 34 48 1 14 2 92 68 52 45 
90 99 92 74 90 25 96 70 7 56 49 36 93 4 69 71 68 84 35 94 14 27 38 67 80 29 14 59 64 96 91 56 27 5 24 0 57 11 71 78 77 70 21 43 64 64 96 30 80 12 3 7 69 71 86 88 82 63 39 1 12 62 0 46 36 67 54 18 50 74 29 31 66 82 17 27 78 58 53 28 32 48 21 16 53 38 57 94 26 54 56 45 79 73 27 10 25 79 47 92 
76 77 40 44 80 90 26 53 39 34 91 61 24 55 91 76 59 14 49 57 25 18 39 67 29 15 99 17 83 39 38 37 75 63 94 42 5 32 4 72 48 20 20 36 33 30 51 36 70 38 44 52 38 39 62 30 94 91 34 75 9 9 69 98 12 62 64 56 41 38 10 29 96 60 30 98 78 31 74 63 66 26 43 31 66 34 38 90 99 54 34 31 43 51 47 70 82 17 82 27 
26 42 78 23 40 46 70 66 28 87 36 22 24 14 34 88 91 81 15 96 95 2 56 78 78 24 83 46 37 20 27 31 50 39 38 83 95 22 4 1 90 58 52 29 10 86 28 89 8 61 44 48 31 88 75 79 77 51 26 5 97 11 37 23 44 93 95 88 73 76 51 71 56 37 4 95 91 38 18 6 18 55 15 77 81 8 21 39 52 62 60 20 7 82 30 63 85 64 21 79 
14 85 85 51 90 78 78 17 24 54 53 88 71 73 50 32 15 11 76 1 59 76 40 50 38 69 83 21 28 16 91 52 19 67 96 21 41 6 63 22 31 30 67 90 30 24 46 56 33 27 42 54 35 85 24 16 27 97 24 34 37 5 55 30 83 96 97 39 96 78 87 55 27 78 48 73 63 85 31 82 93 34 73 89 55 9 38 62 68 0 33 57 92 59 23 22 30 90 20 2 
23 45 10 55 88 26 70 41 23 99 40 34 17 26 77 7 12 69 79 19 19 99 9 76 82 2 84 63 13 87 17 13 3 62 63 19 87 19 60 37 37 37 11 59 89 49 84 84 72 83 15 80 68 94 10 87 74 90 26 82 11 1 24 18 58 47 52 98 23 15 65 78 77 73 82 62 51 26 40 99 86 4 50 24 58 70 38 31 13 11 41 94 32 70 32 1 95 19 79 69 
88 56 18 55 95 46 98 70 77 0 15 9 7 16 56 92 1 25 90 52 21 22 88 40 80 41 54 55 55 94 85 36 43 0 7 33 56 60 71 3 66 61 27 9 9 68 76 47 97 77 78 1 69 41 68 84 20 46 18 47 68 87 82 86 67 85 3 20 63 83 85 7 83 48 17 4 3 42 23 74 46 21 33 71 2 21 13 81 12 97 44 51 69 80 85 4 76 1 0 27 
5 19 91 12 47 49 12 5 49 20 13 85 41 36 45 97 46 47 63 12 6 26 31 80 7 88 44 61 7 18 12 42 77 0 79 78 78 68 94 29 20 12 98 15 38 20 16 52 68 70 90 12 88 77 41 56 41 56 13 54 31 23 68 58 55 94 75 54 25 25 93 36 95 0 33 20 83 16 7 83 16 37 38 74 1 42 80 11 75 94 81 71 44 84 24 47 91 33 72 44 
90 88 98 57 70 26 12 54 54 16 30 15 82 98 54 17 49 1 13 45 93 47 44 23 3 85 16 80 50 81 38 11 47 41 81 32 81 36 61 18 58 96 16 8 39 68 87 50 33 42 20 69 88 91 97 78 94 94 4 78 43 34 72 44 92 84 34 10 45 37 45 15 60 48 19 33 67 91 93 4 80 9 41 67 99 3 42 29 0 59 99 60 23 57 48 86 84 66 37 79 
26 37 0 27 23 44 41 34 92 46 92 37 15 91 27 32 42 53 45 92 62 44 98 27 88 8 72 38 43 17 53 67 94 76 98 2 3 8 7 28 20 11 12 26 20 26 23 28 82 18 47 74 50 97 53 83 84 17 89 27 49 19 3 8 67 94 10 77 84 76 97 75 66 29 48 77 41 36 90 62 22 35 24 8 63 14 36 39 99 6 79 34 15 98 59 81 40 95 82 76 
79 4 39 7 59 8 66 86 54 55 9 47 82 7 88 45 93 72 71 15 31 37 25 34 76 0 45 36 21 51 28 50 63 93 52 63 69 57 0 4 57 73 83 70 59 5 22 34 65 65 65 73 26 33 17 25 0 83 73 30 95 62 97 40 36 61 74 55 82 14 22 8 84 20 99 60 24 99 76 43 94 70 19 10 75 81 9 60 80 61 6 94 93 32 76 77 99 10 59 8 
94 20 10 30 27 50 64 52 33 56 72 67 56 44 49 37 79 71 62 17 38 21 61 0 88 94 23 18 7 54 52 14 44 11 39 61 68 94 39 55 47 76 3 54 92 93 91 68 81 58 72 68 61 70 79 30 34 14 96 6 80 27 17 44 84 92 24 81 25 68 72 85 76 23 29 82 1 11 1 91 9 94 7 72 90 34 13 69 61 58 92 82 3 7 1 38 42 97 50 31 
73 0 31 1 7 96 13 80 47 33 22 39 95 31 66 78 35 48 10 12 81 88 43 38 15 60 78 50 63 96 5 7 17 70 0 31 37 62 24 7 87 46 84 80 88 85 91 30 95 68 33 61 44 38 85 57 88 97 98 34 62 55 13 60 88 74 54 85 44 46 67 41 72 88 69 25 79 8 56 23 3 62 61 56 52 98 90 83 23 10 74 22 39 40 65 35 46 56 54 37 
15 77 48 54 82 78 46 94 5 48 74 81 45 82 35 14 13 34 33 82 11 10 34 55 2 50 95 99 47 76 44 43 82 83 76 71 57 16 3 45 81 53 93 17 44 29 43 59 17 37 60 43 44 91 93 77 72 80 1 77 8 74 24 96 58 24 98 48 2 18 83 43 31 4 96 3 13 53 61 22 62 99 85 81 2 60 53 7 49 96 20 21 72 42 14 95 62 57 32 24 
80 52 79 99 27 11 41 98 94 19 84 72 95 11 92 98 66 6 0 41 39 57 24 66 47 53 17 85 31 40 28 67 84 30 8 23 86 20 18 87 58 76 62 24 37 31 3 58 75 35 11 80 0 27 56 44 34 97 63 46 39 31 79 35 1 84 36 39 67 73 20 14 1 18 29 27 55 82 77 46 98 36 14 64 63 62 30 44 28 75 26 69 80 48 41 5 79 58 51 40 
10 16 79 42 20 58 74 45 29 16 5 38 61 77 89 45 41 90 60 10 85 12 7 15 22 49 78 88 94 49 95 66 64 87 95 63 66 25 5 41 83 58 52 69 58 46 35 77 20 67 99 9 26 39 89 23 75 52 21 42 87 99 95 56 56 28 39 58 23 62 50 91 18 22 18 27 73 44 42 91 39 18 67 70 30 43 78 38 97 11 40 19 89 2 62 31 94 78 16 99 
