62 71 36 16 92 52 76 77 7 44 21 4 48 46 6 8 12 6 31 87 86 69 92 37 66 38 40 24 62 86 14 93 12 55 3 6 16 56 74 25 44 82 29 23 65 46 64 84 32 13 18 42 45 20 26 47 42 18 8 33 91 78 53 92 85 89 29 71 45 31 2 19 30 41 35 18 53 3 51 69 48 51 68 23 0 30 7 81 12 49 64 18 3 87 21 37 65 45 16 90 
65 78 54 6 85 19 6 27 63 54 50 47 39 35 58 78 60 31 63 82 75 21 64 3 21 65 50 20 97 15 21 48 6 59 24 56 90 30 57 55 91 33 78 23 17 61 59 32 80 87 58 47 27 72 51 17 14 32 43 23 56 3 55 8 48 8 13 29 56 5 23 57 46 10 23 93 50 41 54 17 57 30 27 67 25 24 22 63 61 4 6 57 42 61 16 71 5 19 57 42 
19 20 61 54 79 83 9 8 39 39 18 4 66 20 39 55 88 80 58 55 90 65 81 52 83 61 18 13 15 90 59 7 12 38 48 13 54 54 95 81 43 63 13 6 31 53 70 15 96 24 60 74 33 63 81 96 8 19 66 81 85 12 97 87 30 1 9 36 16 86 47 11 19 9 81 74 48 58 28 74 22 24 87 83 43 46 86 71 32 71 48 67 72 80 81 7 93 36 63 39 
48 10 63 59 81 49 22 37 30 25 61 84 36 64 78 79 43 63 15 46 72 33 8 69 75 88 60 46 53 83 8 7 18 56 80 5 76 44 58 63 32 79 84 54 5 76 28 37 37 56 90 84 66 37 74 56 70 91 18 9 87 66 70 68 2 19 70 56 9 96 28 59 54 81 18 52 18 8 86 3 10 39 1 98 88 64 61 75 50 81 11 24 2 89 87 89 21 59 44 8 
14 98 87 41 9 17 51 1 97 56 20 33 21 54 77 71 70 44 6 44 46 14 94 78 67 77 20 79 42 36 48 83 54 19 48 30 52 77 43 14 57 0 18 56 74 11 14 29 2 55 29 23 38 42 28 79 76 96 84 53 10 10 96 26 53 45 79 26 51 15 90 30 74 1 52 8 54 84 80 0 74 91 6 13 50 89 14 28 55 67 13 36 12 37 73 72 64 14 96 65 
87 53 24 46 21 37 17 64 88 15 10 29 70 98 65 22 51 39 81 17 56 59 61 24 16 42 71 46 98 8 2 57 83 6 44 14 97 65 26 77 16 75 81 56 64 67 53 97 20 45 68 25 58 54 70 20 34 79 78 67 31 29 23 57 43 61 59 9 62 30 16 70 91 3 33 40 98 5 71 94 49 89 14 61 37 54 61 4 23 69 57 73 99 60 37 87 12 0 41 67 
41 86 68 76 40 37 82 38 3 70 8 11 7 88 62 85 29 5 53 62 18 33 6 64 35 97 41 83 49 74 2 14 49 75 93 34 3 80 8 89 44 1 1 50 77 59 25 52 66 5 77 83 99 57 91 61 30 88 51 18 26 63 57 63 66 52 14 57 68 0 99 62 44 54 13 87 15 80 19 70 9 68 52 6 91 59 53 44 73 97 38 8 55 47 56 89 33 52 46 65 
64 97 10 48 51 65 91 43 62 33 96 44 78 88 83 68 29 53 95 16 11 0 92 72 65 6 53 86 17 97 86 53 66 39 98 96 81 86 34 41 97 28 12 30 87 44 99 52 93 61 31 2 88 93 55 7 59 52 37 42 82 22 54 90 27 59 95 46 43 21 27 82 48 11 58 11 82 28 73 12 44 26 39 89 76 84 24 16 22 62 4 2 52 43 90 51 46 51 97 25 
36 86 46 74 88 93 31 96 34 48 76 12 85 63 5 18 76 33 83 44 44 10 50 70 80 96 49 85 31 48 39 22 93 82 47 60 64 46 59 12 12 64 91 21 96 54 79 21 15 80 99 7 99 73 74 1 81 29 13 15 70 78 27 80 73 55 77 65 40 81 14 48 75 48 21 51 74 42 17 21 50 50 62 64 7 92 45 47 64 38 44 42 96 70 35 68 60 38 2 16 
53 4 32 83 47 56 59 85 53 71 81 98 63 45 14 12 58 5 3 82 32 39 27 34 52 50 40 45 38 12 40 50 21 86 52 86 12 92 49 48 52 85 33 90 36 55 16 26 62 54 24 3 17 60 34 38 94 44 90 28 84 3 64 75 42 36 88 49 83 45 23 7 64 60 71 58 9 82 84 18 3 5 88 65 79 46 88 6 55 11 1 89 69 57 30 10 88 20 18 91 
3 81 96 35 95 68 97 21 48 80 54 78 75 32 75 82 75 91 35 0 14 6 28 59 57 68 49 43 10 75 59 17 4 21 41 80 64 49 84 88 87 15 77 64 56 2 4 86 84 36 69 17 59 87 28 58 44 10 23 43 72 37 67 94 19 98 47 93 63 12 71 94 82 73 31 80 29 50 96 42 54 42 75 36 58 9 94 36 19 10 98 46 50 6 61 43 39 94 56 70 
1 59 40 61 19 85 74 35 27 42 11 98 90 47 89 34 24 24 87 90 34 40 47 67 29 15 38 43 84 75 0 17 97 59 69 37 80 99 87 45 89 45 9 29 59 9 3 6 16 87 42 51 63 55 94 91 40 30 59 99 3 87 61 71 11 17 11 96 8 79 6 33 3 23 21 68 89 99 56 10 35 16 62 33 84 29 83 46 59 81 22 71 3 28 41 87 88 99 86 31 
40 5 14 99 2 72 81 70 5 4 45 86 60 63 50 12 96 49 9 35 7 30 31 42 24 9 98 86 79 7 18 64 75 37 89 81 92 24 59 16 58 94 23 12 83 42 83 21 96 15 90 30 83 75 92 57 31 58 6 35 80 72 67 71 73 87 21 56 99 3 64 9 28 56 87 37 76 70 41 80 74 84 28 84 63 75 12 47 18 19 93 72 36 93 64 88 22 15 23 79 
19 74 4 78 23 90 28 56 84 95 72 36 85 18 80 85 36 57 70 1 8 48 9 41 98 36 42 37 75 61 95 44 31 27 94 7 80 12 89 34 2 29 92 93 74 2 54 32 1 47 47 34 50 89 89 99 66 60 37 37 39 85 57 83 55 55 16 39 62 54 29 46 35 21 24 81 51 68 13 94 70 4 63 51 22 30 88 70 85 29 57 26 22 92 12 5 59 47 56 75 
62 32 97 38 61 77 93 14 19 65 75 50 99 16 69 11 31 79 79 89 5 71 42 1 93 4 21 62 24 61 3 2 67 74 29 98 78 79 59 4 10 87 70 21 89 39 59 3 46 88 58 33 97 78 7 49 79 59 29 5 37 19 85 37 25 29 77 55 58 65 86 48 17 48 91 98 51 97 91 35 61 29 5 17 2 74 65 14 72 43 33 35 66 7 30 51 80 55 17 81 
47 81 42 5 95 42 78 82 78 74 98 74 2 55 87 30 78 19 4 2 57 94 52 87 92 47 1 41 5 65 8 83 11 97 62 88 92 47 90 49 37 58 12 45 21 32 25 36 24 69 44 35 81 94 25 74 38 58 36 90 31 84 31 46 53 55 56 69 21 53 13 46 40 66 37 95 96 45 60 6 52 80 45 65 84 77 7 79 40 87 5 12 86 86 87 61 26 26 98 43 
53 2 77 94 47 16 13 65 5 95 18 84 55 5 35 65 71 94 43 63 46 88 17 4 59 29 93 93 93 46 69 63 88 53 71 92 27 25 83 14 84 60 11 92 32 98 9 67 73 41 65 94 81 44 16 60 69 87 92 49 26 19 84 4 54 78 3 41 95 74 24 99 63 42 41 19 95 13 4 26 14 66 57 75 48 67 49 96 60 14 43 42 46 81 29 3 44 29 65 20 
75 9 56 64 36 84 26 68 5 0 24 54 50 65 87 91 96 5 2 15 41 81 57 92 15 32 94 48 41 46 4 46 40 80 95 40 59 50 72 44 29 9 77 88 30 82 46 29 84 70 61 82 11 39 67 94 75 72 4 22 26 49 53 47 37 29 64 56 78 47 37 98 15 22 70 56 97 13 43 18 16 42 15 53 34 94 93 49 14 33 55 97 38 70 1 18 94 2 89 59 
39 73 33 16 24 57 21 74 56 66 42 61 8 30 28 35 2 29 39 32 27 79 11 38 13 97 18 4 16 10 64 57 13 35 62 62 23 25 44 85 74 33 27 35 89 76 91 0 68 76 96 28 26 75 8 97 15 26 96 48 17 93 54 80 1 57 39 73 96 74 92 21 79 22 98 23 30 57 10 5 79 51 46 92 31 47 49 17 5 42 49 7 96 59 27 50 97 79 3 93 
68 80 89 71 59 58 10 86 15 14 83 34 44 86 83 89 75 92 43 35 34 7 43 76 54 84 55 75 60 57 11 5 46 23 26 83 35 75 41 88 5 85 19 94 34 61 60 91 33 71 34 11 18 2 96 56 13 4 45 96 71 96 43 34 10 79 69 60 50 98 85 68 75 76 58 50 81 5 81 9 29 74 70 23 34 56 78 58 0 27 7 37 12 50 95 15 24 88 80 31 
44 64 23 75 41 57 48 89 77 28 69 63 64 95 67 50 53 48 49 99 56 53 55 13 22 52 18 85 25 94 96 47 22 56 90 60 0 66 36 24 79 59 38 14 13 89 80 86 7 1 87 71 63 22 6 1 37 91 81 60 64 1 21 85 79 9 76 52 27 38 8 59 34 7 14 94 68 79 99 88 57 61 22 37 23 66 47 32 22 97 77 59 37 49 99 12 39 41 51 54 
6 40 18 85 22 62 50 47 30 55 82 99 94 51 40 38 8 53 68 27 68 56 48 78 17 43 73 85 90 19 81 75 70 6 91 54 16 34 14 19 77 36 94 56 98 78 11 85 37 52 27 33 27 98 22 87 23 85 24 52 13 55 76 31 58 3 22 8 15 9 98 1 68 10 66 86 18 0 24 99 42 57 89 19 16 37 85 59 84 12 5 84 84 80 4 45 26 27 9 44 
15 97 9 55 36 93 36 38 92 52 58 75 99 2 86 81 78 3 71 81 74 93 2 45 5 8 19 18 70 10 18 89 41 81 44 17 63 5 42 55 23 90 75 46 29 81 54 70 81 42 38 74 47 27 71 21 78 34 27 85 35 80 55 17 76 33 88 69 8 62 93 2 4 50 25 56 95 92 97 58 62 13 92 5 66 45 42 21 94 3 90 59 8 65 26 36 0 36 38 24 
39 44 1 67 97 84 45 20 9 94 90 83 43 28 97 12 8 81 9 48 77 37 18 95 90 94 40 39 89 28 53 12 73 36 14 97 17 25 91 94 27 82 15 30 51 11 67 7 92 66 41 92 76 81 12 18 87 25 44 46 12 56 8 65 1 48 52 29 48 23 39 44 14 14 82 50 99 70 73 79 50 27 6 37 2 59 55 64 93 15 56 64 0 88 62 55 28 93 66 58 
31 43 85 71 81 81 11 45 1 29 34 52 59 94 12 88 28 12 57 72 72 25 94 93 78 36 32 97 68 84 18 33 37 1 76 26 53 7 24 43 96 60 91 29 74 62 35 77 88 26 8 26 70 41 15 27 1 33 86 79 83 95 66 33 63 58 81 22 61 80 12 65 52 51 40 51 27 55 18 23 80 6 85 83 77 89 11 75 17 21 44 98 13 4 74 55 35 28 24 22 
53 24 66 19 98 39 29 1 62 1 47 71 92 41 56 71 29 19 78 12 2 65 82 22 4 85 12 23 43 5 45 60 85 91 87 40 93 10 89 36 36 57 4 24 10 98 69 29 36 53 79 0 29 74 23 94 22 80 15 52 2 32 72 77 26 33 7 84 54 97 9 20 84 77 14 7 80 28 31 34 24 78 19 23 97 6 85 99 71 60 22 46 89 68 20 52 55 3 62 1 
95 21 30 88 83 86 32 71 14 33 0 6 28 41 35 94 66 38 66 60 1 65 78 34 11 55 22 9 65 51 59 29 26 12 78 20 55 4 56 89 42 60 18 68 97 96 1 81 93 27 18 78 10 62 95 68 0 16 67 14 58 26 8 96 15 52 65 2 70 20 16 61 34 8 18 56 54 90 29 71 97 12 51 24 5 25 25 92 53 23 60 32 48 13 87 59 28 71 93 59 
76 16 45 6 81 91 48 43 3 39 1 17 86 48 88 79 71 21 83 72 93 0 96 10 63 54 81 57 91 19 12 26 95 46 83 4 4 72 79 45 93 23 31 90 5 73 76 95 38 50 94 35 4 15 90 66 37 67 74 64 59 87 96 76 65 92 2 61 50 95 69 13 50 86 77 87 53 6 48 35 49 13 51 27 98 56 5 92 88 63 21 33 13 87 71 92 98 40 14 66 
31 56 92 48 12 8 61 27 26 83 56 0 21 8 48 20 52 23 30 53 76 17 16 50 32 47 81 60 88 1 30 42 19 96 13 49 95 34 75 91 84 88 72 97 56 32 49 80 1 68 69 57 71 75 53 87 52 75 60 44 37 90 35 27 47 41 48 61 26 38 85 79 12 21 19 79 61 17 24 92 42 91 18 51 91 12 29 76 10 27 91 81 96 21 17 53 42 64 64 68 
77 61 22 82 25 30 79 1 56 92 43 67 33 41 52 88 63 36 80 35 32 79 13 15 22 5 96 45 28 89 19 29 64 80 89 53 64 15 14 28 42 15 16 6 28 12 73 99 60 87 42 79 8 19 51 29 22 54 0 83 22 89 87 76 52 33 27 63 67 56 9 32 62 83 53 4 11 21 31 85 33 37 58 42 58 19 49 84 12 76 56 38 71 50 29 15 12 26 76 45 
1 13 36 56 4 21 99 75 88 97 31 90 78 90 5 16 25 31 71 43 84 79 33 3 47 78 29 91 96 61 84 86 23 66 50 88 69 88 41 91 33 82 33 97 67 86 63 87 17 92 0 15 47 7 63 65 87 55 55 95 33 44 98 99 23 8 65 21 36 71 97 85 78 38 81 30 21 25 48 28 38 20 9 80 16 65 54 65 54 51 59 53 30 10 3 20 16 49 43 23 
25 64 93 45 49 40 70 22 3 43 48 38 85 48 87 57 88 91 46 6 72 17 84 65 7 59 24 76 14 15 33 1 41 86 86 82 4 79 21 77 85 9 87 70 81 29 76 74 1 90 50 9 62 85 23 44 28 90 46 83 58 76 39 4 27 25 40 33 26 97 38 10 24 85 88 7 14 89 40 37 9 67 16 58 71 34 24 37 34 5 36 50 79 26 85 88 7 33 23 57 
60 81 9 6 15 40 84 83 33 14 97 19 40 88 26 56 75 98 55 70 80 35 57 45 41 67 46 16 17 30 2 39 13 71 14 61 35 71 39 94 13 63 13 71 36 59 69 0 78 88 99 72 63 8 40 87 33 21 51 92 6 32 51 18 85 19 80 74 2 72 89 89 58 84 14 50 83 42 69 9 13 32 2 17 94 56 26 57 41 59 85 93 29 91 44 95 8 97 25 21 
18 41 6 80 68 36 74 55 45 39 85 28 7 74 18 49 93 72 87 27 12 65 14 39 59 87 26 58 39 89 19 87 26 37 33 62 36 97 21 92 64 48 83 24 49 43 64 56 24 50 67 24 87 39 94 53 42 68 81 54 29 27 51 60 47 56 79 96 53 58 5 37 94 99 93 22 86 9 4 97 36 83 46 64 68 33 67 4 4 83 92 52 27 32 97 71 80 53 28 25 
0 95 61 47 34 23 88 69 66 1 90 72 80 95 39 60 86 11 95 32 17 42 49 47 76 98 52 57 5 90 32 90 24 96 76 14 93 48 72 42 93 23 29 58 92 47 68 12 2 89 59 16 64 22 74 56 76 74 34 65 43 54 43 51 97 1 91 73 26 66 88 69 68 64 78 3 17 25 19 39 34 63 27 12 69 4 28 90 95 93 41 80 28 37 52 95 19 99 2 33 
65 5 50 5 22 62 86 30 10 19 21 94 65 45 87 49 40 26 11 82 26 29 98 61 75 91 89 62 55 92 89 41 90 57 72 27 11 39 47 36 7 83 1 12 72 64 79 63 25 66 54 20 88 80 45 77 37 72 48 89 28 33 19 90 22 14 7 70 88 93 13 24 21 71 25 90 93 30 30 97 21 31 31 87 33 20 9 68 52 65 98 0 22 91 13 8 28 64 43 95 
32 46 58 39 43 34 95 80 27 68 22 36 68 24 44 51 37 11 8 81 99 88 74 74 22 48 12 66 21 64 40 85 83 29 36 0 41 24 48 93 2 23 53 3 48 87 6 78 73 60 40 41 70 26 18 52 99 6 42 76 55 0 89 13 82 25 28 0 96 56 28 30 75 81 43 31 91 55 29 85 9 23 26 75 34 27 4 98 57 11 47 59 36 61 91 79 55 0 62 39 
66 48 11 14 97 84 34 91 72 32 97 83 39 40 6 88 6 8 14 95 29 29 97 71 8 32 15 2 65 33 90 24 58 47 77 61 44 55 17 32 76 86 93 38 53 98 76 91 78 15 62 55 6 70 10 15 29 63 94 31 65 88 16 67 81 1 13 13 93 61 71 74 34 85 43 42 2 3 47 1 55 62 32 47 44 0 92 96 1 40 71 33 69 9 27 94 33 54 36 64 
42 60 29 44 86 29 5 76 35 74 21 78 52 60 50 63 92 94 1 98 40 78 25 37 24 24 68 30 49 87 6 34 58 83 11 43 52 82 72 48 22 80 48 53 61 88 6 86 93 80 49 8 36 24 99 26 99 41 35 82 13 74 83 36 30 18 21 14 65 45 44 85 70 3 37 34 55 56 62 21 19 98 70 22 95 60 46 77 60 89 12 24 18 92 95 38 80 61 50 74 
0 44 56 75 72 76 11 3 17 71 16 31 70 40 15 77 64 33 18 53 5 38 99 8 71 17 9 67 19 64 12 46 77 44 46 96 58 83 52 77 75 77 69 41 43 14 87 17 36 19 39 79 22 45 87 59 89 58 63 3 24 91 69 27 65 6 88 50 79 21 58 23 1 46 92 59 93 40 11 93 50 98 33 35 94 19 18 9 98 17 27 56 33 22 42 57 71 88 27 93 
15 36 47 39 48 50 27 56 5 58 67 30 22 78 31 24 1 10 18 97 40 36 78 55 76 85 99 79 51 20 43 78 47 58 25 37 75 61 84 24 90 89 51 95 12 35 31 75 51 24 72 4 99 17 95 23 49 93 31 13 6 56 87 44 42 29 80 34 59 83 76 80 24 99 46 25 61 9 35 7 44 79 11 49 37 66 28 38 39 72 84 88 47 22 13 88 36 79 62 22 
83 52 87 32 75 9 57 4 52 8 47 29 45 77 61 29 64 50 59 4 62 31 20 36 30 41 43 98 54 14 65 64 11 36 5 79 8 52 41 51 14 4 45 9 14 1 92 11 31 37 45 14 62 63 24 64 24 0 38 21 87 28 43 1 51 4 85 42 14 10 8 26 53 34 40 33 33 50 34 40 35 26 78 52 80 74 64 57 40 21 94 90 83 60 30 76 56 18 21 1 
45 49 54 34 87 36 43 56 20 38 33 96 19 19 18 25 15 22 64 35 2 23 11 0 22 66 51 46 57 47 75 91 18 83 29 83 48 44 75 44 50 32 89 38 67 11 97 34 63 10 99 29 46 90 25 36 13 18 17 70 30 88 80 8 7 74 67 24 75 28 56 30 28 8 24 31 47 34 14 66 48 93 66 75 21 42 7 70 87 36 58 49 64 4 4 37 87 69 62 14 
87 54 78 65 17 62 44 78 68 84 74 70 55 41 82 86 82 27 34 69 9 56 56 94 54 54 54 86 19 28 52 53 83 88 64 94 13 38 75 92 49 22 17 81 64 73 81 78 34 62 50 21 70 30 48 87 80 4 4 86 33 27 33 76 72 28 16 16 36 96 95 28 27 74 87 96 49 89 51 46 92 93 71 39 54 26 58 49 95 77 0 30 16 58 55 63 40 73 64 92 
71 45 73 11 9 1 32 99 80 73 2 87 80 1 48 95 77 60 94 46 34 32 23 61 21 97 53 3 18 83 45 70 29 75 60 8 51 95 31 97 88 57 28 77 38 98 71 48 48 97 52 50 73 63 57 88 91 32 46 56 19 22 99 89 83 91 94 65 53 13 73 27 98 89 10 94 47 97 94 51 2 19 47 4 36 25 58 2 66 3 11 89 30 49 69 45 31 86 69 91 
96 77 83 76 64 65 84 97 34 4 82 12 39 88 48 29 24 74 49 92 46 98 76 11 15 27 1 95 7 26 62 80 67 77 14 61 36 66 70 44 39 33 63 29 52 50 43 17 48 66 23 34 96 21 21 69 87 77 9 15 99 69 5 28 2 99 1 85 90 18 76 40 11 23 5 29 96 99 8 35 1 85 81 59 39 25 13 56 0 60 46 8 57 13 18 38 82 65 39 45 
29 66 61 60 77 81 79 58 51 13 3 59 81 88 53 60 27 76 5 68 56 64 68 67 31 12 68 55 61 26 63 93 89 3 75 57 45 81 90 53 98 50 43 3 71 89 75 84 9 27 74 76 35 45 99 8 96 33 17 99 78 66 14 72 62 3 48 54 99 94 82 77 8 85 30 88 28 73 57 4 24 43 42 56 92 92 66 38 53 23 7 61 78 68 64 50 5 24 0 84 
36 56 3 15 81 41 50 45 22 93 73 83 76 38 25 29 95 91 71 89 1 16 35 41 55 50 93 20 69 4 41 18 95 39 1 78 46 92 75 43 68 27 36 74 98 78 89 55 92 59 44 82 32 59 85 80 44 59 80 62 66 33 94 37 29 11 28 99 25 93 3 29 90 56 62 21 49 42 20 33 72 85 58 65 35 12 28 94 94 7 11 83 68 82 6 29 1 4 7 37 
73 80 45 85 93 29 71 59 49 58 24 72 6 83 52 5 56 23 54 34 32 42 72 12 80 70 10 53 19 54 31 5 99 5 0 71 60 57 51 13 15 69 59 52 42 3 72 31 42 16 37 33 94 9 20 5 30 99 90 46 71 25 28 79 13 72 89 52 83 15 93 98 90 5 37 28 36 28 64 94 62 71 10 26 64 50 15 5 76 20 86 15 54 49 62 18 50 66 84 36 
34 85 26 55 46 5 92 96 29 2 78 35 50 44 53 90 3 42 89 12 36 33 89 45 11 54 37 79 74 49 45 70 30 38 82 15 51 29 75 61 33 40 0 86 69 44 69 9 82 93 73 55 61 54 45 91 31 73 88 37 78 6 83 7 99 50 97 31 66 49 21 99 10 88 18 38 7 93 16 74 53 12 36 50 23 47 16 86 76 96 92 29 49 34 0 10 47 29 39 82 
46 21 59 61 30 21 62 35 49 64 0 85 9 37 86 36 63 60 23 65 60 53 25 78 99 79 78 16 24 79 84 5 12 18 97 40 76 51 59 18 6 78 50 16 25 74 63 46 76 22 70 78 3 34 3 37 9 38 22 1 93 72 75 92 74 90 67 67 77 18 40 47 54 37 82 76 85 93 83 32 91 75 12 74 39 33 42 10 14 88 60 80 95 12 61 58 74 42 20 83 
3 99 42 41 94 95 96 24 18 32 58 8 62 48 95 47 46 72 93 96 14 56 0 45 80 3 90 48 48 59 25 0 40 32 69 9 89 19 48 85 99 94 7 45 40 86 49 33 47 9 17 47 38 17 9 29 46 77 18 89 59 7 75 41 84 22 64 19 63 92 77 62 80 43 19 33 34 43 23 71 11 99 7 12 73 97 68 4 69 71 64 6 99 36 44 66 6 41 5 26 
73 48 80 65 26 83 86 93 18 29 21 10 49 26 89 59 3 35 85 49 99 83 26 78 20 44 96 44 26 26 6 78 30 34 1 42 43 9 68 64 58 98 67 42 85 46 31 48 41 55 48 17 70 11 30 42 38 13 81 87 40 79 52 16 10 82 44 18 54 23 28 47 85 92 68 26 56 11 71 61 26 93 1 3 22 21 9 26 30 37 1 42 89 2 63 68 85 36 92 57 
88 88 4 61 20 62 89 2 40 37 79 9 26 5 7 8 77 7 67 45 68 98 46 34 92 29 31 21 20 24 55 66 91 65 30 23 17 80 79 79 31 40 64 54 5 59 84 8 1 99 7 43 14 87 58 63 81 58 48 84 42 26 23 22 82 16 47 68 55 61 72 77 65 4 38 20 20 75 34 18 70 59 7 54 98 16 65 32 65 88 45 92 8 66 45 45 93 2 67 93 
43 11 24 55 21 77 85 21 58 53 46 63 38 14 9 31 7 9 17 53 94 82 55 70 64 88 85 61 37 15 33 14 16 77 45 46 95 4 21 26 32 9 64 38 7 19 30 25 94 74 81 83 39 38 14 2 93 81 31 41 69 48 99 74 70 91 93 90 55 31 33 62 16 76 15 16 52 36 54 38 2 35 12 46 73 51 30 59 64 51 86 23 22 23 15 73 1 69 53 65 
86 3 14 82 16 0 17 76 66 20 36 98 71 64 19 77 18 13 79 5 79 55 44 24 6 65 70 69 26 40 57 98 47 65 92 61 64 78 36 35 48 27 66 26 1 49 62 85 73 52 4 94 33 98 83 67 47 95 92 76 64 18 29 47 10 23 63 65 50 91 29 20 10 13 38 98 57 95 57 53 83 92 22 71 18 30 0 48 13 68 9 98 56 28 73 17 92 87 63 18 
32 97 36 0 8 30 17 13 62 84 35 70 70 93 21 39 19 57 14 73 82 3 52 64 72 51 84 83 88 32 59 33 58 42 52 15 47 99 3 96 68 89 17 68 37 44 53 55 83 62 31 84 12 54 91 61 14 77 44 30 70 30 93 50 38 17 27 80 38 70 64 62 56 91 80 14 93 99 10 6 50 44 73 1 38 36 96 98 78 15 51 49 91 16 75 96 46 97 59 84 
74 28 76 16 1 56 14 56 96 47 56 62 92 89 53 17 9 1 76 79 82 22 57 5 77 32 18 24 81 72 37 22 21 90 46 21 7 34 99 47 13 9 86 91 38 24 99 64 84 96 75 91 48 5 40 37 7 13 37 77 40 49 1 99 65 2 55 30 71 87 69 11 92 35 1 46 83 33 31 17 63 39 8 19 20 51 55 94 62 59 86 56 78 16 11 58 30 14 19 55 
52 97 42 83 58 78 41 7 12 44 17 56 30 41 93 34 36 66 17 60 40 6 87 52 47 9 14 84 50 36 90 63 6 91 28 36 46 23 78 77 76 1 48 71 46 83 16 1 66 69 23 98 84 54 65 15 59 16 44 5 79 18 56 46 82 13 13 86 36 85 23 17 51 0 33 23 46 75 34 39 41 28 61 9 46 67 16 14 91 69 19 84 41 34 76 54 23 91 13 20 
21 43 90 78 41 49 68 83 15 62 75 61 18 95 67 0 91 78 4 47 10 56 80 61 74 62 79 92 1 32 94 2 71 15 61 1 15 8 37 93 12 52 66 35 84 69 68 92 62 49 33 70 81 42 50 86 96 77 97 59 16 63 39 1 37 44 57 18 32 18 76 37 77 22 45 52 51 1 10 4 80 9 38 90 94 73 79 44 34 55 30 41 65 21 19 29 76 78 2 20 
85 65 4 76 58 78 10 29 63 52 55 69 43 87 28 12 40 50 97 98 29 68 82 50 3 63 27 69 26 25 51 19 20 26 35 74 20 93 70 41 57 71 88 26 29 41 47 59 64 18 90 18 96 56 96 23 47 61 39 14 6 29 38 21 19 86 59 70 2 40 1 17 32 54 49 52 94 33 11 16 44 39 28 12 31 23 14 20 11 67 55 95 41 66 93 19 58 15 61 45 
20 90 79 48 81 13 25 35 36 85 68 55 83 59 3 65 42 73 18 56 69 85 90 53 38 76 85 0 67 35 41 18 39 10 55 43 58 73 30 66 1 91 73 7 49 4 61 69 14 10 89 39 89 68 81 36 13 67 18 5 48 77 86 86 65 6 47 42 81 12 26 14 13 38 16 93 34 16 33 87 78 66 50 35 69 46 21 95 62 44 4 37 88 24 5 48 53 77 77 68 
94 20 30 86 38 14 23 60 63 86 2 91 6 46 23 66 35 37 84 94 94 77 50 50 44 46 27 17 64 91 2 73 35 71 78 99 90 74 23 8 52 22 5 63 55 12 34 76 39 7 34 2 24 71 74 92 63 54 30 41 8 11 18 34 74 23 94 41 24 4 84 99 79 80 34 21 52 98 80 38 95 2 21 95 16 27 58 5 85 80 82 43 72 71 20 47 71 46 21 75 
13 23 41 83 50 64 32 93 9 34 25 43 81 53 79 56 79 15 91 82 51 4 37 56 21 3 78 4 48 62 20 37 99 47 99 68 36 61 97 16 79 18 41 13 1 36 34 42 32 33 28 9 23 54 33 83 30 65 62 15 27 6 76 40 45 29 35 19 98 42 43 61 93 44 64 53 85 14 60 53 39 15 67 66 32 6 0 37 55 54 45 87 87 98 55 36 16 15 27 92 
26 24 75 49 63 6 37 97 31 97 17 60 41 27 34 85 63 20 80 73 60 98 39 78 1 6 81 16 98 86 55 98 75 8 49 0 10 31 6 69 26 44 23 7 93 64 99 24 34 72 42 16 58 21 87 76 40 78 28 81 14 90 41 78 90 78 73 45 33 79 17 48 19 27 13 83 27 58 96 2 56 86 37 33 4 52 43 22 68 82 26 2 36 40 3 55 81 98 43 57 
44 73 23 39 56 6 74 48 19 1 97 21 69 3 39 1 30 77 57 84 77 30 20 96 81 78 67 18 19 85 42 79 0 71 11 38 44 85 47 37 90 89 48 14 42 9 38 68 17 21 18 85 20 54 14 51 40 50 27 74 0 65 71 64 99 96 39 96 16 85 28 91 7 82 27 68 34 10 79 57 52 41 54 38 48 66 28 94 53 30 79 88 21 52 86 8 24 0 1 89 
70 76 29 25 15 72 16 59 5 92 30 97 39 56 93 83 70 94 70 62 37 28 93 19 33 8 27 74 28 8 26 19 29 79 85 64 69 15 65 93 72 93 39 27 23 53 66 15 88 83 31 98 87 50 72 80 52 75 58 70 17 2 50 43 77 95 17 72 69 3 67 28 50 27 45 56 95 50 11 86 40 23 29 87 75 2 87 43 59 80 58 81 66 67 9 8 31 6 66 84 
27 56 9 12 79 64 74 40 23 34 62 73 50 24 62 52 54 91 83 3 57 30 29 27 71 23 74 87 98 46 22 12 0 31 89 54 64 19 68 33 24 85 64 12 76 76 15 94 51 85 72 45 46 15 89 71 33 51 91 11 14 97 1 77 91 14 37 18 68 24 92 6 52 55 92 94 0 53 63 16 74 88 6 80 22 10 83 18 99 1 38 98 12 57 69 39 44 23 86 27 
51 91 30 97 82 56 96 32 38 42 32 67 75 68 68 9 10 35 66 44 29 19 64 24 83 4 44 29 20 44 44 25 33 84 17 55 59 4 26 1 92 14 68 67 51 93 16 56 25 26 24 0 28 51 21 94 15 0 68 88 86 59 15 50 63 47 11 35 77 43 36 30 68 23 36 43 45 31 40 68 84 71 51 46 11 11 32 32 93 92 63 0 90 86 11 95 52 8 22 98 
7 53 16 6 25 72 56 96 10 78 37 53 58 70 4 47 2 42 23 53 23 36 9 84 57 39 43 79 5 11 79 83 97 10 58 42 92 9 32 37 8 66 70 72 83 75 55 11 10 87 20 30 16 44 40 36 26 65 64 76 89 80 66 31 44 90 96 38 20 70 23 47 17 28 77 81 91 87 96 17 50 24 24 62 1 4 39 29 9 12 26 18 64 55 82 62 19 70 93 21 
89 35 75 85 93 22 60 23 75 52 7 22 82 92 67 2 8 92 45 71 2 87 53 62 54 29 21 99 71 88 20 40 75 36 18 80 99 77 97 99 86 3 51 17 46 31 89 62 60 64 15 81 42 40 69 88 76 4 53 74 30 86 14 2 83 21 37 71 47 90 94 37 40 85 81 43 95 81 29 77 9 88 61 84 12 78 37 99 9 70 11 28 34 66 55 4 44 18 36 3 
57 15 36 16 82 28 5 39 88 14 32 7 0 89 79 11 73 10 90 92 61 61 7 73 71 70 51 69 19 40 38 96 29 14 70 12 47 42 11 58 2 66 78 37 40 65 88 3 32 42 96 18 1 99 45 32 67 32 53 10 62 45 57 77 12 10 18 22 3 21 11 56 52 73 51 7 34 69 57 76 37 83 95 86 24 82 77 30 32 54 46 94 55 10 19 47 58 90 38 34 
11 43 4 0 38 72 71 48 8 70 79 13 84 37 95 63 90 64 78 39 17 39 19 82 46 60 45 45 37 80 87 27 58 63 39 27 32 61 62 17 24 82 28 78 82 76 71 74 83 76 77 98 19 51 94 94 69 69 35 88 27 63 65 2 64 21 56 16 55 73 15 26 2 71 0 40 14 37 9 99 88 98 86 59 49 58 67 69 30 27 81 32 19 95 68 54 38 8 43 24 
6 9 27 10 20 51 81 75 44 54 23 77 45 30 73 79 91 24 4 72 21 73 22 40 82 60 67 0 22 62 12 74 57 31 98 65 24 52 37 34 13 65 70 36 92 48 58 22 77 45 3 26 0 58 60 48 31 10 68 15 51 70 59 71 33 69 96 8 85 85 26 6 40 0 38 66 27 48 48 27 52 17 70 80 53 88 5 69 54 25 13 96 86 68 67 23 97 85 61 15 
68 78 90 91 89 29 54 72 13 42 68 39 35 4 11 2 91 82 30 87 91 57 79 99 53 77 73 45 93 9 32 85 68 7 57 92 69 79 52 61 34 90 66 45 27 30 2 87 91 72 54 61 55 55 50 71 3 59 65 62 10 32 90 43 5 31 77 57 35 18 94 87 11 64 42 6 2 23 25 87 56 10 87 24 73 61 9 17 52 67 55 1 46 46 83 32 64 93 17 39 
83 5 53 34 87 92 12 22 55 76 94 11 14 60 91 83 81 56 46 28 9 1 2 71 48 43 63 93 55 46 64 98 57 6 1 75 35 11 51 0 47 43 99 27 25 38 79 19 64 53 51 25 41 6 24 15 37 46 82 54 52 99 63 1 14 12 13 6 21 11 17 24 60 82 26 90 46 40 87 88 13 94 17 15 16 12 87 86 47 45 99 34 59 72 38 93 85 83 3 50 
43 30 20 84 49 15 68 49 88 79 3 49 68 21 44 99 27 1 16 75 25 96 76 41 35 69 5 85 15 79 85 16 25 54 61 73 82 64 52 7 31 49 99 7 14 44 31 33 61 63 51 19 28 49 7 44 72 42 31 38 59 24 12 7 17 53 23 34 71 79 16 29 44 27 70 5 42 69 48 64 34 12 19 26 22 93 61 67 22 60 37 48 17 75 40 16 1 9 12 41 
77 50 22 67 62 74 98 27 28 35 37 32 91 70 70 7 89 12 74 57 34 5 96 50 69 86 61 26 85 92 18 14 0 92 11 96 46 96 81 99 89 81 71 31 3 83 2 55 89 58 53 87 47 79 34 24 40 78 66 78 3 49 18 78 86 89 59 52 50 19 72 83 20 45 34 78 38 38 72 97 89 12 7 53 65 28 99 55 61 8 56 36 89 80 44 0 29 89 42 61 
60 81 78 87 29 62 6 88 93 7 52 70 37 56 17 41 21 86 89 71 48 90 0 23 2 97 12 22 32 8 76 68 87 4 93 92 68 68 6 90 55 82 70 53 93 72 97 30 74 96 58 71 58 46 0 83 95 63 94 57 44 26 76 48 72 27 27 50 2 63 92 79 76 63 5 31 26 38 99 86 44 53 12 96 94 58 96 22 51 25 9 60 56 55 31 98 50 1 49 88 
70 15 54 1 36 38 91 28 87 36 81 70 47 71 41 94 36 76 34 98 46 8 38 60 8 7 97 5 17 28 43 10 61 89 89 96 44 7 14 43 68 73 65 29 28 41 93 52 77 15 24 63 52 89 41 28 80 26 2 79 98 95 13 58 6 47 61 94 35 58 79 84 41 28 17 72 58 39 66 2 88 54 87 26 70 92 70 74 1 88 42 56 80 66 86 46 13 22 37 80 
74 19 13 64 23 43 31 26 38 57 11 45 49 7 7 50 95 61 25 46 78 70 16 30 75 25 40 66 70 42 91 69 83 11 30 39 41 93 44 48 63 99 67 61 21 53 40 28 47 17 29 73 91 42 62 14 27 68 5 83 10 36 29 58 52 60 60 37 68 18 91 49 21 57 23 65 74 36 14 72 47 98 92 19 5 46 18 50 41 43 34 0 76 62 64 42 97 47 89 92 
23 22 18 66 32 68 27 50 95 32 56 85 6 93 40 23 59 20 93 38 80 47 31 30 24 82 8 3 24 69 55 83 66 45 63 23 41 86 7 15 73 49 0 64 64 39 90 98 37 70 98 98 4 22 51 93 55 51 45 81 7 37 82 92 5 23 11 39 23 44 82 1 18 95 80 60 58 87 42 99 36 30 19 41 38 97 8 48 12 28 62 41 46 10 84 44 93 60 10 87 
47 99 21 19 45 78 1 82 83 72 19 87 31 38 38 3 61 81 96 96 51 3 16 71 99 98 56 38 25 25 48 98 7 45 49 27 82 35 38 65 31 12 26 97 38 61 44 13 86 32 68 12 8 63 35 14 24 92 17 10 10 48 80 29 65 3 76 50 6 72 5 98 23 6 28 6 58 31 61 87 51 24 92 45 28 96 79 75 4 31 4 78 34 66 0 59 40 70 62 58 
32 90 48 97 6 34 35 30 29 48 85 68 58 79 24 83 2 54 84 81 52 41 9 91 27 76 38 25 81 61 61 27 56 62 84 65 88 27 15 60 42 76 80 53 2 71 75 57 99 57 18 13 39 57 40 80 1 8 91 87 63 35 7 8 23 86 1 67 41 31 22 92 58 47 45 65 8 19 7 3 66 89 20 83 69 67 60 11 74 60 31 64 90 42 22 58 48 32 91 54 
98 9 30 0 23 89 53 85 59 27 2 66 95 98 31 86 70 75 54 92 12 26 93 97 95 41 16 41 99 63 45 39 18 38 65 62 56 30 76 48 35 46 29 98 54 68 31 78 67 65 26 40 27 68 91 17 73 8 17 63 49 78 97 53 90 8 5 30 57 98 58 51 13 78 43 90 60 47 68 40 11 38 96 79 37 13 31 85 44 3 75 71 85 75 77 57 65 64 51 33 
39 85 47 46 59 6 54 11 4 47 93 76 87 44 8 40 12 85 30 76 92 66 57 83 39 17 22 66 19 30 22 70 21 52 90 40 8 62 88 32 91 49 96 45 65 48 58 92 95 44 8 99 30 21 50 60 24 32 40 53 92 10 56 18 72 85 9 34 81 94 62 2 3 95 67 68 19 30 93 82 43 78 17 81 97 40 31 5 22 48 39 82 53 97 79 25 34 78 58 51 
36 99 76 9 34 63 99 84 13 23 18 63 23 11 48 7 62 11 28 91 40 57 98 40 29 57 4 46 1 49 98 40 52 23 18 80 24 63 24 62 6 1 85 27 79 63 31 53 20 70 53 1 15 51 66 4 12 48 27 78 72 24 88 72 41 59 28 87 19 69 10 58 86 30 38 41 3 90 92 54 27 6 73 92 9 22 63 45 55 36 68 60 28 17 98 76 40 88 1 72 
85 88 24 19 37 85 37 45 64 76 68 35 3 85 77 27 85 26 9 20 69 7 30 69 92 86 26 3 84 32 83 52 93 59 43 50 35 57 29 56 9 73 94 7 97 57 6 12 23 20 64 48 98 60 39 24 32 78 13 66 97 0 8 54 96 56 44 78 21 56 84 30 95 65 12 79 48 56 18 56 80 22 55 2 43 79 37 50 65 45 31 65 72 85 61 8 53 14 36 91 
95 5 20 94 56 37 28 46 28 96 25 13 91 89 48 46 2 27 57 15 14 35 28 91 92 58 17 18 40 37 38 99 83 8 46 21 78 35 91 29 34 7 97 43 36 38 41 3 70 86 15 58 83 96 48 93 1 6 70 1 10 61 69 36 11 57 53 87 17 41 17 4 92 39 84 77 40 87 75 18 32 51 46 28 52 76 10 10 8 3 62 9 57 18 84 90 30 20 59 11 
43 33 90 6 25 83 60 92 70 54 22 94 38 2 76 80 18 19 35 39 80 0 62 69 59 8 76 14 53 49 94 49 74 25 34 59 46 87 15 67 42 53 25 60 31 31 47 43 48 73 47 0 81 1 54 17 36 99 73 44 86 16 11 38 69 28 72 17 1 7 97 59 49 2 33 31 16 15 56 84 95 46 38 72 36 54 78 63 51 87 7 11 0 1 50 14 33 17 33 13 
61 54 4 64 26 48 63 16 27 80 51 84 49 14 72 55 95 94 57 20 80 69 46 68 92 40 71 60 49 70 18 18 27 18 87 17 89 67 33 82 58 99 36 27 84 22 16 10 77 72 5 15 11 39 61 26 88 13 86 65 45 26 24 14 94 75 17 31 99 7 32 18 1 28 98 68 20 40 71 53 87 81 84 78 77 94 61 54 7 53 58 20 94 93 58 81 50 79 19 21 
59 12 87 72 2 8 14 75 48 10 45 91 63 6 15 13 21 95 90 43 65 38 76 98 46 11 27 56 15 99 73 48 53 58 28 79 79 25 12 53 8 2 14 21 72 39 34 33 31 65 28 78 71 98 76 74 64 16 42 99 2 59 7 75 41 85 53 36 36 49 40 50 20 90 22 98 6 60 96 90 76 63 59 30 64 43 18 65 21 80 16 25 82 59 4 79 64 37 31 94 
7 66 66 85 80 40 53 35 54 98 83 11 99 15 70 64 76 35 46 63 71 71 33 43 27 20 6 3 37 86 34 62 26 78 46 55 61 58 22 68 31 91 89 97 24 40 19 36 68 49 23 99 41 26 13 84 34 72 99 4 56 4 70 76 49 68 19 60 51 43 86 24 49 1 99 23 52 29 64 89 95 8 34 78 7 43 79 69 26 69 60 10 30 64 50 22 62 68 14 11 
44 63 5 19 81 34 81 2 93 36 2 28 9 54 83 47 90 91 25 13 91 37 20 56 74 0 55 19 15 93 43 88 50 82 71 31 94 80 59 94 42 80 32 44 86 10 62 59 53 67 45 85 78 62 29 51 21 49 5 69 47 41 10 52 24 32 47 89 16 9 76 58 64 45 92 22 3 80 47 9 72 1 40 13 62 39 89 46 9 80 52 5 67 23 31 99 63 77 39 84 
72 11 62 66 41 51 52 38 91 84 2 30 68 91 46 80 47 43 22 98 92 92 88 42 2 3 81 0 9 13 45 62 81 21 31 63 32 46 89 87 51 26 74 34 40 32 66 62 66 40 38 38 1 84 73 61 16 89 21 36 85 68 42 59 87 91 52 1 5 46 47 61 2 58 68 68 96 51 78 92 14 37 66 39 45 90 70 29 29 9 95 58 88 2 74 72 99 57 48 71 
77 0 10 5 0 12 8 88 61 10 92 94 11 26 85 81 11 37 12 3 26 72 71 95 32 75 53 52 87 99 29 74 39 18 94 23 25 41 2 60 66 32 57 48 41 83 1 15 31 25 3 99 50 0 1 15 36 80 94 41 50 53 53 81 64 49 86 42 18 7 45 21 23 9 25 24 17 96 32 70 82 45 15 24 73 2 88 89 36 39 18 72 77 31 37 77 30 70 47 83 
18 59 87 50 20 33 15 85 78 73 55 13 83 95 92 74 0 31 62 69 9 42 49 36 90 97 81 14 35 91 37 18 21 94 30 65 26 24 53 49 93 35 62 53 70 66 45 38 22 93 65 45 46 79 11 46 72 63 41 55 83 22 52 82 88 90 27 26 20 38 65 93 88 16 37 5 51 18 91 60 99 42 62 78 47 36 0 9 99 25 57 68 56 69 28 63 74 77 90 34 
59 95 48 84 57 5 43 94 51 8 83 7 84 44 72 7 25 0 48 87 76 28 88 99 84 74 32 78 27 61 42 97 78 15 38 78 20 3 6 47 69 58 6 8 88 21 33 9 39 90 90 64 2 94 84 29 7 44 42 63 60 72 69 30 89 82 3 93 20 60 28 5 86 25 87 79 19 4 35 71 57 24 31 85 73 1 43 53 75 15 64 81 44 49 69 22 52 81 83 99 
1 41 38 44 88 29 89 59 82 40 91 51 59 53 47 18 10 39 18 33 50 26 79 17 79 16 31 0 36 94 21 92 67 63 47 51 81 91 7 48 8 99 29 49 38 57 14 54 64 14 48 41 39 79 2 82 61 12 27 5 56 70 30 93 14 57 25 19 9 97 10 99 21 92 1 7 66 20 79 42 47 81 95 94 31 45 55 9 47 27 53 44 36 58 26 45 71 66 22 47 
30 65 2 60 78 47 43 70 53 86 96 53 68 43 37 44 84 88 24 89 89 96 52 6 81 0 29 85 58 56 44 76 14 45 59 66 25 12 78 28 29 3 83 20 26 22 7 50 13 45 70 71 97 39 62 78 74 14 59 69 21 2 85 21 9 87 20 78 40 79 83 77 97 83 97 26 85 85 57 16 99 10 21 95 49 93 65 98 75 39 75 80 42 32 22 71 5 38 71 47 
