26 93 41 81 86 76 8 39 10 24 79 43 27 22 61 80 65 36 10 18 69 40 9 57 80 90 49 49 48 4 51 90 21 33 95 74 8 20 11 37 79 54 76 92 82 29 86 69 24 10 6 53 97 49 82 19 78 19 89 89 9 41 23 17 63 7 95 66 3 51 68 26 33 20 33 62 47 57 80 4 47 66 48 16 89 69 45 2 90 24 13 38 69 74 89 81 41 39 53 40 
39 62 24 67 45 22 5 76 39 22 95 64 85 4 92 28 98 95 75 59 39 97 36 72 43 1 15 39 69 6 37 93 59 79 26 48 86 44 34 3 81 36 78 85 86 41 14 55 27 53 89 41 74 46 96 46 99 85 6 43 29 98 31 88 83 27 56 8 20 86 14 82 46 48 87 97 91 75 41 33 16 66 68 50 73 27 11 52 46 86 66 28 93 88 6 39 47 31 68 15 
39 28 27 62 16 64 12 17 39 87 91 9 25 26 3 14 11 80 90 28 38 0 6 94 59 33 24 23 96 13 83 95 96 34 75 94 17 34 46 20 27 74 98 68 87 21 17 54 53 94 29 79 10 19 4 95 26 67 95 98 85 95 29 58 74 48 10 80 57 28 89 40 13 82 51 70 81 39 37 78 97 71 8 56 39 35 10 40 83 48 84 28 82 31 34 44 18 34 74 49 
82 24 73 65 55 37 90 82 64 68 60 53 66 96 26 49 79 72 9 36 15 42 42 84 36 43 29 50 62 69 29 15 90 61 69 44 1 17 78 44 71 92 22 72 80 5 5 54 33 54 89 36 3 67 75 43 2 14 83 27 76 11 21 62 52 46 50 17 61 16 97 74 50 0 23 46 20 51 19 8 77 38 42 63 23 58 5 57 84 95 37 20 20 2 48 13 21 85 92 75 
9 73 45 89 89 38 38 84 93 28 93 59 4 10 63 87 9 30 46 53 26 72 61 29 16 32 67 1 92 13 43 75 44 12 79 92 61 91 77 81 35 90 75 22 81 55 50 40 27 81 59 63 25 92 35 45 82 75 13 66 5 34 19 56 95 72 3 80 13 76 18 90 47 64 96 26 88 30 37 11 36 26 95 28 80 3 41 85 98 86 84 87 81 84 72 55 53 75 81 36 
69 3 78 55 52 97 46 70 82 49 29 80 57 25 93 96 8 53 61 20 34 0 90 16 46 63 89 96 34 60 56 74 70 22 9 79 6 51 27 95 34 98 65 82 5 26 8 22 36 54 85 15 96 7 96 50 46 71 99 94 86 11 98 22 95 44 66 50 26 5 32 48 56 59 23 78 24 21 82 35 0 50 35 22 11 74 22 57 33 40 94 53 50 97 57 77 4 12 75 90 
86 51 41 54 9 46 17 19 18 54 13 70 16 54 3 19 72 53 40 44 38 2 10 38 61 36 74 15 70 72 98 32 29 97 17 73 28 42 97 46 56 18 49 40 81 40 23 77 30 76 42 64 37 86 10 69 52 93 41 15 43 63 32 79 52 3 82 8 29 91 49 27 97 83 28 29 30 17 57 86 1 59 39 5 50 54 4 89 77 84 37 66 50 29 45 49 17 73 38 71 
41 5 61 49 33 10 37 60 15 26 11 63 93 66 96 97 10 36 62 3 94 74 96 95 64 10 8 54 47 31 10 48 30 28 95 61 45 68 83 65 65 73 23 15 11 45 97 47 96 22 97 66 51 9 0 39 71 10 31 63 62 81 10 60 51 4 45 66 16 47 99 86 19 96 2 7 86 24 14 33 60 42 57 95 54 51 90 42 30 1 88 4 39 11 2 10 29 41 13 24 
51 49 97 0 29 33 59 94 11 16 3 8 39 18 58 66 13 78 90 19 50 55 28 92 53 58 69 68 70 47 97 57 84 92 45 30 24 22 80 21 8 47 75 31 8 8 87 74 24 16 43 94 49 72 35 67 73 36 49 50 25 62 38 7 13 14 98 37 79 98 79 24 27 26 95 71 91 35 1 8 81 75 51 0 57 56 61 31 29 83 64 9 22 58 75 38 65 62 66 56 
46 93 81 30 80 78 11 67 88 86 61 11 74 81 28 77 50 8 30 38 47 45 27 41 2 40 90 43 57 3 39 29 22 42 42 91 37 45 95 36 48 51 28 55 54 5 79 4 47 58 33 32 47 56 98 81 84 10 29 69 4 19 34 40 81 79 90 81 0 81 35 1 95 13 69 34 66 39 28 66 44 7 3 18 75 62 28 38 29 6 9 22 50 5 83 46 46 67 25 97 
33 93 42 23 27 60 55 30 49 51 51 26 85 52 36 23 77 29 87 63 79 94 18 31 32 77 73 79 46 70 10 98 90 0 78 42 26 8 21 51 39 65 79 17 59 55 4 33 88 32 97 13 20 76 48 82 80 27 46 42 59 16 86 61 25 8 57 1 19 41 80 62 65 49 29 83 60 14 43 53 77 67 99 19 83 82 91 19 25 67 60 16 72 70 93 93 49 0 84 17 
74 75 8 87 17 55 70 39 3 20 96 53 35 41 25 54 45 14 78 78 84 57 60 21 85 22 7 20 39 44 46 17 40 23 89 69 49 83 92 42 73 69 8 89 50 84 86 98 57 67 74 13 11 6 82 47 75 33 40 26 30 56 85 2 76 31 39 49 9 49 35 55 40 84 27 73 43 35 20 2 19 37 51 79 49 36 41 33 97 95 11 57 86 4 63 43 19 80 13 86 
4 22 33 51 11 91 73 43 88 19 81 94 8 19 49 10 38 20 47 85 52 65 38 10 67 0 62 89 51 15 4 65 6 12 96 73 79 49 30 62 27 38 78 76 11 75 8 7 79 51 22 52 18 33 43 75 58 8 16 95 2 10 4 61 11 16 30 42 11 10 25 48 28 49 3 89 28 32 43 89 67 95 47 89 85 21 19 36 10 8 77 22 8 11 45 7 48 83 89 49 
83 98 52 77 86 56 72 84 3 47 67 0 26 42 18 28 89 15 29 29 0 29 55 74 19 56 95 94 36 4 45 31 55 65 73 51 93 43 52 15 93 78 68 10 41 58 55 39 40 5 39 17 30 45 44 94 97 55 21 4 27 90 64 60 28 0 89 59 33 47 97 46 97 14 34 13 95 65 93 68 64 74 15 84 70 18 90 99 49 79 1 38 30 35 24 51 81 85 3 84 
55 18 13 50 27 79 89 89 92 25 94 63 64 6 30 11 12 54 27 80 92 68 41 94 83 78 95 61 75 37 57 63 66 22 61 3 76 61 29 15 5 92 32 21 53 52 92 30 78 47 8 70 89 58 22 24 89 10 95 85 76 8 57 95 70 5 53 92 75 45 17 87 97 29 40 6 90 94 13 64 54 99 4 9 80 84 27 71 9 5 65 60 34 79 21 98 64 69 56 10 
41 85 22 28 60 48 66 93 11 15 73 98 51 36 45 8 18 84 10 36 65 50 32 97 41 96 59 16 43 57 56 88 28 31 80 50 50 13 81 62 64 27 23 3 10 93 9 87 33 25 57 11 44 17 46 49 67 41 27 50 59 64 59 3 74 1 67 91 48 36 43 71 78 42 16 76 66 89 93 75 0 40 29 43 91 22 69 40 62 25 79 28 96 36 58 34 27 45 26 76 
97 45 26 45 88 41 44 4 47 62 85 8 4 59 22 4 81 37 22 1 86 91 41 29 99 32 29 6 77 10 3 24 38 48 95 23 79 98 99 32 82 27 89 61 47 83 32 91 82 79 13 8 9 85 75 62 71 60 7 47 98 76 16 9 69 37 66 15 42 58 13 96 86 20 65 83 0 40 63 92 26 46 66 7 17 14 11 90 13 80 10 92 1 90 50 63 84 21 7 37 
85 93 49 87 75 21 88 65 87 59 50 18 38 87 61 19 1 54 86 34 20 64 40 53 83 98 29 11 75 54 73 82 24 16 81 90 25 94 59 4 41 2 70 2 5 66 29 75 70 77 35 6 16 68 58 48 79 11 44 65 57 77 41 50 88 93 11 8 73 55 62 72 37 63 67 72 75 32 55 41 75 23 0 41 17 29 8 2 41 37 61 64 78 11 40 44 16 2 84 10 
50 33 1 48 31 0 21 75 25 11 47 29 8 64 59 99 72 69 86 14 61 84 42 1 10 58 15 81 92 77 43 15 84 38 0 17 24 71 16 51 58 17 93 20 13 68 93 97 52 89 43 58 80 96 24 95 90 72 37 12 49 24 6 36 96 63 2 6 59 34 39 1 42 41 41 42 7 7 50 11 94 73 17 78 49 78 47 23 13 20 61 34 57 42 23 76 69 53 72 84 
28 47 80 77 38 26 18 58 21 49 18 36 28 26 98 99 61 36 83 84 71 17 26 46 39 67 83 28 16 30 94 22 96 61 33 90 1 30 45 72 95 27 20 97 80 58 63 13 58 39 11 3 52 65 93 61 88 66 78 44 39 4 36 73 78 32 27 13 47 28 27 2 50 7 18 6 70 39 40 91 90 60 80 28 69 11 10 27 50 5 36 31 8 97 22 56 30 80 61 1 
56 8 49 62 17 22 70 98 12 48 80 74 57 33 75 98 65 19 45 67 76 47 53 54 18 47 95 36 88 57 5 43 1 74 94 84 5 69 45 1 48 80 21 13 29 28 14 5 45 69 50 14 99 24 64 36 94 9 17 17 65 79 97 42 17 82 89 1 0 79 79 68 85 49 81 65 28 43 89 75 40 21 32 39 94 32 6 58 19 19 38 10 20 98 14 67 1 0 49 88 
68 43 75 7 20 14 73 29 18 12 62 13 78 19 84 87 49 32 19 24 73 60 59 32 58 94 68 6 8 80 47 62 20 27 11 49 48 87 57 42 73 34 27 90 79 91 18 45 96 50 15 61 65 38 3 10 89 15 7 38 94 90 71 79 45 90 97 19 57 24 48 20 15 36 53 96 28 45 2 6 16 47 6 53 30 32 12 77 75 78 15 0 3 46 97 38 74 55 14 64 
63 69 16 46 75 52 8 15 36 6 88 5 60 47 75 45 0 10 12 72 56 89 47 87 80 81 20 8 19 48 82 21 47 10 15 48 30 41 0 84 76 44 47 51 64 43 7 1 67 52 89 76 10 65 28 16 60 73 58 68 37 28 89 86 80 55 86 64 35 99 5 3 82 84 73 92 73 89 95 80 52 55 73 12 67 47 19 30 75 55 77 71 94 47 22 10 31 88 57 63 
22 18 34 91 16 63 76 83 10 7 60 63 70 65 52 41 31 9 17 62 86 4 98 45 5 97 46 37 95 17 8 0 3 22 37 93 2 67 21 57 75 19 1 53 97 11 36 67 52 97 89 4 80 82 33 21 91 62 90 0 64 59 74 61 99 71 32 44 26 66 27 81 17 11 49 47 38 1 83 65 60 82 74 99 73 67 6 7 54 63 19 91 22 48 77 78 13 53 8 37 
34 11 32 36 59 70 71 65 28 64 43 88 27 3 75 55 42 50 0 52 9 18 72 57 18 38 87 88 22 93 56 23 69 1 26 5 69 44 8 50 91 38 14 91 35 34 37 34 62 70 16 80 80 76 88 3 59 23 65 3 48 9 38 75 0 54 55 17 28 52 0 2 20 17 49 7 50 10 8 53 97 89 74 18 36 90 10 29 81 57 27 42 29 22 52 93 90 33 81 36 
62 76 59 47 98 39 87 44 43 35 36 91 44 10 82 39 92 6 19 49 85 66 36 98 77 53 67 28 67 86 20 69 74 63 64 66 69 26 90 13 3 77 72 13 57 21 0 51 8 37 95 78 94 0 46 70 82 84 51 97 52 9 46 33 13 29 1 66 42 49 36 34 25 4 41 46 59 26 7 73 53 0 58 50 32 86 63 99 82 1 80 67 91 46 13 47 37 18 56 76 
16 28 90 68 17 16 36 4 59 13 5 97 10 38 64 90 11 68 12 68 57 19 97 99 31 25 31 8 85 75 54 51 91 31 72 87 31 45 15 60 99 14 44 56 39 94 4 13 80 73 5 30 97 85 16 44 41 90 30 19 73 78 55 69 56 41 54 62 68 56 78 41 82 17 33 58 45 14 7 28 6 75 41 17 76 81 87 11 23 65 58 57 94 36 87 30 97 60 28 46 
3 11 63 3 72 19 64 14 11 5 37 62 94 1 74 64 41 54 95 99 72 91 21 74 55 58 85 96 97 71 37 94 56 39 4 92 94 34 48 81 65 43 30 72 35 24 38 15 85 48 32 97 8 90 38 93 73 82 18 80 29 71 14 71 60 69 11 5 3 63 51 86 79 68 58 1 53 98 26 88 79 7 22 53 52 3 84 46 42 17 58 24 99 6 11 49 26 95 94 5 
12 51 59 66 6 52 24 54 0 28 50 8 39 75 28 70 15 51 56 6 68 36 49 60 38 5 64 39 74 75 34 74 31 60 77 64 73 99 78 55 57 2 74 42 61 92 83 9 69 68 2 89 39 74 35 76 38 80 97 94 73 67 14 16 66 68 29 97 21 81 62 23 95 88 13 28 50 34 55 57 87 76 58 46 13 2 0 83 24 60 21 41 34 29 24 32 17 69 26 89 
69 66 29 31 50 39 73 46 57 73 16 23 28 73 75 74 68 22 27 85 43 51 33 80 45 84 50 42 42 5 2 71 13 90 31 10 55 53 44 85 43 18 42 6 20 13 63 41 55 69 37 7 7 47 17 21 75 20 21 57 31 67 71 84 61 54 59 17 65 16 3 41 14 35 76 31 48 27 16 22 39 43 58 37 89 86 77 10 71 56 65 14 3 95 38 39 34 88 39 63 
36 90 78 81 24 65 68 46 27 95 15 33 27 7 82 46 56 94 33 71 89 14 18 72 35 13 95 57 27 62 33 21 49 93 20 82 69 9 0 22 65 49 60 99 39 63 40 67 36 73 64 1 97 45 79 84 34 24 18 65 52 2 42 15 47 84 99 59 55 33 61 56 34 1 70 52 7 6 34 91 54 13 32 36 76 33 90 22 68 18 2 32 62 74 65 32 66 42 37 73 
36 7 75 67 67 47 87 95 76 1 34 63 93 17 51 87 53 62 57 53 65 62 1 66 88 72 12 45 7 97 75 51 44 29 1 32 23 63 1 77 65 38 13 86 69 69 26 6 29 13 61 97 54 9 81 50 74 58 22 89 97 24 9 70 85 65 5 86 91 9 29 13 7 82 83 57 55 5 77 87 18 68 82 35 82 93 99 41 77 59 6 53 56 15 22 6 49 78 85 54 
54 93 35 68 81 89 55 28 53 73 79 60 15 40 39 71 2 95 98 70 28 66 81 16 36 78 16 46 31 64 10 83 24 75 70 6 39 88 47 6 30 73 61 1 89 74 22 0 84 83 8 6 71 37 31 51 50 37 77 50 12 19 56 50 73 60 8 38 17 65 45 24 75 85 40 23 58 16 85 71 34 38 75 96 98 63 75 53 69 64 14 56 43 35 30 15 2 34 75 76 
28 81 38 41 78 41 46 81 13 7 25 95 52 54 37 93 74 0 75 7 94 80 55 1 92 8 78 1 74 7 48 14 59 21 18 70 86 53 35 4 94 60 38 5 28 13 48 88 46 36 53 57 55 55 48 72 3 94 50 85 45 93 59 45 46 76 81 50 75 81 49 28 18 14 91 25 52 73 16 50 39 24 10 34 78 42 92 55 33 85 31 2 36 66 60 76 70 29 58 10 
86 38 15 96 12 76 90 66 40 80 3 87 51 50 46 99 79 9 9 82 13 5 9 13 26 40 55 17 85 34 87 1 50 14 12 61 84 20 5 69 2 93 55 46 65 99 29 31 41 41 5 90 24 10 76 65 55 85 35 52 98 10 38 36 95 87 41 10 50 17 49 61 44 51 10 16 6 23 67 71 36 68 41 59 88 53 59 3 95 16 45 74 86 5 84 47 78 43 22 12 
7 39 34 94 33 12 18 60 8 3 35 46 4 76 29 72 76 88 91 23 43 29 81 18 75 34 5 61 82 92 94 39 30 86 8 14 98 51 88 83 54 89 14 45 73 92 36 58 65 0 40 12 59 8 27 58 36 47 48 91 19 88 51 2 36 62 58 87 62 20 47 60 36 95 52 44 72 63 48 48 81 42 42 51 61 45 54 39 18 91 63 44 30 69 71 89 88 67 74 69 
77 23 41 12 59 99 69 78 89 51 3 51 59 97 5 75 35 88 52 51 12 79 72 17 82 54 87 29 30 69 14 45 56 48 4 63 2 15 20 71 70 35 62 14 79 80 73 13 88 97 95 58 22 21 32 30 7 79 51 58 14 32 39 19 5 63 89 44 61 53 63 9 29 7 69 94 69 41 57 48 28 48 16 28 0 94 35 94 62 28 3 15 5 20 49 86 94 84 68 31 
40 91 28 61 37 43 55 19 98 59 78 89 20 33 95 4 71 74 12 45 65 33 67 85 78 65 11 3 23 11 1 69 24 36 44 94 27 67 42 92 82 14 52 35 59 92 4 38 42 6 29 8 67 78 86 23 22 28 99 45 47 61 0 82 73 64 15 62 26 19 64 57 79 85 71 76 34 18 94 55 29 60 56 35 73 95 61 30 35 3 83 81 22 96 96 30 25 15 77 41 
26 87 82 99 63 82 27 57 63 45 78 87 29 77 98 29 57 28 76 42 95 52 44 2 28 66 10 15 66 29 37 36 11 11 72 10 81 16 15 84 60 31 17 73 13 30 99 59 82 41 67 38 90 33 62 93 10 29 46 16 91 42 9 39 94 11 98 90 30 95 69 85 97 10 24 26 33 90 71 8 8 47 94 38 86 72 20 93 71 99 28 47 8 58 3 1 14 56 11 10 
80 60 23 11 8 4 70 69 86 92 93 93 92 4 32 68 29 24 72 68 11 34 68 69 34 81 4 95 75 96 17 18 49 49 81 39 27 11 74 27 79 6 55 82 49 21 78 61 42 80 76 35 91 12 97 9 32 79 31 20 74 33 70 35 33 3 21 37 10 17 43 71 96 99 75 2 23 59 16 28 94 94 89 44 33 24 0 43 47 53 10 65 70 49 47 57 39 94 54 60 
43 21 74 10 38 71 46 1 55 56 50 15 28 89 11 95 88 41 14 17 61 1 99 41 47 78 12 51 51 91 91 88 8 3 79 92 43 22 28 25 76 70 36 78 68 49 6 15 1 89 28 16 40 57 59 21 90 30 48 93 33 28 53 30 80 95 58 44 34 15 20 3 18 72 49 82 86 26 77 21 78 71 89 71 28 15 26 65 6 71 57 69 58 43 28 14 32 9 67 26 
8 17 55 26 70 49 55 63 59 72 30 89 54 75 24 80 43 9 0 88 99 80 29 69 81 34 72 59 27 5 9 48 75 21 38 40 83 71 32 32 14 35 39 50 94 37 16 51 19 65 21 2 38 49 5 21 30 35 44 42 61 63 13 20 90 56 75 81 5 25 17 73 88 99 85 24 20 41 70 37 32 13 96 5 14 21 49 2 49 77 10 98 86 75 91 94 17 82 43 78 
76 43 34 48 28 12 48 28 19 24 74 26 4 44 71 54 83 58 8 88 91 23 68 52 55 17 75 99 69 59 89 51 33 77 22 86 26 19 79 30 4 32 72 49 1 18 28 96 29 31 52 34 24 71 23 20 11 77 53 34 33 12 63 39 39 23 10 98 86 34 36 25 85 66 91 11 2 58 83 1 97 33 67 32 86 16 47 41 94 32 96 76 78 99 83 78 55 65 15 62 
93 67 73 98 97 7 49 55 96 22 26 65 26 34 62 19 3 50 15 11 5 68 62 73 14 42 74 58 68 99 35 66 38 28 87 57 8 17 12 70 82 1 48 73 85 23 33 35 6 1 41 19 7 90 97 48 31 63 60 92 58 37 26 75 61 95 6 37 75 41 37 48 8 15 8 37 36 36 24 64 40 61 7 77 56 19 66 30 33 84 37 87 69 76 62 57 79 6 34 58 
21 76 64 88 30 17 3 88 69 93 38 60 91 54 98 52 5 90 52 90 62 91 4 37 74 22 38 87 87 71 38 69 62 97 57 98 17 93 69 18 40 31 29 90 98 5 70 37 33 86 97 41 12 2 63 94 72 5 65 18 89 97 27 10 75 63 27 95 16 96 74 9 23 96 3 88 70 32 47 84 16 77 87 66 50 36 84 3 23 31 44 73 37 51 9 8 31 84 43 67 
52 42 57 99 32 58 53 3 65 60 24 32 91 10 4 26 93 9 44 0 84 26 63 85 96 75 32 48 66 15 93 9 91 48 64 16 3 63 27 50 50 74 67 77 21 17 42 21 96 37 18 72 6 60 25 26 38 36 12 41 8 28 17 26 19 96 5 17 98 9 56 89 37 60 74 12 66 77 85 90 31 68 24 72 33 23 28 43 81 38 69 88 46 47 75 62 60 32 65 77 
11 11 62 90 55 4 86 13 46 56 39 82 46 82 76 3 74 54 14 88 91 13 22 80 67 8 14 68 16 38 60 98 66 60 47 91 3 88 6 51 78 29 58 52 34 59 64 30 96 36 16 58 7 29 32 98 48 95 36 68 5 24 81 37 73 70 40 40 29 30 16 19 5 61 20 61 66 43 10 72 63 75 22 21 85 19 63 82 32 80 23 31 86 37 86 12 82 68 85 62 
26 9 26 36 32 90 87 80 59 78 74 42 31 86 68 84 54 77 43 27 87 79 84 29 32 16 69 63 60 94 81 48 96 40 22 75 58 77 76 86 39 8 54 8 89 69 46 32 25 36 76 22 77 24 11 41 58 7 31 53 12 8 14 40 58 37 54 72 47 62 54 30 45 74 49 29 84 40 35 88 51 92 33 10 63 0 15 92 92 17 4 35 28 14 86 79 33 11 14 46 
51 2 79 38 94 82 62 54 57 31 32 49 98 38 87 92 28 1 98 73 75 86 60 25 35 36 90 15 31 38 60 77 59 3 25 39 16 74 98 58 79 22 57 87 44 68 18 95 24 8 42 89 22 54 38 54 82 47 38 76 99 30 23 6 14 18 21 7 82 20 33 38 82 42 46 81 77 76 38 0 92 18 88 83 97 57 19 82 83 97 94 94 66 27 66 93 24 52 15 58 
44 58 15 49 26 1 91 83 63 84 99 83 71 73 92 4 72 67 47 31 45 91 5 39 2 5 26 57 90 55 43 43 98 58 55 36 0 28 99 55 48 86 20 7 93 3 33 12 36 52 42 2 36 13 81 62 94 4 75 39 11 65 24 91 53 58 42 2 19 32 71 94 87 69 58 92 19 15 9 38 48 17 88 98 89 64 40 49 67 29 20 75 75 29 68 38 29 89 97 77 
95 3 23 11 17 21 42 52 72 0 70 19 52 92 9 72 59 26 95 61 31 50 7 20 39 15 1 59 52 19 9 74 1 83 23 88 81 98 97 88 36 32 21 70 33 78 64 71 2 65 74 1 37 4 18 22 81 2 36 38 68 80 9 35 4 94 31 45 71 83 94 95 88 2 86 76 90 8 50 65 99 28 28 45 81 96 2 22 80 56 77 64 28 4 92 96 32 10 18 15 
56 98 32 55 2 46 41 0 31 44 99 82 25 78 27 43 4 24 47 80 5 56 39 5 33 55 93 8 10 82 18 66 14 27 18 76 81 52 17 75 45 52 15 71 52 93 25 53 25 58 45 51 54 30 0 28 90 61 17 88 21 50 77 77 8 84 61 59 18 56 96 45 95 90 34 44 13 68 99 71 76 29 56 44 22 54 18 82 55 50 36 72 81 61 0 32 71 54 73 24 
7 78 48 57 25 24 67 32 66 79 77 6 98 68 43 94 98 25 38 86 92 18 62 55 62 21 7 93 85 49 70 18 67 50 98 35 60 77 23 24 38 86 74 1 46 41 71 26 64 13 28 33 82 89 7 53 69 77 5 89 9 49 68 77 10 89 17 13 95 9 86 67 6 61 92 78 16 43 80 56 98 79 71 59 44 56 54 79 65 97 91 95 47 3 90 31 81 61 39 56 
78 44 8 34 88 96 53 94 20 2 74 23 8 95 77 3 46 9 89 97 43 93 82 93 84 85 93 61 15 11 10 15 30 5 41 53 19 63 98 55 47 46 29 23 92 50 68 81 33 6 70 30 90 98 8 3 11 41 5 14 77 40 68 40 85 50 76 75 3 50 55 33 28 67 24 14 48 82 89 19 96 33 86 95 86 54 25 22 68 45 90 20 93 90 99 23 89 35 75 44 
1 93 72 12 76 93 76 69 0 77 40 42 67 12 68 95 11 58 75 86 4 7 16 3 53 91 43 65 34 42 68 93 72 81 80 14 78 12 69 27 98 37 73 25 63 29 82 27 2 54 85 70 82 33 18 44 4 17 98 10 55 60 56 14 1 44 37 70 34 48 27 45 24 48 24 77 71 6 62 43 58 35 66 59 74 97 6 15 59 30 11 69 96 41 6 54 34 4 13 50 
92 25 6 10 86 9 84 85 95 90 13 86 7 7 55 44 97 2 86 43 89 37 49 67 49 1 96 86 49 23 37 35 41 96 2 92 86 36 98 7 16 33 11 25 38 96 36 58 82 88 39 81 62 62 33 99 87 25 64 6 46 19 21 40 48 15 78 91 90 60 62 43 24 51 32 83 70 40 48 72 1 55 16 40 39 77 35 2 21 59 28 33 91 54 64 93 61 68 3 28 
57 63 96 34 26 24 92 8 79 97 21 67 74 7 35 53 11 70 18 19 11 53 98 79 78 42 88 28 5 37 81 83 40 8 67 28 67 0 6 10 42 2 65 63 66 44 18 12 94 45 28 71 62 17 30 45 94 46 95 87 15 44 20 59 22 71 1 12 41 59 31 83 58 75 13 55 16 66 58 64 4 22 63 81 21 65 14 23 20 74 14 14 71 67 63 17 47 80 4 83 
19 77 55 47 59 52 17 44 45 5 51 49 46 69 12 83 16 76 4 28 3 21 57 2 66 24 24 40 19 80 77 45 17 66 6 47 33 16 49 5 51 93 61 64 91 70 47 82 52 89 34 1 79 97 19 10 71 94 85 37 39 61 32 72 64 2 48 19 37 69 33 23 44 59 56 29 4 25 60 28 12 18 30 5 49 25 22 12 34 89 67 40 34 96 41 51 63 94 44 22 
50 58 16 53 44 65 7 87 7 82 63 73 24 2 97 29 7 46 36 81 47 57 26 40 60 77 23 72 67 48 68 72 81 84 95 60 17 40 23 75 22 74 55 48 60 81 38 85 79 46 54 71 51 74 21 82 38 77 23 36 34 38 22 43 33 57 54 84 73 77 48 16 33 79 21 86 5 27 95 40 81 66 84 6 93 48 82 5 43 14 2 46 74 2 19 64 6 6 33 0 
36 2 30 95 78 27 1 99 54 12 10 54 92 26 26 86 70 23 7 69 83 26 42 51 70 46 34 94 92 11 20 96 36 73 85 52 67 60 19 70 16 8 32 44 20 94 95 17 85 7 65 28 63 99 75 70 19 36 85 43 80 1 26 34 55 81 0 50 96 76 87 23 74 15 77 54 33 91 65 46 22 72 28 56 10 35 27 0 96 46 22 47 21 14 48 11 13 81 33 78 
27 46 0 24 92 70 65 11 64 47 22 59 77 90 72 21 16 49 68 8 17 39 2 99 23 43 70 38 12 63 42 47 82 97 80 10 78 71 19 40 68 80 79 21 59 34 72 48 2 40 95 3 83 19 49 51 63 65 96 61 98 14 24 94 12 3 93 96 85 87 1 52 1 88 32 99 83 6 14 48 15 58 20 37 33 82 23 78 4 67 82 72 62 18 46 78 62 19 31 67 
44 83 37 20 44 53 96 1 13 75 12 31 63 34 79 65 55 28 24 45 10 52 3 32 5 63 10 84 39 49 40 86 31 21 28 68 72 70 9 13 58 10 87 22 87 12 56 51 81 53 83 39 6 46 57 13 42 65 22 51 43 17 83 87 67 67 42 83 57 50 25 25 37 78 98 43 81 20 26 37 20 53 5 45 74 48 90 58 65 8 92 80 38 55 7 78 83 47 18 6 
31 55 21 69 14 10 71 38 43 38 82 64 27 56 66 62 97 46 7 51 74 40 62 27 49 51 49 8 23 91 34 36 55 96 25 82 30 40 36 7 93 22 36 23 35 90 74 87 80 72 96 22 22 10 16 35 95 5 1 69 44 58 64 30 84 97 84 43 8 63 95 9 82 85 56 4 18 47 9 72 61 10 96 0 64 64 72 77 89 66 3 24 8 40 93 67 3 66 4 10 
44 10 82 92 86 81 26 43 70 20 54 92 71 60 40 28 72 79 84 48 74 0 18 10 98 61 37 88 23 27 35 4 14 75 37 97 13 83 17 81 55 31 62 80 3 2 73 84 31 4 46 97 86 88 96 6 67 45 52 52 48 52 22 63 43 53 70 20 96 16 59 34 52 38 90 27 75 0 97 92 64 45 16 67 25 59 71 65 49 16 93 12 14 30 57 95 94 4 27 48 
98 14 26 25 17 63 63 14 38 66 32 45 47 80 90 59 16 59 32 47 91 94 89 12 86 95 56 15 80 52 90 62 43 67 51 83 86 92 76 44 1 96 88 83 93 83 6 28 14 18 87 51 50 99 5 51 19 68 18 80 56 58 77 93 84 9 86 79 3 79 96 50 2 67 56 45 33 96 31 24 35 42 64 53 60 51 39 54 66 85 65 22 22 40 45 38 0 58 2 26 
61 78 22 48 8 69 51 84 39 90 40 48 23 93 10 66 3 34 95 68 73 95 35 76 90 23 17 44 31 49 56 39 64 4 95 17 47 80 6 91 28 5 10 98 51 78 94 82 35 0 47 34 50 64 57 54 85 95 55 20 50 61 61 15 54 9 55 21 40 22 9 99 31 8 53 26 87 21 36 28 27 34 37 79 1 42 43 10 74 45 25 30 19 96 11 18 93 9 14 89 
6 37 63 11 20 73 85 75 57 61 76 9 59 46 78 92 88 92 92 1 69 87 60 29 65 33 58 23 52 16 20 69 57 43 98 76 47 67 25 46 87 20 42 0 91 54 86 17 5 25 26 98 31 43 64 29 9 68 72 43 44 46 88 64 66 14 24 14 45 58 31 31 92 1 13 90 60 36 81 53 75 7 47 2 27 27 45 36 33 45 11 1 95 43 7 7 35 69 42 52 
21 78 25 9 89 92 23 35 80 38 51 93 11 13 84 68 5 93 47 39 80 92 17 26 12 55 1 18 27 76 36 59 60 60 72 20 48 94 58 34 82 71 87 20 60 3 81 46 58 52 81 61 23 53 52 53 8 22 98 8 67 87 46 10 28 34 35 29 76 89 91 28 99 78 18 75 90 85 69 68 89 51 68 40 60 53 33 95 13 24 58 77 41 34 96 22 36 97 84 56 
34 46 82 64 85 69 77 53 37 19 2 3 78 4 24 76 21 98 95 99 98 34 16 54 64 33 97 86 1 14 89 76 48 45 74 31 99 51 61 75 98 77 50 63 21 58 41 26 62 45 28 94 79 58 41 87 77 16 82 31 25 75 92 94 5 19 69 88 82 32 13 88 92 15 70 31 55 21 43 70 34 67 6 44 53 6 73 83 50 95 35 97 51 77 71 34 53 46 49 8 
17 16 72 93 40 5 42 32 31 37 61 11 81 50 26 20 91 80 20 7 86 34 60 95 67 45 71 11 37 56 55 30 0 75 81 18 53 31 62 33 74 82 92 78 11 0 36 71 13 86 62 46 6 78 49 77 42 38 11 33 60 27 79 75 71 13 53 78 71 34 81 7 59 96 40 90 61 67 36 84 48 58 15 81 68 53 9 5 51 11 45 97 54 85 96 99 15 66 8 82 
66 28 69 34 2 20 9 56 93 53 81 20 3 70 62 80 87 68 41 12 86 54 63 59 48 72 40 33 63 71 98 93 99 15 84 33 63 24 75 43 66 9 13 15 98 85 92 70 75 16 93 73 79 90 90 30 97 14 61 50 56 58 10 68 29 77 35 68 87 49 49 8 97 66 58 76 29 71 97 36 5 35 69 69 79 7 58 79 85 18 28 29 80 28 42 86 44 80 86 9 
21 96 13 67 72 74 65 55 73 96 5 85 44 19 93 91 41 21 31 65 24 72 1 91 33 82 20 84 25 70 52 29 97 35 49 55 30 28 34 9 82 88 79 49 20 35 4 33 2 88 12 41 87 48 88 63 91 14 77 90 47 45 3 47 56 68 46 72 76 8 16 2 54 79 89 18 57 6 36 67 9 88 75 14 77 34 20 14 8 90 49 87 14 16 29 52 17 61 28 36 
9 78 21 73 67 97 37 6 8 70 3 39 18 9 94 81 55 66 15 52 82 37 75 51 94 79 71 79 12 80 22 56 57 78 7 67 40 6 96 49 85 10 6 30 1 95 82 66 12 28 7 92 25 82 65 16 80 73 93 62 14 23 26 3 72 4 87 71 41 98 78 76 62 94 1 3 39 30 19 16 36 88 53 26 55 87 61 3 27 60 74 17 46 56 70 99 75 96 61 78 
47 66 95 71 77 6 63 55 91 94 24 32 71 30 60 84 42 11 12 27 52 15 52 29 72 74 95 60 41 15 80 56 45 36 30 77 93 78 22 61 62 0 87 77 62 19 62 3 97 10 38 26 34 94 13 26 69 37 37 95 43 95 86 80 71 97 36 94 3 58 56 35 66 22 30 68 12 33 37 30 41 8 58 28 45 2 66 75 23 41 39 32 83 29 1 98 2 74 37 12 
93 42 70 97 65 42 82 16 85 73 23 15 9 29 98 18 21 93 71 53 37 46 83 58 23 22 38 67 29 53 57 12 45 10 48 12 31 98 39 18 42 16 6 86 13 93 16 40 23 72 44 7 52 76 47 54 55 24 29 51 52 92 60 33 39 91 33 80 46 36 68 66 70 89 94 76 77 20 45 61 42 91 84 94 94 23 88 51 61 73 26 53 52 42 9 37 10 59 87 80 
40 59 43 7 53 3 85 61 70 30 85 38 98 19 13 46 94 43 90 46 91 52 65 18 52 86 74 76 90 44 52 61 84 42 66 77 0 84 90 88 39 43 4 18 72 38 69 98 64 93 81 86 84 96 5 98 88 14 93 27 43 84 33 82 99 23 50 42 86 39 12 13 40 8 78 10 71 50 81 30 97 59 88 80 13 87 91 52 9 5 75 26 90 5 14 40 44 5 39 51 
75 59 4 98 78 7 14 73 31 33 61 28 92 94 8 60 73 24 51 80 70 43 64 28 50 45 2 42 27 60 85 15 64 50 6 49 0 89 93 96 53 89 8 49 29 87 78 45 24 19 5 23 11 44 39 18 99 62 91 69 68 88 39 36 75 67 13 74 99 71 63 23 60 61 76 96 1 52 99 84 87 68 21 29 12 52 54 67 13 91 91 73 64 89 91 70 63 46 71 58 
45 95 12 21 8 44 3 42 75 75 14 44 76 51 90 85 66 15 27 40 93 51 71 17 22 99 31 66 69 75 14 28 20 43 60 82 46 52 82 2 99 7 66 54 6 96 21 88 12 77 15 88 3 80 47 34 31 14 24 64 39 22 59 17 83 58 66 23 85 76 93 30 34 91 34 65 10 43 78 73 99 82 14 24 65 61 59 99 86 34 34 59 40 4 82 97 43 16 91 16 
29 24 31 90 15 13 3 18 58 52 9 53 53 7 19 84 69 94 99 65 99 88 60 71 68 87 75 15 79 60 35 93 46 56 86 51 90 16 25 12 77 32 18 44 80 26 96 59 26 95 78 19 54 70 12 46 84 52 50 28 55 0 98 72 65 44 24 25 88 80 24 4 55 69 92 69 32 80 15 34 81 28 61 94 88 46 92 85 75 99 70 27 8 39 52 36 41 44 74 63 
11 49 92 74 13 72 9 97 35 42 49 80 68 73 32 62 8 70 49 47 54 41 24 85 24 53 4 51 59 60 12 22 78 31 92 25 94 62 95 99 31 18 6 30 21 27 63 66 70 40 27 14 99 72 48 78 98 10 32 10 65 81 2 69 14 70 90 54 6 73 99 87 72 78 34 71 68 0 78 58 43 10 78 26 48 38 34 21 71 50 14 64 33 41 95 77 93 6 52 44 
18 59 88 51 16 93 12 16 28 53 52 3 2 74 89 16 32 98 62 6 93 42 3 53 67 57 61 26 66 79 19 72 93 55 20 85 9 62 94 69 85 95 50 97 71 19 17 36 48 27 27 66 63 20 50 11 62 66 58 71 93 29 66 73 23 44 1 57 3 91 66 89 83 84 24 84 18 68 54 33 83 51 15 5 21 17 81 24 10 82 95 72 83 93 71 68 61 24 56 76 
92 43 89 92 63 30 42 78 24 7 64 76 21 45 28 2 88 1 54 72 31 39 68 67 19 73 80 9 22 46 69 94 86 86 55 55 24 51 60 2 77 23 47 24 75 29 59 46 27 37 99 60 73 48 60 29 66 75 46 63 46 38 72 66 40 16 63 10 62 57 89 18 79 36 39 62 84 43 83 65 46 55 82 47 13 72 77 45 30 29 57 63 41 80 53 56 51 65 47 44 
33 99 91 98 80 94 43 98 16 39 98 90 70 85 3 18 91 93 37 36 33 73 69 28 36 0 51 38 29 61 77 74 90 80 48 20 35 49 4 95 67 21 54 33 26 90 4 17 1 2 85 69 2 37 9 67 94 10 91 89 29 0 94 68 80 54 29 1 16 18 66 77 62 9 52 75 94 97 91 7 73 43 81 82 50 87 75 15 36 2 89 64 48 42 74 21 76 88 90 67 
36 43 13 25 88 67 84 8 63 32 78 13 30 76 76 87 28 54 65 97 76 84 9 21 32 80 64 85 49 66 70 18 90 9 92 7 58 47 58 27 96 22 79 14 21 41 4 37 68 34 84 96 29 81 71 96 4 4 82 69 63 52 35 62 47 60 29 18 14 81 70 37 41 23 11 83 57 62 19 28 15 87 72 85 32 99 46 98 28 7 78 73 42 94 31 78 89 9 46 11 
58 50 67 85 18 27 29 80 46 11 30 27 88 8 37 28 55 27 28 7 53 78 9 20 75 57 91 54 46 30 4 93 26 16 54 88 96 90 91 92 20 8 97 75 55 59 90 76 25 70 27 14 66 39 35 59 77 51 39 87 54 1 35 65 40 25 51 73 54 32 91 27 12 25 36 87 92 96 16 78 66 46 76 48 35 44 52 62 25 73 78 13 63 97 39 83 90 39 66 9 
17 73 58 55 77 15 46 88 24 45 67 1 31 61 59 80 9 80 23 87 89 99 74 7 35 89 19 94 92 68 95 68 84 1 28 97 67 12 49 42 50 27 63 70 67 62 47 55 75 98 86 93 3 90 37 22 77 19 48 3 56 3 17 33 3 0 69 4 31 66 83 84 82 66 64 36 14 52 65 92 5 84 43 86 63 84 68 81 74 26 39 5 56 19 1 93 66 87 88 77 
44 11 9 94 77 51 97 40 76 45 90 16 11 53 71 3 55 43 87 49 53 78 33 21 91 42 35 43 42 12 63 51 6 61 7 26 70 0 28 14 18 8 20 95 54 89 13 99 65 69 33 33 90 47 17 26 58 75 59 20 46 56 4 76 86 46 44 1 74 98 23 45 31 53 3 68 69 40 51 91 73 52 0 14 70 32 10 21 44 42 65 3 2 68 96 64 75 80 38 26 
79 66 87 46 72 44 13 84 5 86 35 18 17 31 34 76 55 72 99 97 69 11 69 9 83 95 23 16 93 26 63 2 91 86 28 52 88 25 36 30 53 71 55 77 99 90 32 82 56 28 45 35 13 70 2 30 4 12 40 56 25 60 76 48 54 40 21 60 23 56 86 3 21 43 97 55 50 33 82 1 90 37 8 43 17 87 17 33 89 33 41 35 46 9 25 18 62 79 47 85 
81 81 89 6 21 10 90 97 95 75 56 40 91 59 88 16 48 46 22 91 15 69 20 94 96 15 73 8 85 47 91 4 63 92 30 48 50 17 97 39 53 86 78 84 34 94 53 7 7 48 9 83 93 59 74 60 7 69 6 87 38 91 39 80 64 97 8 48 47 70 52 72 36 13 59 20 39 71 74 95 17 39 89 66 55 13 7 22 76 79 62 35 14 57 11 7 41 85 17 31 
60 78 57 44 56 89 64 17 39 48 24 81 66 84 96 99 37 70 55 28 58 34 98 67 52 56 37 94 8 94 95 61 86 82 17 33 82 24 45 43 13 55 83 56 34 32 80 55 60 38 25 9 6 36 94 76 68 96 44 47 15 14 39 45 64 16 44 1 81 83 74 45 13 50 31 5 66 9 14 41 83 53 94 61 30 6 46 93 22 21 63 62 34 79 29 64 78 90 14 36 
78 10 39 75 8 59 52 99 65 61 22 74 83 19 79 1 40 48 37 27 87 72 99 22 99 43 69 5 93 3 10 51 27 34 19 26 9 4 65 72 99 46 83 14 74 41 93 69 4 15 41 58 14 87 56 72 76 72 78 61 16 58 17 81 46 61 43 34 4 43 28 9 60 10 95 24 59 17 59 96 84 37 44 5 32 39 9 12 89 20 66 35 31 25 24 87 15 84 63 39 
98 95 67 24 73 76 8 9 7 16 32 39 74 32 91 64 79 32 36 97 24 50 23 4 3 35 89 89 68 12 47 87 65 84 79 85 86 84 59 84 8 39 39 10 94 66 46 5 77 39 51 75 63 10 34 84 75 88 4 58 43 32 87 73 68 94 95 19 45 89 40 2 57 16 41 12 58 85 24 1 86 26 39 55 13 64 31 66 31 48 71 27 68 83 90 55 4 77 21 11 
24 97 59 22 98 45 74 73 76 52 95 39 48 63 88 29 15 60 33 79 39 79 88 19 65 87 54 5 23 85 59 1 58 63 15 81 52 88 70 78 52 78 49 40 49 48 54 52 32 90 82 30 40 45 93 15 20 47 93 36 16 34 54 88 76 55 58 55 50 43 37 67 84 61 59 7 21 83 33 1 24 66 4 64 89 38 92 50 48 15 44 64 20 72 50 92 0 26 22 91 
36 68 82 75 2 40 57 6 70 31 52 43 15 16 44 68 87 54 29 21 22 23 27 16 81 15 63 30 21 42 64 45 98 25 50 91 93 43 90 53 86 23 80 71 86 12 2 67 8 86 18 80 45 91 53 25 61 8 9 70 16 52 27 18 69 73 57 62 74 10 60 1 32 89 53 33 84 46 30 33 10 92 42 66 13 15 16 31 64 65 11 39 95 56 41 78 97 36 87 25 
23 97 21 78 21 24 43 68 13 27 35 69 93 61 20 16 54 11 30 13 36 95 94 58 61 3 20 73 32 70 96 43 15 12 14 83 4 56 94 40 42 41 74 27 35 18 41 85 89 43 96 95 7 11 18 67 78 87 34 85 80 99 71 2 15 75 3 93 49 77 17 70 66 26 27 28 26 85 65 54 65 23 70 38 49 87 47 33 43 22 37 45 16 11 78 43 53 23 32 23 
68 79 29 70 77 36 58 72 34 48 19 62 59 11 23 46 76 65 49 12 39 34 69 83 1 58 43 68 56 74 36 62 82 86 83 75 92 73 19 26 5 62 5 70 9 88 53 94 86 20 27 85 86 69 28 75 33 28 67 1 72 65 5 42 58 90 64 78 58 87 14 3 97 78 21 34 81 8 38 67 51 55 55 24 93 17 93 3 62 5 22 57 18 13 41 34 9 12 67 63 
83 48 34 23 46 14 76 93 39 17 43 56 21 12 75 24 99 20 31 88 12 74 79 73 69 48 41 14 25 6 19 69 72 3 24 9 98 21 74 51 1 69 92 94 94 58 68 70 72 37 99 61 17 49 83 48 93 88 17 36 40 25 83 60 88 84 80 29 79 47 63 65 21 6 88 84 41 33 49 41 72 4 1 91 59 48 79 67 23 96 0 93 2 90 96 61 91 71 54 24 
60 40 23 19 11 82 93 75 51 37 4 2 92 45 65 57 34 49 49 74 18 51 80 52 1 51 94 16 33 60 82 42 22 80 69 17 77 35 17 55 51 70 23 44 47 96 38 9 8 34 45 4 98 51 27 18 7 26 85 28 99 63 19 70 55 47 90 21 21 84 61 83 85 0 99 84 86 77 53 39 31 13 25 50 48 3 66 42 68 30 12 90 64 8 78 5 70 53 78 54 
38 65 9 28 5 91 24 94 16 56 30 80 99 0 80 59 42 3 45 46 74 78 89 89 69 3 19 82 76 74 25 94 57 30 69 65 76 44 34 69 5 85 9 40 14 2 37 40 23 91 59 90 31 84 66 98 45 8 26 46 39 55 27 41 93 43 97 11 41 85 61 30 17 28 14 98 26 30 61 20 20 27 30 79 86 95 96 17 20 63 35 81 62 34 83 88 62 88 72 57 
20 11 76 88 13 70 93 43 98 90 20 24 31 83 28 57 0 55 35 1 50 25 1 46 61 88 99 87 72 29 59 32 46 19 88 12 44 73 9 70 3 25 53 95 79 15 10 75 44 76 42 98 88 32 34 37 1 90 45 9 96 14 42 44 30 99 10 93 26 51 83 80 56 71 34 70 80 27 88 26 34 66 47 45 45 74 60 64 53 10 98 19 97 3 25 68 60 45 51 16 
