32 23 41 2 7 84 18 28 72 56 93 34 4 71 0 38 57 32 92 16 16 40 19 21 49 0 62 72 75 41 86 75 85 87 60 61 25 84 13 76 32 21 59 80 66 2 81 92 4 98 1 57 99 73 60 29 34 93 74 47 15 73 87 35 62 21 17 75 7 27 59 99 25 11 89 64 86 13 92 53 33 49 8 69 14 44 45 61 93 49 3 65 41 63 1 78 6 53 44 35 
41 77 51 30 79 61 94 48 33 90 0 3 86 59 89 80 69 51 72 41 69 34 51 77 30 9 48 97 54 31 96 5 60 34 91 24 87 94 35 36 86 85 44 82 30 47 75 89 21 24 45 88 30 59 76 72 65 49 52 46 5 83 47 91 38 58 17 62 64 12 97 74 5 80 33 91 30 49 16 72 33 25 2 79 45 52 52 17 78 46 41 37 19 85 55 38 97 45 2 47 
58 34 45 79 26 56 47 50 8 86 46 14 17 49 86 77 40 57 39 50 46 99 10 38 84 65 1 65 37 88 90 8 77 96 38 78 30 29 66 74 51 56 58 3 26 87 8 39 70 30 91 15 20 38 60 71 85 63 49 34 69 81 92 29 58 78 83 68 76 11 42 31 72 76 92 70 95 33 49 48 20 15 39 69 0 62 27 87 33 39 87 77 13 81 62 53 64 48 75 60 
37 83 62 19 49 78 11 20 68 46 61 73 0 0 38 36 63 63 19 60 32 66 18 39 5 81 82 13 56 86 95 64 91 55 87 52 49 43 65 64 33 82 31 9 17 93 97 19 95 69 76 51 51 30 3 32 22 35 77 0 85 56 11 4 4 5 41 42 72 1 20 23 27 29 85 9 72 46 44 59 99 40 13 83 21 37 55 47 55 33 39 27 67 71 11 41 44 39 24 54 
79 66 1 88 93 75 81 17 95 31 59 71 16 68 43 32 62 41 35 81 4 61 64 33 14 25 35 79 29 3 36 43 89 28 80 60 56 76 52 64 76 1 9 80 36 45 54 36 63 44 30 5 50 41 83 47 95 95 10 93 21 67 12 94 18 1 52 15 51 16 30 11 3 22 15 82 94 27 34 53 3 96 79 96 16 24 98 88 45 42 85 36 59 73 94 75 47 43 35 32 
58 48 19 69 18 79 86 48 2 2 7 99 22 31 37 5 6 93 15 2 24 4 25 31 60 92 92 49 11 96 59 68 1 22 59 47 35 73 12 90 49 59 1 83 25 0 17 61 64 34 7 86 89 75 83 43 55 28 51 69 78 15 45 54 85 19 25 72 22 82 73 94 70 84 15 69 43 99 15 28 19 62 86 34 23 93 34 11 84 49 54 78 12 8 37 91 89 92 98 65 
41 8 71 17 13 63 82 12 0 44 83 49 6 25 67 62 6 80 69 84 32 59 55 9 34 63 59 90 73 51 26 38 90 94 56 62 67 14 74 56 52 95 57 69 74 3 0 73 43 75 67 14 29 58 76 22 63 16 90 72 42 78 29 90 53 4 70 34 3 55 99 74 48 32 24 11 82 8 39 32 5 61 29 28 17 46 74 96 80 87 99 93 75 83 62 82 80 45 3 84 
1 0 64 26 63 15 65 4 34 20 41 95 52 44 39 95 84 55 81 39 92 44 7 20 36 80 51 93 81 15 35 66 54 99 87 28 6 20 8 51 14 48 34 69 44 39 37 58 93 49 25 12 99 39 16 26 94 44 90 99 63 21 64 40 65 99 82 23 40 39 1 29 15 34 45 26 34 46 46 66 20 93 78 71 1 4 54 58 99 83 44 98 59 87 9 47 50 12 2 75 
93 48 48 89 76 55 44 23 69 49 80 10 53 81 7 59 23 56 67 5 14 73 81 76 95 53 41 63 34 18 71 9 57 68 4 56 81 52 97 44 26 12 1 19 25 74 57 77 84 57 21 94 76 54 5 77 66 75 85 71 24 25 48 37 81 5 11 30 91 95 13 96 40 47 30 1 79 1 4 53 68 88 66 62 39 98 91 6 17 26 17 64 0 45 95 98 12 80 31 14 
81 26 0 44 11 51 35 99 71 52 28 33 16 78 8 52 62 9 85 55 66 56 37 73 58 54 78 53 22 98 13 25 67 47 70 75 31 2 75 65 34 21 49 60 67 38 39 81 54 27 29 7 16 2 28 7 71 24 66 53 16 10 56 14 46 96 38 2 57 93 28 96 11 31 50 96 21 27 37 41 65 84 12 71 39 85 59 78 22 95 31 75 89 15 18 78 93 8 58 61 
4 69 56 56 62 69 57 98 71 23 32 95 61 52 49 42 32 35 23 73 7 75 81 18 65 67 37 84 92 50 48 79 16 52 76 21 52 93 96 9 40 49 10 16 50 63 34 13 18 38 62 88 99 1 27 75 64 29 43 9 76 56 69 40 34 84 92 5 27 22 64 66 44 44 73 51 83 50 57 27 53 24 4 93 49 75 50 26 3 85 14 37 52 93 80 54 57 87 60 67 
46 44 24 96 96 2 46 53 92 79 83 89 50 7 35 61 22 66 3 42 90 62 18 23 72 57 47 82 81 35 23 33 42 43 50 16 2 90 72 49 85 80 44 27 52 17 89 79 24 79 72 51 27 10 9 32 36 80 4 51 31 79 42 43 65 3 44 33 65 64 49 76 51 83 8 24 63 0 24 68 9 77 13 11 16 88 61 3 89 22 21 39 90 59 70 7 38 40 51 80 
46 92 59 6 21 50 15 88 84 15 46 63 72 27 56 95 48 41 0 17 82 47 72 82 6 90 4 42 65 38 47 13 71 62 39 58 39 76 40 21 73 74 19 66 26 95 63 6 47 95 4 89 16 16 34 77 19 42 71 42 59 78 16 43 91 39 45 20 93 20 61 44 21 1 57 57 22 44 67 34 62 59 74 84 1 87 18 76 66 98 10 7 15 38 42 75 22 73 85 58 
16 8 92 72 77 4 31 57 24 69 4 95 4 89 61 34 59 17 78 86 78 90 16 77 38 31 12 4 37 29 91 73 87 99 85 75 87 7 60 26 13 68 82 30 46 94 39 14 26 67 96 7 48 66 38 99 6 70 20 47 75 55 74 48 95 81 62 49 90 82 85 99 72 68 77 3 22 60 98 72 44 23 97 33 95 23 76 61 17 29 56 79 1 48 7 32 7 78 46 79 
86 17 2 85 37 93 32 65 62 60 19 33 71 43 41 73 67 39 86 92 75 54 20 1 5 86 42 20 3 78 32 9 40 49 91 31 84 3 33 97 58 47 66 25 43 13 88 2 44 43 8 28 94 83 46 37 45 99 23 46 71 1 49 38 75 64 87 62 70 91 30 66 24 56 23 87 70 55 69 82 95 80 1 80 40 26 5 66 36 62 10 83 48 99 33 90 44 63 75 74 
62 43 44 33 78 38 61 64 78 52 89 97 19 72 47 97 85 54 68 60 23 66 50 14 81 93 52 83 93 63 64 6 73 16 2 81 60 95 6 40 2 55 53 60 80 32 12 38 43 7 12 48 77 89 44 59 95 65 45 19 64 98 80 66 57 66 98 83 72 42 0 74 23 50 67 71 99 81 16 36 48 52 53 82 66 86 49 84 24 96 26 62 29 82 35 12 84 46 62 71 
80 42 76 66 68 84 75 21 59 94 33 94 71 63 3 74 19 29 2 90 18 39 69 33 82 13 63 65 2 74 31 0 75 77 50 25 37 73 59 59 40 90 22 29 65 7 17 54 91 42 98 56 69 4 27 7 53 37 50 96 33 36 41 82 14 10 57 63 47 29 37 56 83 75 62 25 60 84 84 17 34 93 84 0 47 73 84 22 61 49 70 74 47 14 32 23 76 53 23 3 
24 0 31 45 55 36 18 77 67 63 97 9 28 2 59 46 2 25 27 67 23 93 13 86 60 26 16 12 73 66 90 42 6 62 95 77 52 73 78 54 67 38 82 70 14 5 44 95 26 3 86 92 82 97 91 50 94 19 4 4 77 58 87 47 9 60 89 33 34 6 78 99 30 78 71 30 63 86 43 87 57 17 19 5 10 69 70 30 55 72 49 73 53 55 98 31 60 4 79 13 
86 99 77 93 63 11 2 42 36 45 84 1 81 78 59 2 76 33 37 63 58 35 35 83 64 30 90 10 31 67 64 8 23 4 21 95 54 34 77 17 59 63 78 94 89 58 74 37 38 29 27 93 64 51 54 91 66 75 21 75 6 26 79 71 54 49 40 34 68 73 6 24 54 70 59 93 90 65 68 89 22 45 33 71 8 64 30 13 44 27 65 26 46 19 29 73 81 50 87 50 
16 21 31 22 69 15 9 67 67 71 48 60 12 89 31 22 10 50 58 84 41 8 51 69 26 84 26 47 39 67 98 54 54 75 33 25 78 27 37 60 48 16 91 10 87 45 21 77 94 53 7 33 33 20 27 17 30 59 82 80 85 48 64 98 47 90 63 9 23 80 31 87 41 0 45 57 87 18 86 45 1 45 9 11 89 17 29 25 87 82 76 85 9 18 31 11 42 21 75 3 
0 72 39 8 99 63 62 6 16 22 95 6 82 35 72 63 72 33 77 87 4 88 61 98 26 19 25 93 27 62 59 31 71 10 88 20 17 5 26 24 3 62 41 79 66 25 36 20 6 51 10 71 1 77 62 46 16 45 67 83 71 32 8 68 58 85 99 31 3 27 61 32 7 19 98 92 91 56 12 7 12 71 93 86 42 48 32 45 16 34 25 66 85 19 18 19 12 71 8 84 
78 59 94 77 48 23 30 51 43 65 50 40 37 72 70 51 36 3 2 4 29 12 55 30 93 75 57 43 46 91 39 68 5 70 86 29 7 92 55 29 54 18 0 22 57 88 77 88 34 73 3 23 15 13 68 70 99 20 24 25 31 17 36 11 29 57 5 48 95 53 39 45 94 53 15 82 76 30 65 62 5 86 34 57 99 95 57 58 16 38 61 72 3 1 62 12 0 82 19 19 
48 18 76 52 53 0 87 75 27 94 76 11 56 6 0 87 63 93 43 39 35 77 10 49 58 47 67 47 52 7 0 50 98 46 36 21 27 29 75 78 37 88 36 47 7 30 9 81 26 59 56 97 93 89 48 12 21 75 21 33 96 27 23 76 74 51 51 86 58 70 45 90 27 9 58 26 26 80 69 70 57 29 20 59 4 18 59 8 11 49 13 94 21 2 1 50 99 24 3 95 
32 53 27 4 80 95 74 71 90 53 28 70 30 83 45 22 94 81 58 6 9 22 19 93 58 23 14 55 54 37 27 33 84 41 94 3 76 39 4 50 22 73 1 58 72 89 25 30 3 88 3 1 90 24 66 67 19 16 14 28 18 82 10 64 55 30 50 92 19 13 19 8 54 97 78 34 12 27 73 94 10 84 84 78 90 4 8 63 61 4 89 65 31 31 93 19 0 80 38 3 
78 74 44 57 99 15 77 21 68 61 93 2 11 46 94 12 41 91 75 66 82 43 62 17 61 41 72 7 51 51 72 55 80 24 28 56 12 49 59 0 91 71 37 51 10 84 33 4 4 95 24 35 65 53 63 60 5 10 95 79 20 35 34 61 85 53 65 66 29 85 19 10 22 18 13 45 91 72 64 42 66 82 31 71 31 58 86 63 18 95 25 24 64 56 41 88 78 59 75 58 
63 13 91 80 67 44 16 59 15 85 29 9 43 58 55 50 50 7 32 82 88 97 87 38 82 38 49 97 70 64 96 45 5 16 41 62 25 10 92 10 90 26 98 41 47 85 46 51 33 54 72 64 28 66 54 92 19 2 18 3 5 67 18 10 23 46 74 67 24 57 75 89 98 37 16 68 15 70 38 99 8 80 80 18 45 0 52 66 33 70 39 15 52 15 18 14 98 18 34 28 
89 43 49 97 37 53 27 75 51 1 16 21 76 5 30 72 11 49 25 77 58 95 13 65 41 42 96 25 56 50 97 72 67 74 24 37 46 78 51 73 13 54 24 22 84 42 4 77 91 11 43 85 42 98 9 72 35 95 0 46 0 57 79 11 6 5 59 58 46 48 3 28 59 48 86 45 60 5 48 13 76 64 24 25 75 61 60 17 83 2 2 61 43 83 27 87 11 39 65 12 
64 95 9 32 8 89 17 43 73 76 50 81 22 38 74 70 59 70 77 3 71 75 89 92 15 76 98 30 52 98 7 94 12 87 91 34 73 96 83 8 6 98 32 5 10 76 51 68 10 72 35 91 74 42 6 0 51 49 48 92 60 49 73 73 6 88 14 6 92 70 38 71 19 82 84 36 19 38 67 74 50 50 49 96 65 79 17 56 35 76 5 86 56 44 35 24 47 99 42 43 
40 29 19 72 17 6 4 47 85 0 56 16 21 18 68 31 42 79 70 2 28 34 65 48 62 15 16 96 78 46 42 33 42 38 53 29 83 45 22 33 44 54 1 67 34 55 12 23 3 80 1 90 1 99 59 1 25 46 62 80 83 94 88 54 60 81 54 91 77 7 39 83 25 4 41 71 86 73 5 33 36 7 97 45 71 12 93 29 22 33 71 41 99 4 86 8 13 55 52 57 
39 32 26 77 15 42 1 43 12 16 71 73 24 65 4 67 0 11 5 74 55 24 28 51 33 2 81 19 49 38 1 29 22 60 25 50 35 4 25 76 28 28 41 78 47 76 48 59 62 70 4 65 22 15 37 85 41 82 85 4 13 96 71 15 53 95 78 26 28 79 9 69 30 49 13 81 45 42 78 70 9 91 1 25 87 83 53 99 92 66 85 70 8 3 54 0 41 73 34 90 
2 33 72 63 91 55 89 29 54 49 61 87 67 80 14 32 1 22 58 86 61 80 99 14 66 21 28 8 1 98 9 18 61 87 51 38 94 86 41 35 39 67 19 39 14 4 25 90 48 9 78 14 72 47 85 92 84 92 91 38 33 6 91 73 2 74 71 81 68 46 11 31 56 43 94 25 1 31 59 92 72 69 66 22 62 54 68 47 49 42 61 95 9 62 35 44 48 76 6 52 
51 8 10 7 59 44 12 58 25 60 72 22 14 40 58 27 6 23 80 84 45 42 8 26 18 0 35 79 87 59 52 56 97 74 53 46 62 52 87 86 61 25 60 87 41 16 42 85 64 73 53 94 84 84 89 16 23 53 53 45 68 69 95 69 2 82 57 18 40 30 87 32 97 57 19 88 13 32 29 91 36 56 55 30 39 72 47 28 0 50 54 38 65 72 69 6 41 30 10 88 
34 26 98 29 97 20 16 12 22 75 48 17 39 56 93 32 13 58 48 63 2 22 10 75 85 11 64 92 65 88 4 39 39 32 26 80 70 10 56 8 53 83 48 40 28 89 8 31 67 14 6 28 96 96 56 32 57 14 22 59 73 86 30 84 51 60 1 66 39 88 47 11 86 43 31 12 76 72 80 83 28 24 58 41 58 2 70 8 79 89 71 78 6 58 86 58 90 38 65 6 
37 80 97 18 95 19 53 92 62 19 57 1 12 56 28 91 45 99 30 60 70 32 61 29 86 67 6 50 41 39 19 93 39 47 22 45 50 31 88 13 46 75 22 57 67 26 24 76 20 10 49 67 83 47 27 65 44 9 27 12 47 21 14 62 1 13 69 3 82 75 66 83 32 20 1 10 70 99 74 68 63 65 15 2 93 26 56 14 57 80 53 47 17 57 92 23 23 71 59 25 
84 35 32 12 69 99 80 13 24 89 29 10 62 83 12 92 76 9 89 43 12 39 27 87 49 36 43 53 86 75 81 66 74 71 58 27 52 22 56 42 93 94 22 55 86 56 67 90 64 48 22 61 41 81 31 21 73 96 80 14 77 15 60 75 70 0 28 54 17 99 93 59 6 92 45 99 14 36 5 40 22 15 67 83 25 63 11 25 81 91 99 66 32 77 27 91 48 80 86 30 
85 37 91 27 82 77 2 5 3 79 27 73 5 63 27 66 50 10 88 34 55 87 88 80 32 83 45 43 79 88 55 30 79 43 85 88 37 59 57 49 87 38 95 50 1 58 87 74 18 46 82 77 45 6 14 69 31 84 17 83 95 53 53 39 43 91 52 51 16 32 57 81 81 95 81 82 23 85 24 10 9 59 85 2 26 79 7 17 68 64 48 54 92 13 78 16 25 52 0 75 
58 3 4 86 74 3 27 78 46 45 28 86 78 38 92 16 99 89 5 51 88 6 46 24 27 62 82 58 90 30 77 13 31 95 16 99 72 79 7 65 6 52 11 23 93 1 1 83 63 34 77 35 85 28 55 86 15 2 7 72 77 61 63 76 28 82 1 85 54 69 34 64 36 36 11 45 34 1 46 60 10 61 3 78 94 9 22 20 36 59 12 71 39 13 46 65 7 51 21 59 
80 22 24 87 27 76 42 19 26 59 0 59 61 34 22 96 32 65 1 65 30 68 8 75 7 22 81 35 87 74 23 3 87 19 97 33 35 4 14 86 72 21 66 83 98 97 24 8 22 72 42 54 98 16 96 79 21 20 93 71 45 35 38 9 90 3 41 63 41 59 17 30 52 73 58 93 0 10 51 11 72 79 70 39 40 73 28 84 33 39 78 45 59 38 19 78 49 85 79 24 
24 39 63 2 26 62 22 72 36 17 0 8 62 60 13 63 42 22 8 33 12 11 36 84 28 0 74 50 4 43 44 89 88 83 86 66 63 68 8 97 8 42 19 76 21 92 67 30 94 95 63 75 97 32 99 45 52 19 95 4 36 20 64 57 33 51 37 27 79 70 2 32 75 62 79 67 20 83 31 65 43 44 3 1 45 31 6 71 88 44 93 29 9 56 75 49 56 15 51 61 
0 50 92 0 29 63 2 4 43 42 42 52 29 65 26 8 86 2 98 63 91 76 70 20 93 91 81 76 44 31 57 19 32 15 8 81 87 86 62 19 87 39 72 30 93 38 85 67 30 75 87 12 41 57 40 14 74 97 90 7 50 4 63 94 90 9 77 48 60 52 88 86 23 16 97 64 30 60 16 60 69 4 53 71 83 84 12 87 47 14 45 2 20 88 1 17 3 8 30 61 
56 63 96 18 35 75 97 10 37 41 42 68 33 19 80 12 88 70 42 54 85 10 27 44 60 84 22 29 41 21 4 71 12 73 54 38 56 54 52 10 32 74 77 21 36 6 55 30 20 74 42 7 74 57 88 42 42 45 95 10 90 18 71 23 23 17 82 35 57 88 49 39 34 72 15 19 65 91 67 49 76 3 43 79 44 55 12 59 61 69 13 47 78 72 38 49 81 42 87 84 
58 45 41 87 52 57 73 37 25 61 45 14 43 19 62 74 3 5 22 52 41 10 50 0 80 23 51 40 39 50 66 91 24 57 88 71 60 3 23 56 91 4 83 61 73 93 39 7 69 73 48 32 70 62 70 42 44 40 24 76 12 56 31 72 61 91 50 34 24 0 21 0 55 72 81 18 43 81 94 63 44 25 48 4 96 75 23 13 70 25 42 98 8 88 82 20 92 45 58 9 
75 54 6 64 22 85 77 31 28 55 7 69 0 91 59 96 96 43 11 64 31 80 25 34 99 62 74 31 46 82 14 15 2 52 79 52 34 59 73 79 28 3 73 62 91 1 13 91 74 48 24 20 46 71 65 3 50 70 13 76 69 99 88 69 23 30 53 9 53 78 14 24 39 93 10 50 51 49 17 97 60 81 4 45 79 32 54 50 88 24 25 36 80 90 85 6 85 39 98 87 
15 90 44 90 86 45 52 48 24 33 81 84 52 86 11 10 75 26 23 42 70 16 23 31 79 16 85 55 97 49 34 77 67 43 79 59 56 91 24 81 96 76 47 69 69 91 31 27 16 52 5 4 42 90 39 19 43 1 99 36 94 43 39 80 1 86 3 96 30 83 2 44 1 5 32 39 64 0 31 53 73 40 4 52 87 35 61 3 27 74 45 88 40 85 39 4 57 61 71 0 
14 86 13 10 50 78 20 60 12 5 30 12 51 17 92 93 6 25 92 89 0 89 41 79 27 23 83 59 16 81 8 20 46 78 7 90 68 86 98 96 89 78 5 39 8 11 45 55 37 81 94 62 4 71 44 67 44 22 39 4 73 91 74 99 26 60 86 37 86 17 60 32 27 7 16 11 75 14 10 28 75 76 9 9 33 9 46 66 6 60 95 33 64 97 1 71 12 41 71 10 
84 59 96 80 91 29 11 7 97 86 0 89 8 28 2 94 19 22 11 12 22 98 91 15 74 77 89 24 26 83 6 78 86 32 71 3 36 30 57 88 96 19 71 73 93 7 60 23 40 29 34 70 62 49 86 61 98 70 41 39 52 64 82 81 61 25 53 62 50 79 75 14 75 34 75 73 5 64 53 6 90 20 53 59 96 35 98 20 76 48 31 56 64 75 49 66 56 52 46 36 
46 25 6 24 75 21 72 8 88 66 71 27 4 42 38 56 84 33 89 19 25 50 1 2 72 23 41 58 28 66 22 98 99 34 40 62 90 33 22 48 46 95 27 47 95 47 66 61 12 68 47 55 7 14 0 30 39 34 11 84 79 84 56 11 45 56 93 81 19 27 24 93 8 50 17 66 22 82 13 65 2 11 14 67 65 43 7 83 30 47 35 81 59 20 61 96 49 53 31 9 
10 85 79 32 69 11 57 23 89 97 26 85 98 85 81 68 80 37 12 30 68 50 5 28 28 88 89 97 6 7 40 9 20 60 91 77 14 74 87 66 76 7 91 92 38 28 27 14 54 0 69 26 69 11 0 10 52 34 24 13 0 45 26 26 20 69 0 31 94 51 94 53 12 89 94 51 60 91 85 64 26 28 35 89 81 54 90 51 17 72 54 4 84 11 47 72 22 95 17 87 
85 2 55 9 32 21 60 49 59 78 7 55 16 57 42 88 45 43 25 18 83 44 38 88 65 33 47 2 19 85 56 32 91 3 66 73 21 80 81 95 60 5 65 26 57 16 86 89 96 98 78 83 20 96 5 34 51 18 96 80 81 89 67 71 13 14 79 87 38 10 20 61 50 39 18 30 56 35 3 12 67 20 76 96 78 35 19 9 74 93 9 75 59 50 35 40 14 76 26 3 
23 20 79 70 41 99 44 22 70 43 64 32 80 87 65 74 20 69 16 67 63 95 57 99 42 48 84 58 15 43 98 46 24 16 24 39 77 78 73 67 61 69 42 54 58 32 75 84 51 38 0 52 41 81 33 35 4 27 73 41 66 56 5 16 6 3 32 43 63 57 58 36 75 71 17 1 14 4 60 24 54 82 10 33 61 23 13 76 28 63 32 27 49 36 5 16 8 90 75 11 
62 68 3 42 68 11 37 58 26 61 58 6 93 73 92 38 65 73 97 53 75 64 91 41 36 17 83 95 46 80 1 66 35 87 31 37 38 79 50 65 65 49 93 47 40 47 92 50 63 35 0 75 84 6 55 6 61 21 7 40 85 40 57 21 36 75 20 48 99 33 43 17 63 62 11 71 16 72 95 41 59 62 59 86 71 61 28 95 90 83 28 12 31 76 97 44 83 6 0 76 
7 60 74 3 48 10 75 77 16 52 52 13 79 84 67 9 32 70 86 43 14 82 91 46 39 87 7 62 88 42 56 60 60 52 37 70 9 16 4 69 16 88 89 52 85 19 98 4 8 35 4 72 86 56 89 51 70 41 12 27 53 21 56 53 40 60 93 18 98 88 67 29 33 78 64 38 97 33 16 8 50 93 0 66 53 84 68 47 2 1 8 12 48 33 56 7 70 38 10 77 
57 82 56 75 34 88 74 8 61 72 71 97 54 81 56 95 59 30 96 53 18 1 58 85 37 84 67 53 19 5 55 61 28 34 14 35 95 80 83 89 87 67 97 54 29 33 61 88 73 6 27 70 87 5 64 66 38 60 18 95 1 45 1 46 78 67 71 78 1 20 63 67 15 62 20 36 94 51 38 67 29 40 99 1 84 75 28 69 9 32 58 78 75 75 93 97 40 84 77 79 
19 2 50 83 75 16 14 43 45 97 81 40 86 12 42 95 61 4 59 33 25 52 89 54 42 41 73 70 0 2 69 87 25 88 19 35 61 43 39 46 27 73 88 43 33 78 66 67 54 20 65 16 31 20 99 46 52 28 57 44 49 22 35 26 76 69 52 83 96 34 13 89 91 10 25 66 20 82 4 82 72 51 61 6 94 20 98 23 96 80 31 24 96 60 19 59 3 41 27 70 
97 29 71 61 69 0 26 60 58 16 75 3 70 54 97 44 46 84 80 24 14 78 49 1 87 16 49 91 50 91 97 69 42 84 0 90 5 43 67 63 87 85 53 43 84 19 91 98 79 60 26 98 19 64 69 64 57 39 40 1 10 45 49 44 38 7 41 7 56 95 90 40 8 43 28 14 23 3 0 23 14 44 4 65 74 84 17 20 38 87 29 42 45 26 41 10 50 51 22 57 
85 20 41 10 84 64 13 7 46 63 84 36 98 84 70 20 15 80 25 2 91 78 4 6 74 54 99 79 12 54 59 55 37 74 2 85 3 98 40 19 53 18 3 73 44 72 96 68 95 26 95 33 35 2 5 60 82 18 88 85 11 33 83 90 3 49 91 3 54 51 93 85 57 87 56 29 54 21 9 84 73 96 62 94 54 5 96 44 39 68 76 49 67 93 83 26 47 1 97 54 
48 37 75 86 49 92 81 92 62 89 91 85 89 96 33 57 93 46 88 43 60 57 99 90 29 48 32 2 17 86 11 22 93 94 80 74 97 48 80 39 64 18 8 30 96 33 17 17 23 64 51 77 1 69 28 45 4 0 24 26 2 93 31 80 94 1 50 71 18 39 62 70 14 30 13 52 21 75 62 27 12 53 39 9 99 21 9 77 60 27 3 87 5 40 83 96 14 90 18 16 
66 81 70 76 30 67 13 54 40 26 52 62 88 16 25 76 69 27 52 72 66 31 7 45 70 81 72 21 45 77 64 11 16 90 22 74 24 84 66 17 69 54 2 91 8 9 68 90 3 1 42 74 77 22 50 31 58 66 2 35 43 22 27 41 13 10 32 67 70 84 54 97 41 95 6 38 23 36 18 34 38 57 31 52 85 30 74 86 68 81 45 12 89 5 65 25 51 57 22 56 
2 21 6 85 63 13 18 18 46 17 73 0 57 73 38 66 3 98 5 94 84 72 13 73 94 18 52 60 1 39 50 24 51 62 10 18 56 76 71 35 20 52 86 89 52 28 93 95 41 86 19 74 63 57 85 41 63 73 53 81 11 36 72 84 10 27 38 71 82 12 60 22 45 93 29 41 64 97 54 48 74 38 18 90 76 15 78 22 63 94 48 1 78 56 90 40 94 48 81 61 
87 22 23 31 85 41 30 35 40 22 22 88 67 10 85 11 39 26 12 80 54 89 8 36 73 76 35 47 55 41 17 11 91 64 94 73 1 42 33 60 76 14 29 36 82 42 91 17 76 33 11 8 92 15 23 77 13 34 42 58 65 70 44 86 25 35 19 17 12 61 37 11 76 9 15 72 42 90 29 55 28 50 99 50 30 42 99 24 24 4 84 12 97 15 47 89 1 28 72 87 
98 79 27 57 61 83 51 95 31 26 43 54 10 20 39 13 79 60 65 82 16 92 5 6 82 40 98 1 39 1 2 34 72 90 43 41 58 72 18 1 62 3 97 45 83 16 64 22 47 71 5 99 73 36 49 63 81 22 52 74 7 16 92 30 37 8 9 48 8 80 28 39 10 23 6 33 86 80 10 32 3 61 19 94 21 70 31 96 48 55 55 67 18 60 96 40 25 23 69 34 
30 11 65 85 44 71 11 34 3 53 13 84 42 64 27 64 6 32 4 4 33 80 69 49 60 88 4 52 33 45 54 98 84 66 49 34 26 84 1 35 62 71 85 77 24 98 72 77 11 57 57 52 80 58 79 27 67 26 77 45 80 1 17 13 82 11 4 11 50 72 50 96 72 42 1 72 33 62 79 8 1 9 80 56 95 27 21 50 85 25 43 88 50 63 26 58 9 47 53 96 
68 73 90 54 16 35 11 81 54 4 32 73 83 56 33 55 12 13 51 74 5 5 2 40 92 18 73 86 96 39 29 88 94 29 39 85 90 84 97 75 27 20 95 97 45 94 50 18 95 19 44 94 64 18 89 54 40 8 2 24 51 17 64 51 74 74 63 40 71 59 48 18 22 90 24 12 51 23 97 64 98 32 66 82 41 48 46 1 69 52 9 9 31 79 26 70 75 51 88 8 
10 26 56 64 41 10 22 21 46 35 44 42 75 90 63 15 60 79 79 82 36 86 9 49 31 19 87 53 66 88 20 89 71 19 44 22 75 24 86 5 49 94 65 24 5 76 72 13 57 59 1 53 35 63 75 59 31 99 90 99 6 61 87 54 63 1 14 27 80 56 60 15 61 28 4 1 29 94 80 99 17 37 28 25 53 81 27 96 84 78 12 97 83 29 75 47 73 4 96 37 
73 50 12 80 24 93 7 25 18 60 65 42 63 59 75 71 34 25 9 91 56 16 69 62 50 35 83 25 33 23 59 0 97 62 26 0 97 86 24 9 0 38 53 81 67 2 68 82 23 27 16 81 62 69 45 99 49 0 66 80 19 88 79 25 61 69 73 50 9 93 9 49 3 76 93 29 78 47 61 79 55 68 30 13 87 28 28 36 54 97 65 47 88 26 63 40 63 21 83 78 
42 72 16 4 80 38 85 10 55 36 83 69 62 10 21 4 1 51 9 56 1 46 8 67 3 29 25 0 1 92 30 42 51 45 38 55 14 5 85 51 6 79 66 53 5 67 42 49 83 58 82 39 85 87 43 23 45 57 47 50 99 68 47 3 4 34 38 5 13 3 1 89 12 50 41 55 39 65 37 81 22 35 77 50 30 4 37 72 1 66 46 25 7 19 85 68 13 89 14 19 
18 41 56 67 36 23 14 54 44 50 65 8 20 35 95 49 88 66 11 10 71 49 46 50 7 27 50 79 39 0 68 49 60 16 68 1 50 37 91 54 33 44 8 77 91 78 72 47 40 23 38 76 35 24 71 44 7 30 32 56 82 14 5 70 68 98 3 85 39 31 81 53 45 25 68 45 27 12 15 85 61 41 44 46 50 48 16 80 41 39 8 92 88 51 33 18 96 49 78 49 
66 43 32 68 80 16 30 75 31 90 33 27 87 34 77 73 51 42 46 22 43 22 78 18 51 91 96 51 30 71 36 33 3 8 60 78 99 89 70 4 15 90 7 23 51 68 35 53 82 56 62 25 4 59 22 12 74 50 10 50 81 22 35 50 70 62 16 48 61 32 80 7 7 30 83 88 44 22 72 81 4 44 66 69 13 77 80 83 6 8 90 90 58 5 21 88 32 73 90 37 
14 81 75 73 12 20 49 20 54 91 94 2 52 88 34 92 85 91 39 58 38 77 25 64 60 39 27 6 96 5 8 59 74 92 21 58 9 6 95 12 65 53 91 96 38 70 44 52 96 26 76 30 10 69 39 63 51 94 5 40 83 95 31 54 82 65 36 61 26 35 43 47 86 67 11 18 59 41 74 33 18 59 23 2 2 28 24 29 24 21 27 0 56 1 59 52 5 84 61 22 
35 46 59 30 24 9 52 96 14 44 9 80 52 82 28 52 11 30 12 98 30 20 52 68 91 92 91 6 76 81 55 90 21 17 37 60 12 3 65 3 19 29 1 88 25 3 59 96 40 84 66 64 49 39 90 68 76 60 33 27 85 41 32 53 43 23 46 58 77 57 21 15 71 7 6 82 61 11 39 27 41 96 60 40 25 10 7 97 44 2 27 16 86 26 54 39 74 4 25 67 
43 59 13 15 36 22 52 10 77 44 78 77 75 40 96 36 63 13 20 26 6 76 50 68 63 49 43 14 65 32 48 92 62 14 85 96 1 82 66 7 52 59 70 85 49 54 51 48 26 77 1 36 82 76 50 29 90 7 69 93 12 11 25 25 79 8 33 57 91 31 82 70 26 57 96 32 47 44 4 0 42 80 73 79 41 61 75 7 5 11 88 90 87 13 69 49 1 78 76 39 
48 9 34 82 68 25 92 37 66 44 5 35 32 15 14 46 26 86 48 67 44 52 50 30 11 6 32 73 33 9 83 21 19 56 27 88 9 62 77 97 13 92 4 89 79 27 54 74 61 9 58 97 29 76 82 12 47 27 34 60 1 67 79 57 36 45 4 87 41 54 28 11 8 87 90 91 96 38 10 70 46 17 65 8 54 6 3 72 36 74 30 99 67 69 6 76 4 46 43 4 
81 0 6 24 80 97 55 57 85 58 18 15 94 98 65 69 66 81 50 28 96 48 14 5 82 80 28 80 74 96 90 19 80 80 89 20 71 54 59 30 16 73 70 33 64 72 26 75 46 59 47 29 93 82 48 79 31 47 95 13 78 0 66 71 78 25 45 54 4 90 2 7 52 93 37 19 89 23 16 75 33 11 38 38 3 70 33 49 53 33 41 22 89 88 55 57 47 49 96 90 
8 33 47 11 82 1 21 45 52 3 38 77 95 57 18 57 80 46 69 34 88 84 92 68 94 98 17 28 20 79 80 2 25 15 35 55 57 37 68 20 41 60 5 80 28 1 72 58 54 68 95 43 1 27 54 15 89 61 43 29 56 60 91 68 46 96 6 78 57 16 79 32 96 46 61 40 25 59 36 62 73 66 89 39 19 38 55 33 83 8 67 27 44 50 75 8 67 4 68 73 
59 8 45 4 30 5 54 2 69 36 66 89 87 35 61 15 98 77 81 69 99 37 19 15 67 58 97 15 69 31 37 92 29 64 40 37 2 53 67 38 77 10 38 70 98 63 24 82 54 84 31 45 65 43 4 8 37 76 44 24 71 70 28 78 2 80 26 38 85 3 26 75 87 82 80 10 85 78 98 13 0 15 60 18 94 90 94 79 26 76 54 76 42 43 27 32 67 40 84 20 
25 97 85 98 73 68 43 88 69 36 71 3 7 78 9 59 4 70 65 24 3 47 21 87 24 76 24 41 46 73 50 7 84 81 73 14 67 29 92 57 85 25 66 37 80 93 6 41 66 11 96 98 95 27 54 12 11 55 44 22 86 57 76 58 2 29 54 60 92 43 87 41 45 1 13 27 78 64 99 47 21 37 36 14 94 70 21 16 2 2 82 78 99 21 38 77 93 83 28 56 
72 8 32 43 73 84 38 36 93 44 87 34 59 72 5 71 53 10 38 2 78 35 72 74 22 10 95 42 55 50 98 17 23 99 91 35 38 26 78 25 77 99 59 33 47 8 23 30 83 1 76 83 62 76 80 93 90 14 29 34 91 37 73 48 53 39 75 34 51 47 0 73 11 83 56 14 97 34 50 74 28 6 61 42 90 8 47 48 95 10 38 16 54 82 62 76 71 74 90 96 
41 95 82 53 70 58 36 54 66 68 13 12 89 77 3 72 75 15 13 39 94 55 43 82 7 88 42 89 77 91 86 48 6 91 62 96 90 10 11 7 89 99 78 40 64 77 99 9 44 45 90 57 38 56 83 72 22 59 0 65 65 98 72 63 64 77 89 87 4 65 51 65 78 12 11 13 48 56 33 56 33 46 58 51 71 32 20 67 20 63 87 34 93 15 39 17 7 7 79 70 
70 41 6 63 94 93 49 12 58 73 40 98 90 66 0 60 2 89 64 55 63 36 90 56 44 14 37 61 37 55 16 48 43 29 50 6 36 92 36 72 80 76 14 86 8 17 5 81 66 14 48 95 93 74 38 80 99 79 32 87 4 71 24 77 72 9 73 45 20 23 11 54 89 57 61 53 26 43 97 34 91 75 92 55 98 13 23 10 64 14 9 96 3 30 58 75 35 41 23 33 
71 4 91 9 58 61 46 34 25 56 36 98 2 56 0 13 41 49 13 77 46 35 8 28 3 43 51 47 35 64 98 34 60 46 93 46 17 78 85 38 99 64 18 73 53 56 31 50 66 79 8 2 70 10 21 62 23 52 32 60 9 40 49 83 35 65 35 28 64 49 46 85 22 44 74 20 59 94 63 25 25 65 79 60 98 19 96 87 55 32 2 32 84 41 47 93 57 69 6 48 
23 30 84 30 10 2 77 55 93 99 94 68 19 68 67 88 17 95 28 30 8 55 0 75 48 21 17 79 29 6 33 18 40 30 76 41 58 12 99 17 61 16 9 15 59 17 52 77 7 48 38 96 96 29 33 58 53 53 39 2 35 16 46 9 65 99 50 23 6 44 48 39 26 77 12 47 97 35 78 12 45 44 98 60 18 58 44 9 48 57 41 93 35 75 43 50 6 43 54 92 
38 72 36 8 84 26 94 84 38 81 65 64 38 25 0 39 11 78 82 11 36 1 6 25 2 59 93 24 93 12 24 31 50 62 47 37 56 24 65 85 89 81 32 66 82 53 20 57 97 25 63 37 21 6 76 45 87 72 68 76 28 76 80 5 19 20 64 30 25 45 23 51 42 22 69 38 6 35 57 81 71 4 7 86 36 2 37 10 18 22 76 6 67 18 29 82 29 45 8 10 
67 83 49 21 98 59 70 91 33 30 28 48 41 77 37 47 36 75 66 12 36 46 28 36 96 38 0 37 42 5 7 65 23 8 83 48 67 46 64 30 79 12 37 37 28 81 47 99 41 55 94 86 92 14 73 17 97 15 73 86 68 64 53 69 60 82 13 52 12 38 82 46 56 4 76 5 27 81 31 47 36 24 71 45 51 27 95 51 13 15 48 54 62 54 77 51 74 71 14 96 
62 19 98 92 5 42 53 75 50 71 90 83 60 77 31 36 83 90 82 3 81 49 13 5 21 39 49 38 54 1 84 16 35 73 46 40 93 82 0 52 82 85 92 26 53 93 0 84 78 34 90 92 32 81 39 78 87 47 3 8 87 39 5 93 54 16 71 57 17 60 32 76 90 82 76 16 80 66 84 20 99 58 47 27 62 87 55 18 83 42 48 97 17 69 78 43 55 64 85 31 
36 60 54 98 50 25 52 22 68 7 12 17 55 28 48 11 91 59 73 12 74 16 92 2 21 95 58 93 23 66 36 75 66 18 86 6 19 72 30 32 73 8 67 55 33 7 62 69 4 74 25 53 70 29 19 6 65 33 23 8 13 0 76 93 23 15 40 66 60 18 59 62 11 9 51 85 65 27 25 49 76 22 31 9 62 74 40 55 52 79 99 95 66 79 92 80 16 17 75 47 
53 19 91 46 95 66 50 36 60 79 77 58 83 8 62 55 14 5 12 10 3 85 67 3 60 48 41 53 80 5 45 64 54 99 77 15 96 87 73 75 41 93 26 92 58 57 12 39 75 16 23 34 8 11 63 20 93 17 19 56 83 76 80 67 64 46 79 55 19 93 16 11 72 96 51 72 64 71 91 87 64 25 65 68 14 5 75 73 37 96 90 20 50 8 37 16 94 84 55 75 
22 18 91 27 65 12 69 10 57 72 64 24 85 22 2 91 65 95 75 66 38 91 54 69 68 63 92 12 37 97 2 74 99 51 33 44 77 34 33 9 90 94 50 25 51 94 30 93 34 58 58 77 62 44 14 84 21 83 72 63 92 73 56 44 2 93 96 93 7 48 28 26 10 23 55 31 85 56 52 62 84 52 38 19 13 62 12 69 86 30 91 16 7 64 85 67 10 94 86 47 
68 79 49 81 57 58 33 97 55 30 41 75 11 87 81 55 41 49 90 87 70 75 51 96 6 19 29 49 99 19 64 50 82 15 55 45 36 14 65 49 45 99 37 0 40 17 8 15 12 8 93 91 37 78 5 62 94 56 31 50 5 85 41 53 87 77 45 50 78 25 79 51 44 43 84 28 18 20 22 71 97 9 72 88 51 10 61 55 50 88 4 59 60 23 87 17 27 47 88 85 
7 2 27 13 24 78 97 8 25 47 21 36 17 23 81 83 37 93 79 82 34 32 96 87 57 76 52 41 92 47 52 30 80 77 45 80 99 52 94 11 70 37 15 98 66 14 6 63 11 98 6 64 83 98 63 35 84 10 10 66 88 91 81 52 43 94 24 42 95 9 61 70 52 44 69 84 55 19 8 45 19 77 8 24 80 68 57 27 23 0 51 7 95 97 14 48 74 13 5 63 
83 61 23 68 3 35 3 62 69 0 47 37 3 67 71 32 49 17 37 14 52 74 56 53 3 80 37 1 13 78 21 43 47 52 72 54 79 62 89 78 74 22 91 98 98 50 68 57 99 89 32 1 74 72 56 68 50 19 96 20 59 14 17 60 80 27 39 28 1 57 18 9 13 17 40 17 68 91 26 81 45 27 6 19 26 54 69 51 19 28 12 37 72 27 32 33 21 24 58 49 
16 4 36 50 38 46 97 5 74 42 23 60 79 5 63 57 67 92 1 51 3 86 41 7 76 42 89 52 54 20 63 34 33 67 73 31 50 3 39 63 67 0 57 21 77 30 71 59 21 10 9 15 73 1 42 10 88 64 59 50 40 20 95 54 23 58 14 88 24 50 11 50 63 43 82 1 56 74 5 60 40 44 5 4 77 53 13 87 23 47 75 66 86 62 62 78 50 41 99 34 
52 77 22 83 71 1 36 76 43 77 11 20 1 82 85 49 79 82 16 30 17 61 49 81 44 52 44 57 42 29 47 57 31 78 95 34 98 52 75 29 15 7 67 25 15 93 0 91 16 96 56 58 43 24 17 14 43 93 88 72 20 12 8 16 8 75 81 2 40 90 13 84 86 69 90 12 14 95 88 9 39 36 37 48 96 6 34 94 58 84 48 58 35 35 40 44 3 26 3 7 
62 89 13 75 91 61 67 48 31 90 39 92 45 72 35 0 68 90 73 56 5 31 78 45 95 23 64 16 21 18 22 63 83 75 26 71 35 20 24 22 57 24 30 36 4 9 25 69 44 7 63 9 53 97 35 46 9 82 80 81 5 71 34 3 87 55 57 55 72 46 83 13 44 67 88 40 70 20 93 39 6 7 18 5 73 50 15 71 44 70 48 62 47 73 71 90 87 85 94 12 
65 36 10 59 77 61 67 49 7 3 53 47 65 53 2 99 53 54 13 20 60 58 7 88 15 8 4 5 90 69 85 37 58 20 35 84 95 72 1 78 21 96 62 25 22 25 73 23 57 5 35 80 50 65 23 31 90 28 2 91 96 95 21 64 72 64 94 9 70 79 12 88 98 65 7 88 11 83 33 15 98 99 79 32 97 29 42 66 63 81 46 46 69 99 23 1 38 95 29 10 
3 42 10 6 38 76 18 17 59 39 80 20 27 32 90 48 49 37 1 14 39 51 10 26 66 65 28 65 32 72 78 50 53 5 56 41 79 28 57 79 23 85 56 61 45 64 76 55 46 21 55 66 96 18 10 45 74 29 53 48 78 93 55 54 8 91 97 37 11 16 26 31 81 98 30 28 62 56 16 69 25 65 14 55 96 63 32 36 74 39 13 77 41 13 74 1 20 10 7 81 
65 38 59 57 83 0 85 89 68 30 28 3 17 1 4 88 43 64 30 66 72 96 3 25 33 92 20 64 34 86 68 2 86 89 96 28 33 32 63 21 95 11 98 21 47 77 43 46 52 66 30 80 74 78 2 71 76 18 80 71 21 89 25 31 93 97 83 8 98 83 86 72 89 92 15 82 70 89 61 85 51 46 90 93 80 51 47 0 4 83 80 41 18 76 38 45 86 54 94 55 
42 23 3 97 40 23 39 31 66 86 82 32 44 46 43 67 44 25 26 40 64 39 78 82 19 15 87 27 9 84 15 74 53 74 42 93 16 62 30 75 47 26 12 23 47 8 88 94 60 62 83 22 45 42 39 63 82 26 7 34 87 15 64 72 20 2 23 99 63 28 55 43 50 54 45 4 25 7 63 55 8 72 10 22 49 44 31 40 95 46 52 93 51 67 94 6 53 61 17 92 
39 72 84 87 10 63 31 88 82 46 42 86 98 81 54 21 90 29 90 96 68 89 28 45 82 65 32 95 63 49 50 23 12 80 19 50 51 59 32 38 68 99 66 18 4 64 53 43 60 50 55 36 11 57 96 2 34 27 8 77 51 84 96 85 64 35 69 0 34 36 5 16 81 37 51 36 93 44 57 83 93 53 4 56 96 96 67 79 77 42 16 84 83 29 20 14 85 85 78 31 
38 32 53 94 60 28 77 83 94 27 75 78 40 55 47 43 85 40 11 73 59 95 25 73 50 32 74 13 14 46 29 20 11 69 6 21 26 8 99 60 62 68 34 71 90 5 69 73 72 32 10 15 34 4 75 88 9 57 93 67 32 98 71 78 94 50 6 17 74 45 71 91 49 71 80 83 48 82 22 83 45 67 74 14 8 87 70 32 39 12 3 27 29 53 25 31 54 62 22 41 
80 71 19 59 67 88 47 70 31 29 61 97 18 59 25 17 29 27 22 34 52 61 10 26 48 23 49 35 55 75 38 29 96 86 4 0 61 23 88 99 67 60 44 30 37 67 76 13 51 35 10 77 52 12 47 31 2 52 68 35 21 40 94 59 55 55 94 47 62 25 43 11 22 50 1 23 73 31 26 98 16 97 19 2 40 25 94 87 85 17 13 99 5 21 13 44 32 72 20 20 
