60 43 93 16 75 64 88 82 50 35 63 47 38 24 29 98 48 5 13 49 83 17 61 8 96 17 38 9 34 4 25 32 23 18 22 74 40 52 15 36 52 25 36 74 61 0 24 68 14 76 18 71 80 28 32 33 41 4 8 85 22 47 6 15 17 88 81 26 82 30 81 75 88 15 40 49 70 52 20 9 3 57 8 12 33 53 47 26 53 91 49 82 27 32 7 35 35 31 13 29 
60 40 22 53 21 77 80 84 89 94 5 39 71 73 9 59 58 33 76 3 5 10 62 95 83 53 69 97 96 12 52 74 83 21 10 82 71 68 48 97 27 37 6 7 39 94 59 48 84 77 24 3 35 42 99 32 33 72 68 92 49 48 48 34 34 45 48 31 58 90 88 45 63 57 85 84 50 10 55 17 18 87 35 59 10 81 28 70 65 47 88 69 4 29 74 85 41 52 86 60 
95 0 32 31 94 94 8 98 44 55 45 79 44 69 53 58 54 72 9 29 80 68 9 36 99 5 90 42 44 78 66 52 89 66 96 57 91 92 44 35 58 51 65 89 91 26 93 81 24 44 17 36 56 61 54 88 66 98 4 29 64 60 41 16 40 73 51 71 38 56 97 37 87 64 35 40 2 25 9 28 35 71 18 92 84 48 13 82 67 54 15 15 96 32 62 47 49 87 86 30 
63 24 11 36 91 44 94 71 93 4 55 62 99 78 94 36 29 52 44 29 56 96 8 68 49 27 23 38 39 26 13 26 75 1 61 25 23 26 39 88 64 94 88 63 89 74 81 53 5 25 44 66 52 64 19 71 9 14 46 32 30 52 28 62 25 60 97 52 30 22 50 7 88 27 4 45 4 14 37 30 3 87 80 52 0 13 40 9 6 55 96 66 71 83 78 15 41 99 37 20 
88 64 95 22 88 3 98 1 8 69 37 32 92 90 54 4 39 85 47 10 84 15 73 4 37 14 37 68 32 56 66 93 1 64 57 94 93 50 8 58 90 29 76 95 19 18 72 97 37 31 71 40 29 59 77 93 0 88 23 78 85 29 43 25 2 50 14 97 14 0 36 25 69 61 39 62 40 55 44 96 90 87 94 78 7 82 48 9 93 67 81 44 96 20 30 57 18 66 24 75 
71 45 55 77 25 85 94 22 27 49 80 57 91 74 86 38 62 43 61 21 75 30 39 71 74 24 21 60 70 40 32 84 64 81 9 40 99 69 29 30 29 16 28 59 59 22 4 77 48 36 62 17 34 33 13 71 74 40 17 24 9 12 38 46 70 33 77 98 93 29 51 87 37 1 42 7 7 84 56 26 99 56 65 77 22 84 70 31 92 66 22 97 11 74 62 68 12 27 45 97 
6 97 26 0 87 50 8 60 9 24 5 90 26 23 86 71 52 75 99 11 41 61 8 20 84 99 75 20 90 52 31 98 63 21 64 18 32 8 52 71 71 91 33 12 86 65 51 98 27 10 8 49 7 53 51 57 61 41 70 19 49 33 56 63 18 65 2 60 63 52 0 15 57 79 42 13 78 34 47 40 52 9 57 14 57 2 30 27 73 6 92 56 80 24 80 4 54 9 60 24 
20 56 16 93 61 2 53 52 14 54 1 42 85 13 62 61 68 68 63 11 76 12 7 92 15 47 67 93 11 45 13 43 52 98 70 93 69 54 10 30 54 45 46 3 89 72 23 76 30 39 32 8 55 65 63 66 35 21 80 93 98 86 55 63 22 17 29 30 33 13 4 55 31 91 14 47 45 19 59 91 10 75 94 47 25 79 2 23 99 97 89 88 46 90 64 68 66 52 68 8 
95 69 53 42 24 80 9 24 35 43 11 43 52 29 72 75 58 24 78 46 7 29 32 91 83 99 77 81 73 41 64 24 29 32 55 12 61 61 70 72 2 38 7 44 49 23 32 1 26 47 4 64 8 32 50 2 98 3 78 35 70 23 29 62 34 25 99 28 43 84 7 19 14 22 59 13 0 78 0 57 94 80 12 9 93 22 86 44 10 44 7 2 65 66 79 1 7 88 25 63 
17 30 34 54 4 26 98 43 85 79 13 30 54 71 82 20 66 47 58 2 95 40 91 29 42 6 33 6 35 41 93 24 44 48 32 20 30 93 82 65 65 76 43 0 92 48 54 13 7 87 80 79 62 65 75 36 66 43 16 69 6 56 50 64 26 49 53 18 15 89 45 24 39 23 62 37 26 91 83 10 45 22 10 40 78 70 60 52 12 45 17 5 65 85 98 11 13 80 20 8 
72 57 48 99 55 99 14 66 31 92 46 72 15 96 34 72 75 59 96 77 33 76 34 86 86 96 19 60 32 19 27 37 15 89 71 11 6 87 78 42 79 95 71 38 70 53 12 52 10 80 55 54 60 69 95 10 39 41 22 19 88 9 32 14 15 61 10 92 63 1 7 71 71 92 10 82 0 38 78 52 33 37 31 32 69 18 6 62 88 52 66 38 64 57 68 34 37 65 52 77 
74 20 85 85 2 91 31 56 79 89 63 59 63 42 34 71 48 20 1 20 24 46 29 34 20 73 3 54 12 73 34 10 32 24 36 41 93 81 89 85 59 15 2 94 73 27 29 97 30 72 58 20 35 85 45 74 97 64 9 50 60 9 80 9 7 89 20 19 62 0 94 69 98 57 36 28 1 40 0 85 90 96 87 22 69 50 64 56 45 34 57 57 1 9 70 99 86 91 64 22 
23 37 40 79 38 85 73 94 78 77 51 13 52 22 33 5 3 38 92 24 27 23 28 71 48 61 68 47 26 6 69 15 16 29 8 96 99 5 25 79 64 14 42 34 49 72 15 45 40 24 53 63 16 35 2 74 8 2 90 91 1 42 3 13 75 27 2 7 7 52 75 28 16 48 80 39 92 40 87 39 48 3 93 97 98 71 95 7 49 82 71 11 94 39 38 61 98 66 73 41 
4 29 8 12 49 85 99 33 37 45 39 75 20 17 43 25 68 33 59 1 36 3 72 64 1 1 82 90 77 96 98 97 78 70 13 24 39 19 45 87 52 11 96 32 78 25 86 83 2 22 54 45 60 11 1 10 31 69 46 93 30 84 38 56 23 42 80 16 95 88 90 18 18 89 90 79 41 98 27 21 21 71 3 54 41 8 22 84 99 77 80 18 7 78 39 30 49 45 37 27 
16 18 92 81 23 37 53 43 18 62 90 25 20 78 3 62 28 40 82 63 1 95 98 36 15 73 33 46 43 75 50 90 98 12 58 73 37 70 52 73 19 88 50 19 11 9 54 97 96 37 55 62 82 57 25 75 95 51 78 33 70 64 17 28 98 25 51 98 74 72 97 12 11 60 73 76 79 90 24 44 17 10 59 42 25 65 49 57 42 39 44 30 72 8 43 22 67 59 88 67 
25 95 26 25 23 18 41 35 23 87 53 11 56 55 39 98 62 49 97 91 84 82 25 82 72 67 37 8 85 1 37 65 26 20 20 0 46 78 23 14 87 26 48 65 8 79 23 3 2 11 35 12 77 38 67 44 67 69 40 13 60 51 54 83 94 93 27 84 32 77 11 34 60 33 22 63 61 44 27 5 64 78 93 46 70 16 3 9 3 7 99 57 97 93 46 90 20 31 98 14 
29 93 77 61 41 35 23 16 31 89 18 87 48 82 44 73 10 40 52 76 67 39 64 49 23 59 43 57 41 11 23 17 46 63 21 99 42 56 3 65 31 38 17 45 63 51 24 34 33 19 20 22 27 22 57 89 35 29 59 33 7 43 24 46 54 31 54 59 51 20 14 70 68 32 0 13 64 77 12 93 76 71 97 63 96 81 96 32 16 67 27 5 12 72 62 8 17 30 81 62 
69 15 15 18 75 21 95 0 51 56 86 37 34 37 64 86 29 70 10 63 50 53 71 71 28 7 69 72 28 70 90 0 11 29 68 49 82 46 50 21 0 44 96 43 31 2 53 56 94 43 94 49 13 16 62 64 69 91 12 58 42 13 89 40 98 50 35 0 79 91 97 34 36 1 59 82 52 36 80 44 72 87 46 55 10 30 30 30 1 95 61 49 75 70 6 22 65 30 17 27 
54 93 23 67 58 15 31 79 44 89 16 27 86 85 68 1 8 24 53 17 27 61 90 49 72 64 20 64 60 89 50 45 17 66 69 93 78 42 4 49 47 96 55 25 4 59 65 62 35 71 32 52 0 92 8 88 4 5 37 51 75 76 41 27 14 12 63 56 21 39 5 69 34 5 71 97 74 24 13 6 12 29 87 0 15 60 95 15 71 84 39 49 11 41 99 1 13 77 17 7 
86 56 67 3 68 15 29 7 57 96 88 59 58 4 58 33 12 1 67 77 69 5 3 94 83 66 5 22 44 95 30 75 90 14 91 70 73 72 81 32 20 55 6 2 17 19 4 62 44 83 43 40 23 92 20 30 51 65 41 98 1 77 56 59 19 30 78 87 73 39 62 52 80 81 82 74 98 9 70 11 41 6 81 28 16 13 40 8 20 84 23 34 40 50 33 32 79 23 39 53 
81 96 30 22 28 90 5 73 0 96 25 73 46 6 3 90 61 88 93 88 69 69 45 86 75 60 54 9 17 40 49 97 76 35 27 39 4 90 99 51 55 15 19 16 76 79 74 66 1 21 68 67 26 98 61 37 84 2 99 47 26 63 23 70 95 1 50 70 88 93 56 21 87 82 56 83 65 25 90 83 68 60 69 89 64 46 37 28 38 48 64 74 9 7 42 81 5 16 47 28 
77 8 8 51 49 33 30 23 88 72 54 29 62 5 24 97 65 57 67 22 38 58 68 61 46 52 62 61 34 57 89 29 42 77 86 0 88 48 51 59 33 85 4 18 76 40 44 16 92 38 88 40 46 4 16 16 34 73 71 67 6 12 30 32 99 41 96 16 81 91 52 24 65 22 46 47 29 62 95 5 14 63 3 93 85 10 0 61 8 52 61 47 70 22 80 1 77 73 72 77 
31 78 17 22 95 13 61 79 1 49 27 33 85 39 22 87 72 12 32 49 84 28 63 36 73 5 0 77 83 11 95 76 70 38 82 64 11 80 93 28 5 99 49 80 0 2 19 43 21 67 40 19 26 13 75 31 55 35 38 40 69 61 40 72 90 81 7 71 82 53 61 66 76 22 49 93 32 57 11 47 71 73 44 5 3 48 99 15 85 26 98 78 96 90 25 7 48 0 67 2 
83 51 19 94 50 44 7 64 67 38 46 75 26 51 79 23 2 35 40 1 94 84 64 17 7 1 68 53 27 72 28 58 38 33 89 64 52 76 86 58 68 50 12 90 83 2 70 62 84 51 5 52 38 56 79 28 86 64 22 3 35 23 4 46 48 53 64 55 37 41 71 47 76 57 64 81 65 40 93 82 87 32 76 61 6 10 4 53 98 78 15 41 49 59 99 83 27 98 76 4 
25 13 66 78 45 28 64 27 28 31 12 18 65 83 31 76 76 57 19 72 50 7 39 74 68 2 71 56 98 88 57 38 93 15 95 72 6 93 6 33 53 90 74 15 14 70 55 68 27 99 92 14 98 51 26 3 52 94 63 98 62 43 75 38 47 19 34 20 99 50 23 59 15 44 53 20 8 63 36 66 96 47 75 7 70 6 43 15 62 18 34 77 1 11 69 16 90 77 14 27 
49 29 51 56 18 75 67 94 1 96 66 57 13 61 75 22 47 68 27 91 13 13 37 72 6 44 16 67 83 61 53 33 51 92 29 65 31 42 93 32 89 35 68 50 41 21 53 8 12 65 86 2 85 65 72 0 82 22 60 47 52 87 17 89 49 65 99 21 76 89 95 75 14 11 76 16 1 52 21 16 2 25 64 9 54 73 63 88 39 29 17 5 16 91 99 16 67 78 39 45 
48 40 53 35 98 87 56 76 75 28 11 39 91 41 5 64 57 21 49 1 75 78 70 9 23 90 39 13 2 22 30 84 92 71 2 31 4 61 9 49 9 74 11 13 37 71 60 42 57 9 60 14 58 11 45 54 46 46 0 17 2 21 24 11 22 38 31 91 45 60 43 40 75 30 56 45 72 5 50 44 79 49 78 40 70 78 28 25 24 76 32 7 53 31 9 53 77 13 80 17 
72 80 1 13 75 85 44 84 42 33 96 25 46 41 36 2 73 17 48 65 90 77 69 36 57 76 40 63 25 84 13 82 21 45 61 87 71 9 81 53 69 77 91 2 70 30 22 93 39 42 37 71 66 59 0 63 61 44 82 85 63 55 74 37 68 83 73 43 87 92 68 48 57 91 30 78 95 42 43 53 50 91 63 3 10 84 33 89 53 87 96 50 14 47 99 72 2 82 22 80 
73 64 88 75 48 97 80 50 62 22 29 21 36 74 25 40 38 62 63 22 70 93 16 51 99 58 7 15 58 35 96 27 79 15 83 44 36 9 40 69 2 31 90 18 1 62 68 19 60 87 4 9 91 47 46 35 28 41 7 39 49 28 87 0 13 76 39 7 24 17 51 81 43 7 95 99 31 26 0 71 14 98 90 39 41 31 92 43 79 29 91 88 61 50 90 37 9 62 37 57 
57 36 53 51 74 44 96 65 88 72 1 81 3 87 42 43 90 30 96 34 56 69 71 49 0 22 71 73 33 7 73 94 62 46 90 5 46 12 33 88 47 35 87 24 88 25 68 58 52 25 39 65 53 24 82 47 10 62 28 94 76 90 31 57 7 31 46 59 71 69 33 47 93 51 78 37 24 2 28 59 55 30 69 12 68 44 10 81 17 56 34 81 95 39 47 62 77 3 0 84 
90 18 42 62 89 20 61 75 31 89 33 67 65 59 74 42 84 20 93 28 55 86 61 69 37 2 12 31 94 10 77 45 70 79 58 62 43 42 29 55 53 70 53 6 68 22 74 16 54 99 56 67 8 2 88 19 46 71 35 57 32 60 33 62 75 51 66 15 75 50 46 81 35 82 6 75 24 33 60 81 21 7 47 55 98 86 28 14 94 22 12 15 7 2 60 46 97 56 73 96 
18 74 8 52 76 7 65 82 35 99 29 77 89 19 62 20 63 52 98 99 14 48 27 11 46 6 90 97 21 93 37 22 47 11 51 53 9 46 21 73 87 64 46 70 59 27 88 33 54 79 84 38 33 23 48 29 53 85 54 12 62 42 36 84 82 57 78 95 24 47 56 69 7 35 44 78 25 3 94 2 28 11 74 86 43 36 98 30 80 12 89 3 29 3 67 79 56 41 66 79 
43 43 0 1 68 54 62 49 46 72 8 17 92 28 98 91 93 60 19 78 56 25 35 13 93 89 50 11 48 21 91 0 14 44 39 3 21 24 7 16 3 68 38 63 26 38 15 90 30 49 5 12 20 66 0 7 50 62 21 59 10 91 69 71 11 48 79 51 26 53 90 75 78 48 84 79 26 17 92 79 27 73 5 81 56 69 64 36 96 67 72 44 11 41 48 68 76 65 8 62 
27 10 24 41 78 12 62 99 33 73 30 9 86 18 87 36 61 72 43 49 20 33 46 57 62 97 15 86 73 57 8 96 73 29 61 55 39 81 75 7 94 78 69 57 5 18 6 74 42 78 52 50 69 98 41 66 51 46 96 81 96 62 10 48 63 15 85 48 90 53 80 56 74 5 16 23 7 24 3 94 19 86 16 62 55 91 71 81 83 12 49 66 35 10 61 26 70 32 55 77 
90 46 89 42 11 92 17 30 13 99 39 77 20 98 59 38 19 17 9 16 33 15 71 9 5 72 2 44 80 49 97 21 27 22 30 0 91 8 18 26 70 29 60 35 58 13 9 53 92 35 10 59 61 6 93 69 87 4 89 51 27 64 5 49 14 99 86 39 78 58 40 16 22 9 34 27 84 95 61 3 38 80 84 7 67 7 53 99 20 78 65 46 51 7 48 57 94 72 95 42 
10 40 67 64 6 51 15 18 63 8 21 82 82 42 25 32 68 34 57 39 72 14 96 27 38 40 26 28 39 84 11 34 77 24 59 89 52 51 41 11 70 48 87 0 7 24 86 77 19 1 78 88 8 16 28 38 90 61 10 70 81 65 43 14 75 41 76 68 90 85 74 55 29 75 4 61 25 42 99 94 25 61 64 66 14 0 66 28 14 97 46 53 81 58 87 19 10 90 45 68 
8 81 60 33 36 86 80 62 80 0 88 9 32 58 63 23 48 70 34 21 35 39 76 94 95 87 91 29 40 1 3 82 21 80 96 74 72 3 95 19 41 13 60 56 3 8 59 92 54 6 72 12 52 49 49 12 5 28 90 31 28 37 86 26 9 72 37 77 56 55 32 75 71 16 45 39 39 56 39 3 43 9 44 42 73 50 49 9 89 37 73 17 19 26 98 71 76 66 21 87 
24 31 44 62 31 86 89 7 90 12 96 76 83 25 65 86 59 66 31 13 22 54 48 25 32 64 51 49 91 15 74 16 53 53 55 42 40 88 61 15 83 22 58 83 74 52 4 33 41 53 53 45 36 31 75 28 67 75 56 13 17 57 73 23 34 11 89 56 46 70 49 60 90 60 21 59 9 0 49 43 31 31 9 81 64 9 2 41 36 51 62 75 42 14 18 69 67 59 42 47 
93 24 92 42 96 68 85 60 75 67 8 79 53 56 28 52 61 70 97 90 28 52 22 70 55 52 25 93 33 51 13 9 54 95 20 40 59 52 21 67 88 59 77 53 44 12 78 19 80 51 79 67 10 34 89 59 67 57 1 72 55 70 4 94 60 9 11 3 22 54 71 52 61 38 67 10 83 20 63 61 99 69 57 49 27 17 90 58 86 64 36 25 69 3 53 47 7 8 66 90 
2 77 9 42 64 79 84 10 94 94 23 19 64 22 55 44 69 58 88 6 17 20 40 45 56 32 1 68 84 14 5 66 93 93 16 58 32 69 78 44 82 51 65 20 43 28 21 71 6 43 10 35 23 91 78 32 7 8 60 16 74 69 0 3 38 70 39 75 26 50 58 53 26 8 70 53 66 14 54 23 50 90 93 34 64 24 34 25 94 43 77 72 89 59 78 48 22 12 68 62 
4 77 83 13 86 11 22 93 27 95 76 35 23 85 41 83 92 47 75 41 29 53 70 75 38 90 53 21 40 51 89 42 49 86 67 75 99 74 37 78 81 1 89 80 99 46 94 17 60 40 63 99 9 82 25 90 87 49 23 51 36 87 63 64 42 97 44 31 80 7 7 97 45 7 86 5 90 19 63 65 75 63 36 64 1 42 67 36 35 36 5 6 62 20 50 68 58 78 99 14 
57 24 55 0 94 73 15 67 86 22 62 42 10 60 27 3 58 46 56 58 71 3 6 93 51 82 82 49 65 82 40 32 35 0 10 95 0 43 40 62 61 34 73 93 31 87 84 29 38 32 87 60 49 18 52 65 10 34 63 96 59 39 91 64 29 11 4 78 63 41 44 93 62 3 49 14 0 89 43 58 47 45 30 97 84 93 85 9 27 6 60 16 69 98 32 99 35 65 5 35 
80 71 68 36 82 5 82 96 73 84 59 49 37 26 83 22 17 96 74 58 3 59 18 82 46 60 62 64 26 33 17 81 74 93 68 77 60 52 95 19 1 81 41 66 34 13 23 74 18 39 67 84 13 54 14 49 38 67 98 96 16 25 47 50 62 75 24 41 44 20 86 21 64 33 85 50 12 80 90 18 22 18 68 30 13 17 93 2 90 16 80 70 39 45 73 34 55 5 64 27 
63 85 85 95 66 78 39 81 91 29 64 41 18 77 37 17 4 38 74 81 5 20 32 39 67 95 9 19 29 20 8 41 55 87 97 96 80 34 3 46 65 98 60 24 32 45 49 72 29 76 11 49 51 38 34 27 83 44 72 10 20 70 23 63 38 34 26 65 32 68 1 6 8 22 96 3 43 96 70 27 80 18 94 62 21 45 13 29 19 28 13 42 25 88 2 14 8 30 12 69 
85 31 4 65 75 68 94 69 31 56 46 60 22 22 81 98 70 67 90 22 83 47 26 0 67 27 89 58 4 48 2 98 20 57 41 30 27 38 79 74 69 99 18 17 70 7 37 26 82 11 69 81 28 70 33 99 2 50 44 94 78 90 10 0 23 25 28 17 75 63 79 95 24 47 5 54 80 25 62 73 69 97 6 63 85 91 68 9 43 68 86 66 26 25 86 48 33 67 29 51 
3 75 57 28 56 7 21 68 20 64 23 57 40 33 45 27 62 44 93 90 1 83 17 60 57 90 19 38 91 95 32 64 12 38 15 96 58 30 24 31 39 72 93 18 26 39 50 42 48 91 12 27 12 70 59 30 22 16 64 21 92 5 76 27 76 80 23 48 80 22 67 18 28 1 49 21 60 15 68 84 74 62 63 28 44 56 21 8 53 2 19 10 32 73 22 53 85 29 22 52 
5 34 50 81 56 31 69 22 65 17 72 68 84 16 56 60 22 87 99 67 58 82 42 4 99 27 50 93 71 14 88 3 70 66 29 50 6 79 33 68 25 9 50 83 99 48 1 80 69 86 9 87 26 19 39 96 10 39 24 44 77 93 68 21 81 70 11 18 2 23 95 95 24 43 46 28 54 16 48 99 70 29 50 19 21 8 8 2 8 38 0 38 59 91 12 79 33 10 94 64 
16 8 41 33 35 84 19 39 57 11 14 58 68 72 11 91 53 79 89 61 2 26 45 82 17 1 6 13 55 2 24 34 97 15 65 63 29 10 55 98 0 25 18 17 35 88 36 72 76 59 96 1 90 60 57 60 64 9 39 46 97 74 2 80 72 18 25 64 38 22 20 55 84 78 22 63 75 31 17 70 89 40 3 80 70 45 42 30 23 73 71 91 77 6 16 35 13 95 85 34 
55 29 71 70 20 26 16 36 17 38 2 1 73 50 96 7 66 67 69 17 94 79 30 87 39 95 73 99 37 52 15 29 35 61 48 76 33 57 65 73 84 61 91 20 46 78 57 53 60 96 21 64 58 49 15 31 86 15 35 51 39 99 50 98 26 60 78 17 90 55 5 30 28 37 39 59 78 46 11 8 70 83 4 44 38 66 28 75 50 59 48 72 91 7 97 13 41 85 79 4 
71 73 36 22 98 80 51 55 49 11 13 24 35 59 8 80 38 49 39 94 95 4 45 89 77 80 33 1 51 11 49 62 68 29 33 22 33 60 23 20 46 29 61 6 92 10 10 62 2 16 93 25 42 72 46 67 62 89 70 47 56 96 77 54 86 36 38 58 5 87 67 5 5 85 85 21 72 99 42 90 27 14 97 91 74 5 59 78 18 72 24 30 53 11 3 81 36 47 65 85 
47 63 14 70 6 97 86 59 67 6 20 6 12 59 1 40 39 22 7 1 31 64 82 83 96 12 19 90 46 40 95 11 14 99 54 85 74 87 68 61 66 63 48 23 74 63 55 14 9 94 40 24 31 65 34 98 72 3 40 98 85 61 48 41 98 90 89 52 44 1 39 33 15 78 81 63 40 74 49 75 53 75 20 8 61 7 70 54 26 36 0 97 4 24 79 31 12 14 12 23 
32 57 75 3 29 15 64 22 46 68 69 75 35 68 68 57 5 59 87 59 68 47 17 54 95 39 14 64 35 98 71 51 94 38 23 87 9 14 93 4 8 58 44 95 77 89 55 42 64 15 48 10 65 52 64 73 63 17 47 49 71 18 30 67 35 87 0 27 57 35 84 52 87 86 37 3 1 6 75 16 45 40 23 59 13 52 0 3 90 98 43 45 88 62 72 41 39 22 26 90 
0 87 73 82 90 25 14 22 54 99 2 2 37 63 83 17 9 29 39 0 75 58 38 77 47 74 70 82 96 18 57 98 94 24 48 87 33 52 13 4 45 36 5 97 38 46 3 21 68 12 11 92 19 5 36 57 39 6 17 76 12 87 53 64 92 51 84 67 77 37 71 91 76 93 32 41 26 46 92 94 43 18 38 45 8 43 76 84 13 66 54 15 38 5 9 59 5 93 10 25 
97 22 64 76 81 71 23 77 89 28 66 53 72 5 22 6 5 76 3 54 83 7 48 31 67 48 90 11 5 48 42 78 9 9 40 86 88 76 2 57 61 11 8 74 97 55 87 57 51 44 66 48 92 95 82 94 69 88 0 74 65 74 80 77 10 68 78 63 16 5 44 79 20 22 72 16 49 90 47 22 96 15 78 10 37 51 59 23 67 70 43 22 12 34 47 19 75 70 31 11 
49 67 15 72 21 83 48 72 57 56 33 35 70 89 30 3 20 44 4 36 50 60 95 55 70 47 48 71 56 78 56 23 63 52 29 47 1 49 29 17 8 44 60 65 17 3 77 16 64 52 25 62 64 67 32 66 96 79 80 10 50 98 75 51 35 70 59 18 3 8 11 56 54 94 1 27 88 87 10 97 21 77 54 36 56 60 37 67 1 45 89 52 32 25 48 2 28 7 92 41 
87 12 62 48 40 94 80 74 47 42 26 13 76 98 7 34 58 73 27 97 29 9 7 88 22 59 77 9 38 5 74 13 54 13 49 10 73 83 5 1 70 97 93 92 35 78 51 42 11 76 22 52 84 15 92 14 52 28 60 59 57 83 31 38 82 95 78 49 85 15 75 74 78 82 79 87 5 31 11 14 34 35 82 54 31 59 78 72 31 64 35 69 38 76 48 59 2 42 59 66 
76 94 39 37 69 95 88 38 83 16 95 82 91 52 98 44 65 53 31 71 82 27 8 6 25 6 25 28 43 70 37 49 35 70 34 71 90 27 95 80 31 9 99 87 59 53 68 57 7 89 93 34 70 78 55 67 92 72 86 7 59 91 60 9 49 44 13 36 58 5 81 34 4 70 71 40 88 8 26 19 39 7 97 51 5 43 26 4 77 90 38 25 73 53 79 87 31 0 91 59 
75 23 26 15 87 7 46 95 49 76 73 78 8 35 62 58 9 47 36 24 11 28 11 25 57 37 52 6 23 2 59 13 52 4 14 60 23 76 45 77 79 21 85 7 19 10 30 96 18 15 36 96 19 98 51 53 60 17 65 55 63 67 0 9 46 40 1 64 52 49 45 24 4 35 1 38 74 22 23 49 74 1 83 7 87 32 59 29 9 7 15 41 15 21 83 0 24 51 10 48 
74 82 3 76 55 46 3 22 0 9 22 72 35 95 37 42 33 75 59 86 8 81 34 29 73 46 64 14 30 61 3 52 22 43 38 49 77 78 73 40 21 21 23 94 37 19 93 36 33 21 54 24 10 13 85 79 91 0 51 82 56 22 42 79 51 21 81 65 25 23 28 59 26 32 78 54 90 91 17 86 89 15 42 54 6 46 10 2 53 97 4 12 3 54 60 18 13 82 19 23 
67 37 92 40 58 56 26 29 20 98 43 12 72 50 1 93 72 83 47 70 1 28 38 21 86 10 97 52 57 43 25 25 47 77 89 98 25 63 25 70 30 24 76 57 39 32 32 64 25 98 37 80 9 32 55 97 62 4 56 18 22 73 95 52 90 29 46 74 99 32 17 6 33 84 92 21 48 55 87 68 27 62 64 16 76 35 41 3 33 21 82 47 80 83 41 87 63 14 96 68 
45 31 67 69 88 64 67 29 81 21 42 44 53 43 40 89 67 76 37 8 81 10 56 92 96 72 95 58 14 85 8 99 87 72 59 30 63 43 85 65 21 56 52 37 20 9 20 0 1 11 2 92 34 17 56 65 29 54 44 31 0 92 48 47 47 19 96 42 10 1 93 0 37 95 67 3 94 96 94 73 66 8 86 37 58 56 70 97 99 24 25 48 24 53 60 50 39 16 36 88 
86 18 80 31 67 58 85 33 82 4 84 23 74 87 19 70 39 6 56 17 91 57 34 21 66 51 22 65 74 23 53 1 62 39 70 46 6 80 23 0 37 97 55 54 66 52 22 57 69 78 69 72 12 51 15 75 19 65 12 15 92 84 12 16 23 74 23 88 15 47 88 75 57 39 3 0 77 51 35 71 18 14 72 71 70 77 32 37 86 13 47 38 58 91 61 10 28 0 3 93 
9 58 38 11 52 63 99 10 40 53 82 59 40 25 62 41 65 95 4 45 83 38 47 66 67 84 4 66 49 57 41 86 72 61 19 63 10 95 13 98 78 4 11 10 58 51 43 39 58 77 68 76 2 20 36 24 8 20 28 46 70 54 75 19 44 56 60 96 29 65 19 64 47 37 85 51 49 32 50 8 72 48 53 48 84 3 6 92 99 5 10 11 20 97 11 63 98 88 81 82 
19 99 94 36 59 65 25 19 96 40 93 53 60 10 64 53 8 95 52 5 54 93 10 35 38 92 90 51 65 87 86 32 4 55 54 61 59 82 35 57 59 15 46 34 32 84 36 23 71 40 8 28 13 86 12 34 76 41 91 71 6 30 99 66 82 59 83 11 86 34 39 82 14 25 26 98 30 38 20 96 12 46 8 76 42 38 16 27 31 50 64 33 39 45 63 78 31 69 32 87 
36 79 17 18 46 42 49 54 90 61 83 23 79 17 57 62 7 83 78 75 73 86 27 76 18 9 76 1 11 40 26 77 73 63 32 64 50 66 35 1 42 15 50 22 36 61 30 17 32 71 69 14 61 17 1 26 19 12 20 10 84 27 25 24 18 9 1 25 70 98 40 60 44 54 33 22 24 83 73 66 71 69 86 19 20 10 78 68 80 28 0 87 68 84 93 65 23 89 96 80 
91 4 91 78 84 72 60 58 94 49 32 25 38 57 77 6 28 31 54 41 71 48 71 88 50 98 94 59 98 26 41 18 44 49 49 92 76 87 47 74 42 33 28 29 8 99 6 68 72 11 57 46 52 75 11 42 67 53 32 91 17 94 12 30 38 66 82 62 62 26 97 20 9 1 45 42 86 75 29 1 49 46 22 38 81 31 46 21 66 69 46 68 15 80 41 53 27 81 58 7 
82 68 67 86 14 19 43 86 71 13 17 44 70 68 54 30 76 87 29 68 71 26 77 91 21 84 7 31 77 92 16 67 66 43 97 4 89 21 14 3 91 57 99 10 87 70 93 93 16 59 92 35 86 9 5 12 93 26 51 75 31 94 66 76 76 58 19 79 43 5 21 93 98 67 19 18 68 46 15 88 78 82 27 16 60 96 78 14 18 75 25 45 78 11 50 23 67 5 45 90 
95 2 65 17 45 83 45 61 58 21 68 3 97 74 73 40 84 36 79 98 9 77 9 39 17 70 85 23 24 60 46 27 77 8 50 54 75 65 29 7 76 55 67 9 69 35 60 86 62 73 34 27 8 1 62 58 60 29 55 14 21 47 7 11 65 83 48 13 28 86 74 99 58 73 66 74 22 43 2 64 11 88 97 18 18 92 2 85 96 11 48 56 37 70 41 48 84 90 35 90 
73 0 10 49 49 61 19 92 9 63 0 30 58 87 29 46 71 48 95 70 91 40 55 2 1 17 69 78 97 87 90 40 37 45 11 51 72 45 55 73 45 7 42 13 75 84 62 12 96 15 98 5 60 36 70 96 47 93 78 85 49 2 62 40 44 75 78 98 95 43 33 89 75 3 35 17 79 49 64 40 44 19 19 27 24 19 55 37 62 16 99 23 63 57 3 25 15 92 62 97 
63 45 87 5 33 64 41 17 29 92 2 9 67 38 85 8 89 78 47 18 34 87 19 91 71 9 69 88 61 46 33 57 3 66 51 4 57 12 38 30 1 20 53 23 74 30 78 63 30 27 45 50 76 59 11 59 21 14 84 80 58 7 17 65 47 26 30 99 39 25 27 15 12 69 26 80 72 73 32 80 75 19 27 42 63 62 71 72 2 93 43 42 75 22 91 79 12 72 68 90 
1 25 96 5 57 43 98 65 93 86 68 93 93 71 99 89 99 46 11 49 81 32 12 38 11 55 51 99 88 58 73 0 61 86 49 3 44 45 88 21 1 45 94 68 31 29 42 12 49 42 63 50 6 84 89 55 58 22 49 66 14 63 61 14 67 62 13 58 57 13 83 14 85 70 34 17 49 42 72 19 4 61 46 41 2 2 15 42 36 82 21 96 3 99 47 35 21 59 70 90 
29 79 34 36 64 65 71 25 52 91 41 81 20 33 33 63 4 68 94 98 62 85 58 8 49 14 88 96 29 96 82 26 67 9 38 4 51 50 3 83 19 87 37 54 46 37 84 99 60 64 5 88 11 23 1 99 55 21 40 80 86 73 2 35 24 36 55 22 85 61 84 93 78 73 87 24 24 29 11 3 95 41 62 59 92 70 15 73 5 26 63 36 17 78 37 92 98 24 49 85 
70 46 87 60 70 27 85 60 97 89 46 3 80 43 47 56 68 87 81 4 92 74 21 32 41 75 77 14 0 37 24 49 70 73 3 30 42 92 61 97 94 37 72 4 95 17 81 42 67 14 70 79 23 41 77 91 38 80 68 24 47 4 15 92 10 59 46 27 22 8 51 85 13 17 62 50 68 9 52 42 13 8 37 56 15 68 72 98 52 57 8 87 9 19 99 79 45 98 14 10 
82 15 61 72 9 49 9 24 72 30 87 36 91 7 89 0 62 93 43 92 52 54 15 75 93 76 20 73 55 39 93 84 43 53 98 59 67 37 86 87 54 56 16 59 80 0 55 50 70 22 31 6 5 67 57 31 23 33 58 20 17 11 21 57 32 26 37 74 65 37 28 2 11 63 69 76 52 56 19 86 59 93 51 27 72 40 96 75 0 84 97 28 2 24 23 48 22 38 59 32 
13 18 86 78 46 23 83 70 44 94 81 30 23 8 18 68 3 34 74 37 66 83 56 30 10 72 42 45 32 93 84 41 79 62 27 27 43 45 30 86 19 81 60 76 72 38 15 65 20 91 21 14 80 88 61 78 2 98 12 50 26 91 28 67 25 6 76 4 66 67 18 87 69 3 34 92 89 83 31 77 31 37 19 49 7 22 38 51 33 26 83 32 44 1 50 32 45 31 77 69 
20 26 58 34 47 91 29 55 7 74 26 56 42 10 41 23 29 37 48 18 87 95 24 73 7 53 76 80 59 4 94 60 92 95 31 7 99 93 58 81 1 13 92 44 87 36 74 27 1 85 58 74 77 31 27 25 46 80 68 16 13 36 75 18 10 40 57 77 4 72 88 61 55 99 28 38 98 18 64 55 60 54 6 68 41 69 68 84 1 15 59 35 85 25 55 62 83 63 88 41 
63 42 9 91 37 92 36 29 93 11 69 79 53 60 94 76 82 97 78 17 97 53 85 87 78 50 59 13 62 66 48 18 78 98 24 13 56 24 50 62 62 85 42 45 72 19 67 61 29 19 6 64 97 21 17 81 61 38 95 6 79 79 65 53 40 84 28 68 99 56 79 44 16 59 51 34 17 47 37 47 40 87 57 10 77 17 65 15 57 99 59 43 11 37 2 13 6 61 66 47 
67 82 67 33 96 33 84 41 41 92 52 47 34 33 84 79 94 32 7 81 90 92 99 72 9 67 92 55 58 67 38 8 35 27 94 81 73 23 16 99 99 35 96 97 91 42 66 34 79 89 24 26 45 57 82 46 73 67 71 30 42 95 95 51 59 83 7 66 43 97 9 15 31 86 24 92 88 44 30 80 12 18 0 19 64 86 65 25 12 0 47 43 30 53 79 85 7 75 95 85 
66 67 45 35 18 58 93 17 60 88 91 60 13 6 91 24 90 84 57 44 48 58 96 26 56 94 80 62 24 25 14 64 95 65 57 15 23 28 67 47 8 71 86 63 87 77 20 92 88 37 47 44 16 1 29 98 82 56 11 33 33 23 88 51 81 35 1 16 14 70 74 83 22 71 3 81 9 51 48 99 56 18 22 76 89 89 96 72 68 61 68 31 2 56 81 50 65 42 48 10 
12 94 14 13 92 82 50 13 72 48 7 15 17 11 13 61 93 78 47 47 96 43 39 27 12 75 57 56 17 92 64 72 8 7 26 52 1 83 23 67 42 57 61 93 23 53 39 31 27 60 6 20 48 20 59 98 49 2 51 21 7 46 23 19 10 80 84 73 26 97 33 60 70 60 82 84 23 58 77 89 71 56 31 39 32 59 54 95 56 88 36 58 63 81 30 10 71 55 62 35 
38 34 50 80 9 74 10 93 24 96 51 47 14 52 17 11 50 76 34 79 74 81 52 99 3 51 69 42 50 99 73 59 73 49 28 90 65 52 20 83 62 77 9 91 59 37 95 32 68 2 96 50 97 96 79 3 49 30 48 22 23 16 68 88 24 18 40 59 85 72 93 8 70 71 83 46 50 64 66 95 45 19 92 15 64 19 28 19 45 9 58 31 74 42 1 23 50 25 13 98 
61 84 77 76 39 53 60 15 48 83 66 44 34 54 57 87 20 25 53 18 29 87 13 21 36 77 58 87 67 10 29 28 98 66 24 24 93 86 45 35 20 12 39 14 86 87 49 89 60 31 72 65 7 22 79 87 16 89 33 97 23 25 18 5 11 32 58 44 44 16 30 57 14 34 24 34 9 46 10 18 88 79 78 47 38 81 73 30 67 42 19 25 91 6 1 28 92 24 34 51 
73 34 95 35 23 28 7 87 75 72 37 41 52 46 95 9 51 80 2 61 20 1 19 66 42 69 86 6 49 88 85 86 84 84 72 65 82 76 66 82 85 91 46 3 49 44 54 51 61 55 24 61 51 28 64 9 5 14 97 50 63 99 39 12 75 22 44 84 75 93 58 19 34 44 5 87 14 46 57 68 52 86 17 53 48 20 25 97 38 57 46 17 30 29 0 50 12 56 84 4 
95 87 3 53 10 87 37 86 67 26 70 41 32 5 47 38 76 6 80 31 31 63 0 2 20 22 36 12 14 42 85 72 12 6 28 96 66 93 51 0 37 25 34 77 38 60 96 84 14 44 3 38 64 10 76 6 87 14 90 33 33 16 20 85 45 90 31 89 13 48 43 0 27 80 25 9 69 12 36 38 82 28 10 67 79 28 46 40 58 45 40 41 18 35 24 38 51 15 74 92 
91 58 93 67 57 98 87 24 86 7 93 20 81 48 51 26 82 27 70 53 42 83 64 17 40 97 80 72 72 89 94 56 5 73 37 20 92 78 71 67 7 70 9 56 90 98 81 10 73 69 24 5 21 0 47 5 36 91 91 3 91 52 31 58 82 63 95 88 3 26 95 41 86 46 82 11 29 97 87 7 10 29 7 27 61 64 76 68 68 82 14 82 4 45 25 66 14 75 42 74 
10 9 45 75 99 57 94 64 34 1 98 98 19 30 68 24 38 76 73 95 98 52 25 5 84 2 87 3 22 45 39 19 78 59 82 85 84 81 82 28 86 97 10 51 15 14 47 7 34 66 32 66 10 3 56 42 82 28 67 81 53 52 66 75 13 7 66 78 11 4 69 26 9 39 55 93 43 4 0 1 83 36 51 84 18 78 23 34 62 60 15 9 83 94 91 97 38 55 60 87 
7 0 33 20 1 78 36 41 78 72 71 61 61 80 92 9 0 76 93 68 33 64 84 15 48 18 66 18 50 66 66 35 29 56 0 14 80 66 58 3 20 2 56 60 86 32 91 94 27 75 23 29 78 42 97 18 17 84 66 41 59 1 22 3 96 39 23 22 69 20 66 78 65 34 70 6 60 50 90 47 32 2 89 88 29 92 52 95 49 4 16 79 52 54 1 59 88 39 34 25 
4 54 2 86 6 84 86 46 59 64 95 99 74 1 87 79 63 80 43 81 65 70 96 87 29 54 79 66 46 87 57 17 2 81 82 9 94 20 24 4 37 33 52 75 41 64 65 50 67 37 4 69 48 59 6 90 35 93 3 8 5 35 67 66 86 17 60 84 78 59 96 46 60 17 75 22 85 99 90 54 37 91 5 7 10 25 98 56 57 64 91 62 65 47 58 44 97 7 54 37 
65 99 61 73 75 39 17 77 51 94 19 19 18 6 50 66 23 77 11 60 64 21 93 28 82 39 12 98 81 29 90 88 91 21 5 68 3 25 97 36 46 57 93 44 65 6 85 78 56 4 3 50 98 25 2 61 13 39 30 16 0 92 62 45 56 22 94 13 11 62 41 18 3 76 37 74 10 87 21 32 4 76 20 51 85 61 6 78 5 96 0 95 26 73 67 75 21 80 49 36 
79 6 75 63 85 19 70 56 97 73 73 4 91 47 27 91 93 20 5 82 2 68 29 71 41 15 72 66 37 25 14 38 63 10 64 76 16 43 55 79 83 88 94 29 70 51 75 9 32 17 94 70 41 68 11 87 75 21 83 67 24 63 48 27 68 60 40 45 48 78 47 43 35 24 72 68 20 42 2 82 96 42 11 94 89 21 92 92 67 1 70 50 90 24 1 50 69 73 75 53 
30 9 87 83 97 1 98 5 81 19 66 62 20 78 26 97 43 33 41 13 34 58 46 10 76 15 39 95 63 69 40 37 69 5 35 11 62 8 70 11 26 97 44 8 85 41 80 47 53 66 10 47 7 64 55 32 82 24 51 28 48 97 13 29 1 45 3 13 29 31 82 86 17 74 0 88 14 47 85 70 9 22 39 1 58 87 81 59 34 26 41 82 74 71 40 79 27 92 59 82 
79 24 3 51 49 33 86 7 79 43 56 79 86 59 19 20 40 31 43 60 26 75 73 72 1 73 70 2 2 96 86 53 70 37 5 54 7 34 2 81 28 80 43 49 93 80 32 28 15 28 31 58 41 74 58 80 31 81 87 28 18 16 93 95 36 20 60 62 9 57 7 65 54 67 32 41 65 5 76 48 62 78 35 2 92 11 30 66 14 9 82 86 87 63 72 63 60 23 48 72 
62 94 79 88 28 49 16 78 30 1 36 85 98 81 84 32 85 55 75 95 10 99 13 91 90 99 67 7 67 28 12 31 75 89 44 53 99 70 19 70 49 22 83 46 21 69 46 43 27 88 34 75 57 65 74 48 30 31 10 59 28 82 5 16 78 3 86 69 61 74 40 85 5 99 79 16 74 3 52 56 43 75 63 85 5 46 98 88 76 51 20 20 23 65 79 95 1 6 75 56 
21 2 45 17 14 48 66 50 45 13 76 14 63 68 77 82 49 50 85 0 87 31 2 38 81 52 90 87 0 23 66 5 28 28 68 15 52 1 10 81 67 60 92 54 6 64 73 25 94 85 75 95 87 96 81 60 37 93 98 40 58 95 34 12 44 25 18 85 88 71 61 45 15 5 9 67 52 9 40 51 59 23 39 42 28 48 66 79 43 59 98 28 23 72 8 87 8 66 35 59 
89 88 23 89 13 6 11 2 46 65 12 4 72 36 22 1 23 8 24 62 59 63 23 40 99 60 36 7 72 54 99 93 47 61 90 65 26 57 13 35 91 42 82 67 73 60 73 23 11 12 70 14 58 43 9 67 90 77 54 63 0 92 93 98 51 86 68 66 1 13 69 93 55 2 29 64 15 99 42 13 28 13 75 51 91 40 60 82 61 93 81 13 65 50 67 42 84 72 59 60 
26 29 69 0 99 19 83 60 93 54 45 38 39 41 64 24 19 26 52 20 68 23 27 93 87 95 43 54 90 9 9 23 2 63 6 34 10 87 62 63 83 91 44 87 3 50 45 97 16 5 29 3 97 98 18 12 96 95 14 86 42 7 55 33 75 66 44 64 72 45 3 48 6 11 61 71 4 2 82 72 32 82 38 47 98 36 35 21 66 46 71 77 75 21 88 17 4 94 83 85 
97 49 30 40 57 47 29 95 59 47 91 22 67 91 32 57 78 0 77 46 20 16 16 60 81 54 18 69 22 63 22 11 94 3 55 31 80 93 44 19 11 12 75 70 59 2 31 29 10 2 66 80 87 1 47 90 21 96 39 25 79 25 39 18 62 27 5 88 96 83 78 62 28 76 23 1 62 13 59 50 25 70 9 97 78 29 70 48 46 50 36 67 30 64 4 39 66 93 97 87 
36 75 67 65 47 1 11 50 40 26 43 29 83 48 65 77 13 96 55 5 0 68 9 76 80 60 66 30 29 85 4 45 44 67 54 27 59 62 35 87 35 4 13 1 72 96 79 72 92 62 82 22 60 49 14 46 43 29 5 34 3 3 12 86 9 18 84 5 52 87 43 24 33 79 3 91 45 91 19 9 60 87 97 83 60 11 58 9 13 84 72 91 68 63 65 5 62 84 73 78 
78 48 2 18 1 78 82 83 77 87 68 56 72 96 83 99 35 21 7 41 26 71 25 95 69 66 25 75 83 92 5 87 50 69 1 93 16 31 90 80 9 93 36 54 60 79 59 35 6 92 71 21 32 0 18 95 9 58 74 7 29 0 0 91 71 90 17 84 65 33 2 14 39 30 77 19 5 94 82 14 63 54 87 37 25 49 80 38 84 69 13 54 30 63 50 11 78 99 7 0 
80 76 32 7 1 36 40 6 62 27 76 53 53 20 75 18 9 28 75 86 55 77 66 75 69 1 82 55 65 65 54 24 5 52 62 36 15 65 21 48 31 36 5 55 88 50 42 0 2 43 70 31 45 12 41 71 67 3 25 90 59 74 93 45 33 53 9 36 35 51 72 12 29 3 32 49 5 25 50 94 98 4 71 86 34 16 98 18 62 19 83 9 9 95 75 27 27 68 65 1 
