36 60 24 44 49 97 75 30 20 21 16 25 71 29 92 41 5 58 64 11 59 41 37 0 28 64 33 46 62 76 38 13 44 29 60 88 33 31 26 16 9 11 82 24 42 25 33 97 56 31 25 3 42 62 57 17 61 11 92 34 89 92 17 53 79 92 14 86 4 9 85 13 76 60 88 7 55 23 56 34 78 62 59 78 69 86 75 61 71 81 14 3 51 97 69 30 37 21 58 43 
80 45 94 42 83 2 33 98 54 77 27 77 31 30 14 79 44 97 73 81 2 32 57 64 30 91 14 77 43 72 20 35 53 21 38 14 60 80 71 35 32 5 19 70 3 65 96 19 15 75 69 16 31 99 67 69 92 42 39 85 80 81 79 13 57 47 1 31 27 25 40 88 24 57 71 16 11 46 27 85 43 32 17 63 25 1 77 83 12 50 73 3 29 68 37 37 78 5 6 50 
98 79 65 73 10 83 61 76 30 2 85 10 99 12 39 9 12 8 7 6 74 16 8 3 97 69 12 72 7 6 47 21 19 5 94 79 19 30 35 1 65 71 96 93 32 95 63 67 52 39 93 13 79 34 44 48 52 32 9 26 85 57 82 84 61 43 22 1 49 45 11 32 51 82 13 47 0 21 19 37 98 26 63 21 2 69 17 59 26 93 56 78 59 4 44 2 25 17 3 45 
55 42 75 69 48 7 3 55 14 67 74 78 97 17 60 53 32 17 62 47 12 1 64 85 25 86 69 64 37 35 75 52 26 0 47 35 12 39 24 11 87 71 63 75 58 44 81 42 31 39 88 13 61 50 67 6 56 43 93 82 24 53 95 40 68 95 25 42 28 80 82 76 81 43 59 99 84 87 14 24 45 61 75 48 57 57 15 78 35 15 23 23 67 8 43 37 96 71 68 63 
75 51 6 92 71 53 38 83 75 11 27 78 98 45 67 37 9 15 81 44 58 74 72 15 48 86 47 7 7 4 75 58 93 93 12 7 73 71 12 14 91 90 12 24 20 13 84 20 88 70 89 89 65 88 52 8 6 24 26 20 3 66 15 46 19 20 68 40 51 35 96 5 53 85 80 88 57 23 77 60 94 48 82 69 9 29 47 75 77 74 50 95 39 65 28 36 80 70 61 20 
46 47 75 59 76 9 92 71 32 98 71 45 88 92 62 51 21 66 45 51 58 37 9 50 8 74 53 64 4 58 1 15 10 42 74 38 40 16 68 16 14 94 27 89 25 93 11 72 5 29 34 53 76 27 12 82 16 95 72 17 44 84 78 0 41 52 78 55 18 16 76 69 14 63 38 57 21 57 98 11 86 87 41 32 15 78 59 90 82 1 63 11 78 95 9 27 13 77 54 88 
41 31 8 54 56 24 39 48 57 43 83 25 91 5 95 22 24 69 61 18 70 61 11 19 85 57 94 85 13 81 65 69 41 99 3 0 77 99 33 8 71 19 42 37 64 13 96 51 14 95 60 52 21 73 4 69 2 13 52 6 42 28 42 85 39 75 27 79 55 4 59 13 34 41 38 52 58 9 12 36 53 6 74 14 86 75 66 80 27 27 25 93 39 14 26 53 90 95 62 34 
85 53 90 28 39 77 21 78 40 19 83 21 10 25 80 68 97 30 57 65 87 43 71 95 60 67 21 41 70 10 41 49 0 99 42 9 12 47 93 30 86 41 84 37 43 64 74 87 31 37 40 23 39 54 3 63 37 15 7 44 55 22 56 86 50 86 27 3 72 51 79 64 85 66 92 9 11 15 3 18 39 94 84 47 29 66 21 58 83 50 28 14 50 82 78 42 26 30 65 78 
99 6 86 14 36 86 23 48 59 86 5 47 21 96 89 85 39 72 44 48 85 97 35 92 18 54 40 60 68 76 75 32 70 10 12 81 83 93 29 27 37 65 66 99 85 7 63 44 41 12 78 40 11 14 14 82 84 86 87 18 57 66 50 46 20 76 3 12 83 10 30 42 48 60 27 44 56 51 50 52 33 75 13 50 38 23 87 3 35 11 21 72 20 82 18 99 50 37 97 93 
70 27 17 76 60 59 16 58 65 24 25 67 81 63 30 68 57 46 47 72 87 3 30 51 29 62 43 89 50 3 48 48 90 32 84 41 6 30 49 89 57 50 41 30 9 66 93 23 36 73 89 92 48 27 20 91 1 84 57 72 10 36 96 14 67 79 29 2 73 62 89 59 19 53 82 80 99 82 54 54 88 54 79 28 27 59 54 35 31 18 31 29 45 78 71 31 68 85 17 19 
82 53 62 67 87 57 36 74 1 1 17 70 36 43 19 64 55 60 43 68 91 42 7 32 0 23 88 14 41 38 87 71 11 57 38 83 5 18 63 63 55 86 73 26 16 91 46 11 24 68 56 13 34 23 27 44 14 78 46 84 10 86 77 99 38 4 78 52 98 57 23 53 31 21 31 80 77 14 4 38 27 77 45 71 55 1 36 82 87 35 66 72 12 82 97 31 99 12 94 93 
33 60 79 44 27 69 59 96 9 96 1 0 47 25 49 45 94 44 85 57 48 66 56 47 94 4 61 54 56 75 53 98 90 13 68 89 2 12 37 51 51 49 21 13 28 34 30 16 35 56 60 70 20 91 75 88 16 2 51 12 39 75 77 69 94 34 94 36 77 13 36 93 48 89 79 19 79 75 98 40 79 69 15 13 87 14 5 12 15 22 51 74 67 39 0 12 48 41 97 20 
35 84 82 9 62 60 96 12 99 68 86 8 65 83 11 65 97 23 44 78 6 42 19 64 57 79 19 75 32 48 20 2 84 17 81 28 64 42 96 80 20 49 14 25 14 98 8 66 91 86 13 20 49 41 77 65 52 54 10 15 71 73 45 33 64 57 98 54 2 11 7 68 34 65 54 30 88 78 74 81 36 19 52 43 17 94 91 18 24 42 72 91 4 27 86 22 76 62 49 29 
5 11 25 44 58 54 30 8 1 20 9 62 65 90 17 61 25 11 23 18 74 30 91 45 11 58 32 1 47 5 2 72 44 83 81 67 75 63 53 14 37 86 48 20 68 79 24 62 69 99 42 54 96 63 5 50 52 10 39 25 33 10 80 41 4 33 81 21 94 25 24 49 62 69 4 24 35 87 4 9 53 66 83 38 80 91 71 92 0 27 98 43 19 82 92 69 79 71 63 80 
18 18 91 49 54 66 85 65 78 24 74 71 30 52 92 5 78 23 1 95 70 53 39 90 16 43 67 27 75 31 68 5 11 71 26 93 37 67 71 28 75 20 74 56 95 25 75 15 69 11 59 95 23 28 28 62 32 63 51 64 11 55 43 23 69 96 21 65 73 98 82 85 96 53 28 83 21 25 81 85 93 91 28 26 66 96 34 13 4 60 80 31 84 9 38 8 45 54 51 63 
76 82 69 99 77 17 16 8 27 20 94 23 86 48 46 7 47 29 61 49 59 36 44 25 33 31 35 32 90 87 81 84 38 74 58 27 8 19 33 33 77 47 34 92 13 48 3 24 30 31 85 6 57 74 13 13 78 56 91 56 48 20 95 71 89 32 39 80 47 86 33 91 11 4 24 17 97 77 44 70 88 43 49 73 19 5 52 40 84 48 98 96 24 94 29 6 11 75 77 27 
77 24 50 1 50 92 90 9 26 29 29 16 40 99 71 33 56 15 73 22 58 75 48 59 21 32 39 9 27 23 71 27 11 88 8 44 57 76 94 5 81 22 9 70 82 36 33 24 48 63 76 14 20 1 9 14 31 5 68 13 6 60 91 33 88 18 21 87 8 86 69 33 73 83 54 86 55 55 56 39 96 65 49 48 2 22 44 12 15 67 78 54 63 38 75 16 76 34 16 60 
60 20 19 76 70 91 86 50 78 91 63 68 66 81 63 98 81 2 94 38 87 89 87 43 54 73 33 45 71 72 44 7 8 72 47 79 40 8 14 94 15 7 84 55 20 55 15 73 44 69 63 59 98 23 28 64 83 81 43 8 66 16 6 77 96 4 63 37 44 77 34 59 75 37 13 32 46 47 81 96 92 83 31 72 53 69 57 11 99 11 85 16 12 2 62 94 81 43 45 11 
37 90 93 56 13 12 20 26 27 34 29 25 99 36 10 61 22 11 49 49 93 73 81 42 90 79 84 21 61 13 42 44 68 87 29 75 93 59 71 17 39 70 11 28 91 57 47 1 36 13 33 21 5 48 49 45 75 45 3 63 83 6 38 77 84 92 60 37 59 76 6 46 58 96 98 14 32 64 99 61 56 91 58 5 16 81 83 78 71 81 1 99 0 46 53 69 89 45 95 48 
64 54 3 45 17 69 84 99 69 19 87 28 32 9 90 89 85 82 41 48 10 52 80 14 14 21 46 9 51 67 30 16 43 89 40 65 11 59 79 70 58 72 68 19 51 79 49 70 20 93 87 56 85 68 61 68 4 87 10 5 3 60 45 88 73 5 35 19 32 52 84 60 67 49 9 37 18 61 45 84 2 56 59 25 83 91 52 96 95 64 78 56 32 45 39 89 77 95 2 10 
97 18 47 4 40 0 5 79 7 68 5 6 62 77 24 5 88 31 49 70 53 4 80 55 59 90 2 15 87 45 34 95 21 7 75 15 6 11 91 65 17 90 8 89 36 31 89 29 76 14 99 7 60 27 20 81 62 12 72 5 15 12 86 93 12 22 57 76 97 69 40 38 44 5 87 56 45 54 63 95 56 15 3 95 8 81 8 43 51 9 10 35 54 52 56 77 7 42 74 16 
95 86 60 30 9 99 30 40 16 17 62 23 92 90 81 97 32 19 82 68 98 31 96 27 71 18 6 79 0 33 52 35 58 82 63 2 63 50 76 80 25 58 66 88 78 46 9 50 12 87 91 9 65 9 61 70 78 28 37 86 22 10 11 36 89 37 61 2 18 76 19 21 88 12 62 59 8 37 79 65 8 67 51 46 46 54 27 67 0 36 89 78 58 69 21 72 5 63 73 69 
15 83 69 87 38 11 40 60 65 34 70 27 93 37 14 78 28 96 32 91 40 88 34 25 90 54 4 94 96 8 52 32 88 58 27 1 82 23 90 38 62 89 84 28 45 11 36 98 28 14 1 25 46 70 16 88 97 25 6 67 69 16 22 47 68 1 13 36 41 49 9 33 5 7 39 67 95 0 72 53 21 32 14 55 43 97 82 18 48 26 53 58 73 63 11 25 80 32 63 31 
45 15 28 42 33 34 8 17 44 11 55 20 15 26 34 45 34 80 81 89 77 50 62 80 34 61 15 98 42 15 5 3 5 22 49 85 7 39 19 93 78 58 82 94 42 88 83 0 35 1 69 33 14 35 36 16 91 51 65 95 69 34 14 43 6 63 42 73 89 38 15 16 24 12 18 96 31 90 63 28 38 39 66 7 47 6 97 59 96 39 34 32 70 53 23 16 50 68 85 7 
30 28 30 13 55 13 38 37 5 56 67 48 16 70 32 59 27 68 55 73 10 67 58 48 15 52 84 58 44 62 52 79 78 87 14 21 22 69 49 22 49 90 71 85 52 70 30 92 34 43 3 97 72 37 49 76 71 95 33 16 80 6 92 40 46 13 40 83 85 16 58 75 42 12 7 70 7 83 93 67 72 33 57 80 66 23 51 3 95 91 62 42 23 91 88 62 69 48 0 84 
88 26 50 15 24 59 26 12 52 81 21 71 14 56 53 73 25 27 80 42 45 2 14 98 52 40 94 10 47 22 5 80 48 35 5 47 31 81 30 91 39 73 54 45 54 50 10 41 20 51 87 29 36 37 54 81 55 43 0 4 41 41 85 38 60 44 79 38 60 12 77 94 28 61 68 56 19 30 38 16 71 30 93 23 12 21 30 70 68 55 67 91 74 99 26 27 69 19 27 9 
70 2 12 13 96 86 38 97 94 27 95 9 42 96 58 9 14 60 14 42 4 64 23 40 30 35 97 62 57 29 43 39 81 17 95 90 58 85 82 80 93 59 30 36 42 17 10 62 73 80 62 24 86 54 68 10 85 5 90 64 58 71 89 33 74 35 77 94 78 24 82 44 59 53 43 54 59 89 44 46 21 16 81 10 83 13 5 86 16 13 81 92 16 75 98 51 60 54 28 48 
65 9 27 85 65 25 21 95 87 44 30 87 78 91 37 4 74 57 8 75 22 15 33 83 13 39 6 44 7 21 70 5 70 2 73 57 74 67 38 30 40 10 70 63 1 7 44 20 87 2 15 42 0 11 32 77 19 58 16 20 83 60 44 0 25 73 15 69 46 59 52 72 37 15 73 10 66 83 39 71 22 32 75 11 9 89 76 57 10 91 74 81 81 50 82 3 39 84 15 24 
37 25 44 40 78 87 47 57 47 87 42 88 96 27 68 93 65 81 26 79 72 68 54 80 92 49 95 26 31 33 7 12 32 41 14 95 40 19 8 56 50 35 28 0 0 99 13 93 84 71 21 77 75 80 41 0 97 32 89 90 1 19 96 81 6 0 45 5 78 1 3 50 70 27 95 50 7 97 64 70 43 92 59 52 94 51 51 11 75 87 50 55 58 66 18 40 68 4 11 9 
28 26 85 3 68 43 53 84 63 63 79 45 9 90 54 51 86 5 39 41 66 91 19 24 24 38 84 53 16 46 38 91 99 83 46 9 30 47 75 90 98 75 19 25 50 94 44 60 86 30 31 11 70 26 24 70 98 27 76 71 48 95 71 8 82 26 42 13 70 51 45 65 84 7 16 11 91 53 47 3 6 82 17 29 52 33 13 8 25 25 4 7 56 37 74 24 45 45 5 22 
68 52 70 77 35 37 1 59 19 26 39 17 34 81 98 94 35 64 85 31 27 56 25 96 54 10 99 6 69 91 30 62 27 56 48 37 81 36 80 16 18 88 82 74 43 47 38 67 3 20 30 35 71 44 91 99 92 97 18 3 9 83 23 89 79 61 21 62 61 11 59 54 33 1 59 57 76 64 9 27 73 83 86 23 69 78 30 31 77 65 86 31 1 7 18 44 52 37 26 75 
28 68 15 35 35 72 33 54 25 85 51 47 52 23 14 39 46 44 33 33 82 96 16 49 62 78 60 63 71 78 15 45 9 10 28 76 92 56 29 63 95 88 39 90 8 18 26 73 1 31 1 37 34 57 72 25 47 80 57 37 19 22 27 7 44 41 46 92 65 63 19 86 65 26 86 9 42 2 89 46 50 24 35 98 93 92 38 32 28 93 92 15 72 91 24 78 21 61 88 45 
76 12 62 67 96 12 8 48 13 18 57 29 82 73 36 61 48 33 82 86 85 65 51 68 74 56 16 42 69 6 12 95 80 7 40 59 90 92 57 42 73 97 0 59 0 32 15 97 13 56 63 6 79 8 16 93 58 36 36 62 63 40 76 91 22 68 19 85 29 44 57 15 75 49 79 87 52 80 15 99 35 57 22 57 49 66 48 13 56 1 36 39 24 99 41 5 8 31 52 46 
8 15 31 52 26 1 38 35 31 32 47 50 15 12 91 74 76 19 7 37 90 2 56 16 83 11 39 0 9 45 79 82 0 45 8 57 34 61 76 63 40 38 96 95 55 77 18 34 86 40 88 1 82 39 88 42 80 41 5 96 21 76 92 40 84 45 20 30 63 21 79 76 59 9 82 97 82 65 71 57 53 39 25 96 43 92 7 40 39 83 45 71 37 41 3 41 24 89 35 89 
78 53 85 86 85 25 29 81 52 26 41 30 29 57 20 75 86 61 14 75 25 67 65 26 12 4 11 48 93 84 57 81 34 81 83 76 52 94 61 59 86 69 2 22 72 99 14 41 77 26 93 19 81 51 42 88 59 78 1 62 73 2 93 8 48 9 21 3 79 60 41 2 59 83 84 72 24 71 15 95 18 16 48 83 63 97 60 39 20 57 45 27 63 15 89 63 34 90 27 2 
59 67 3 71 79 34 0 24 37 79 35 24 37 9 71 87 4 59 67 51 69 55 35 26 0 27 23 29 98 94 52 46 66 87 13 53 83 12 85 4 73 90 89 73 85 98 69 24 15 99 50 57 37 31 83 51 38 7 80 14 44 6 2 47 15 28 44 57 34 48 29 2 6 7 31 14 46 60 75 62 88 4 66 77 53 92 84 99 40 89 11 84 35 27 31 60 70 62 71 82 
56 93 70 54 56 32 47 70 32 85 73 77 87 61 43 90 72 32 60 78 46 42 78 93 63 71 16 13 4 26 40 53 70 49 5 5 17 64 62 61 84 83 99 47 61 60 9 33 78 58 77 99 77 30 35 21 80 4 89 76 68 58 29 18 55 27 46 3 3 3 72 28 65 8 9 31 34 52 64 97 48 58 28 15 64 22 48 37 2 9 65 90 27 60 27 48 23 59 61 39 
29 81 72 3 7 66 78 91 72 57 44 35 57 36 88 90 83 44 15 36 6 77 14 42 51 66 18 72 42 25 38 77 64 26 0 9 34 12 4 31 25 59 88 55 73 48 91 55 87 30 4 71 96 26 90 85 98 10 94 45 13 53 80 91 14 2 90 59 95 13 69 97 16 6 37 52 92 30 83 86 43 7 57 82 2 47 70 86 95 58 14 8 63 87 16 22 38 5 83 57 
73 91 74 38 49 83 39 18 71 66 1 68 59 2 12 0 54 16 50 51 87 76 44 32 13 19 58 29 97 59 23 98 41 77 43 48 5 36 74 98 97 56 37 57 92 9 51 18 7 61 77 24 25 95 82 6 45 57 74 34 5 61 89 98 2 91 15 59 11 10 93 64 51 52 31 48 41 87 20 15 78 54 21 94 9 75 65 13 74 62 48 41 49 65 67 70 20 29 88 47 
72 21 18 75 7 18 79 82 50 60 36 96 10 19 68 21 84 12 33 26 69 4 51 23 97 32 39 78 87 75 40 23 66 78 7 84 35 35 64 2 75 20 22 57 11 28 95 4 1 1 94 77 0 72 45 64 62 83 30 13 24 58 76 43 91 59 89 66 3 33 87 29 53 87 36 81 49 37 62 20 96 36 95 85 62 39 40 51 31 40 0 56 14 88 80 36 19 6 92 54 
1 26 4 54 59 17 4 12 21 50 17 52 77 41 85 95 79 23 1 49 8 93 9 79 34 30 95 6 64 94 84 72 51 4 23 78 86 30 23 52 82 84 59 21 37 74 16 42 36 94 12 29 38 25 24 76 18 92 15 60 88 62 36 99 37 49 72 77 69 46 61 90 52 9 78 27 7 24 44 19 80 3 12 36 44 23 79 2 4 3 18 19 66 52 21 8 69 16 98 98 
20 17 54 9 12 75 12 5 99 47 25 77 19 49 58 53 98 5 80 99 52 33 73 38 15 67 84 94 85 48 2 30 63 60 41 78 37 80 54 67 38 0 22 89 57 50 95 9 44 22 68 36 48 12 0 50 98 79 34 10 20 35 40 36 71 89 0 64 63 74 52 67 91 65 1 55 91 37 53 36 43 22 86 36 46 74 70 94 19 24 90 31 71 52 16 21 23 89 9 85 
55 87 37 94 7 31 60 26 80 90 48 73 98 53 84 16 26 77 45 51 35 1 39 26 57 83 94 92 11 73 85 85 40 1 31 87 40 51 4 19 13 37 86 37 90 95 12 47 90 92 3 41 72 17 0 18 66 68 18 38 8 88 48 65 38 75 72 15 28 71 9 1 5 58 89 15 46 60 24 94 44 71 77 91 9 33 2 56 10 59 87 15 93 77 49 85 66 53 85 97 
87 77 82 33 64 13 67 36 2 28 42 76 83 50 51 2 63 50 37 48 98 92 90 58 94 86 86 60 67 30 50 19 71 16 72 34 98 46 82 35 10 43 95 6 32 12 65 85 0 32 73 53 97 83 31 4 84 94 49 31 13 80 30 77 22 68 64 77 72 81 51 93 63 46 46 84 78 59 79 89 95 43 10 28 40 33 38 36 78 72 71 25 4 30 79 76 19 80 8 29 
49 26 41 57 32 47 61 37 33 6 0 37 36 12 19 16 50 56 54 75 4 98 56 35 69 84 67 92 23 30 28 80 50 38 78 20 1 51 42 81 73 18 97 26 56 65 9 18 15 17 49 16 34 11 72 69 31 99 87 8 5 29 18 75 93 87 68 82 67 35 62 58 71 73 86 64 98 32 24 93 51 97 69 60 89 83 26 30 75 13 15 53 81 21 5 20 92 31 40 14 
69 33 65 62 90 68 71 26 50 3 44 58 67 90 23 18 60 86 31 10 11 11 83 22 79 14 56 43 87 36 10 65 23 19 95 85 59 15 12 32 81 4 53 20 66 74 3 75 92 24 0 62 17 65 74 92 72 49 72 95 44 24 78 86 62 96 67 4 96 75 48 43 34 25 38 9 84 75 16 87 99 34 82 26 61 60 26 75 43 64 93 53 29 61 99 6 57 31 66 54 
87 22 80 95 33 56 57 46 45 71 32 53 48 82 0 65 37 26 29 90 89 68 26 17 2 65 15 96 96 94 17 32 76 81 24 60 79 52 36 77 74 53 65 46 44 37 41 4 7 17 92 1 80 29 17 10 45 35 84 29 8 84 42 54 1 61 84 52 82 33 36 38 55 93 20 9 9 32 32 55 23 27 47 10 38 20 80 48 76 87 91 57 36 1 1 27 64 85 48 98 
37 19 92 56 98 46 53 67 74 29 70 53 67 74 73 58 59 7 32 68 2 81 32 35 0 41 60 84 93 56 91 24 9 94 6 80 77 54 44 43 47 30 19 58 81 53 44 32 81 28 61 34 28 1 30 64 64 36 53 80 78 96 47 2 48 78 84 54 95 68 20 42 49 29 51 59 37 7 14 85 26 81 91 65 21 71 91 79 5 82 18 96 5 76 26 9 9 19 67 73 
13 92 99 4 79 88 2 28 65 34 24 20 58 0 50 6 5 39 41 61 78 39 61 3 53 80 1 97 33 1 35 61 21 79 83 80 13 1 15 64 63 9 38 71 19 16 33 56 4 61 25 29 48 35 90 94 99 8 60 93 30 36 36 99 10 59 29 90 39 98 35 60 82 56 3 54 95 92 9 8 35 81 79 76 93 31 23 57 10 12 10 62 62 5 22 55 21 53 12 35 
26 34 10 59 43 51 89 54 53 26 78 78 41 23 87 6 35 49 7 31 50 56 81 44 33 54 80 92 0 89 30 19 18 69 92 2 88 50 82 99 2 45 16 5 62 28 52 90 42 82 61 17 79 88 19 54 25 60 35 27 50 84 29 86 69 91 69 48 60 93 59 56 97 45 31 85 67 82 3 12 56 19 42 74 18 40 93 80 32 36 47 36 35 68 47 22 81 92 96 87 
56 0 80 34 2 50 2 7 83 91 84 29 71 82 42 47 14 56 91 83 26 88 16 18 16 51 2 54 33 92 3 24 74 76 25 16 65 52 78 15 2 41 27 69 19 93 56 75 80 64 52 35 89 58 74 29 80 63 38 48 50 11 20 61 73 39 29 91 39 11 12 12 9 2 84 71 46 3 18 55 18 77 6 43 19 89 24 86 43 46 17 12 30 69 12 90 69 58 46 23 
27 15 57 23 51 24 91 80 78 99 94 39 62 17 31 60 20 16 40 25 50 26 86 64 91 18 19 90 11 50 82 83 6 89 40 32 36 9 7 80 51 99 25 2 40 62 28 9 42 49 0 41 40 45 12 21 89 75 44 70 74 13 98 15 98 83 56 46 33 4 41 98 43 18 51 48 74 34 85 23 83 55 81 55 13 26 16 18 58 22 32 57 94 65 6 73 41 54 68 97 
41 9 93 66 48 8 16 66 82 7 5 41 50 6 34 74 97 77 38 20 16 9 96 4 4 1 73 82 15 87 45 38 52 36 79 25 1 81 68 40 76 3 50 76 96 2 13 35 17 50 6 42 55 82 18 91 95 68 85 9 74 64 23 85 86 49 35 91 19 85 58 42 30 92 66 48 16 11 4 61 24 49 99 34 77 55 50 17 55 28 48 27 24 7 78 5 28 60 84 83 
60 32 39 66 78 61 50 20 18 33 68 1 63 62 18 20 0 74 14 75 1 92 87 87 13 95 85 27 85 61 71 66 31 2 3 71 51 78 90 25 90 68 33 27 77 57 15 1 16 49 37 80 75 52 82 75 63 11 94 66 98 64 24 7 45 3 42 31 6 95 58 6 97 13 31 2 66 50 30 17 95 23 78 73 52 20 96 55 80 1 51 67 66 25 27 19 64 80 88 82 
30 12 10 12 14 30 30 47 62 77 23 15 23 39 70 49 29 16 83 96 79 80 45 94 17 88 48 86 27 39 4 17 71 77 93 2 29 48 1 5 58 51 38 16 27 71 81 65 36 84 13 10 21 24 64 70 39 74 42 31 50 57 96 52 69 54 4 37 75 32 85 13 73 2 74 15 80 94 82 32 96 44 11 80 9 13 35 7 53 89 19 54 62 39 2 62 97 91 95 93 
95 4 95 26 55 12 84 81 65 12 47 19 93 68 89 99 59 87 88 46 2 87 41 61 38 55 31 76 86 84 2 77 77 94 76 65 49 75 40 26 78 65 54 18 8 76 43 98 67 90 21 47 94 38 89 65 26 79 62 18 97 78 85 45 22 56 79 34 26 5 66 65 27 22 48 48 80 5 92 18 38 30 35 62 98 28 30 21 59 14 45 31 48 31 19 22 9 52 59 32 
50 24 74 22 29 85 49 14 46 5 38 7 23 79 70 65 77 91 54 90 8 59 62 19 61 88 69 44 26 1 71 11 50 46 59 30 83 91 9 83 0 78 39 84 83 78 2 59 55 45 35 7 61 52 38 75 76 74 83 18 74 59 76 85 49 26 43 61 62 72 83 76 4 38 72 77 92 29 6 66 20 89 98 82 14 24 29 19 67 95 1 93 68 13 70 23 95 39 28 26 
52 97 1 72 10 19 65 23 68 69 0 2 21 3 27 63 44 43 31 22 68 41 11 57 28 17 85 52 37 7 3 82 19 60 21 44 0 67 69 98 75 35 98 72 98 87 54 44 2 5 40 53 43 51 88 41 26 90 24 22 77 1 79 89 39 63 80 16 16 12 54 85 87 61 25 4 89 16 67 18 89 74 91 31 46 12 30 81 75 48 28 41 54 9 22 45 62 0 10 7 
29 33 42 41 22 49 0 53 28 89 69 95 12 46 21 73 63 94 83 22 66 8 38 74 29 35 78 29 58 1 86 26 72 58 74 66 48 29 89 28 6 15 57 51 27 17 38 46 41 48 20 16 4 52 64 77 60 95 20 55 3 92 82 72 40 94 14 31 35 67 18 64 79 87 44 74 98 79 50 47 21 10 61 22 67 29 22 29 34 58 36 16 83 35 8 2 53 3 41 80 
9 62 89 86 32 13 27 23 6 61 73 28 74 28 13 73 18 83 66 34 95 6 34 39 0 21 49 63 96 92 61 2 97 74 4 10 8 85 25 98 38 85 54 64 28 70 6 77 26 63 82 22 56 72 46 97 97 42 21 92 11 17 92 57 80 67 3 7 48 76 13 76 26 76 83 88 11 48 54 45 73 11 28 6 84 37 51 69 99 54 12 52 76 51 43 80 9 1 96 9 
50 40 14 73 51 91 78 23 76 94 26 1 86 5 98 1 79 63 86 72 5 13 45 60 23 48 10 12 52 68 61 38 80 50 41 44 68 53 68 86 38 20 42 6 5 87 57 69 34 63 39 69 95 7 50 28 47 45 5 36 53 28 16 3 26 59 58 18 45 13 12 12 42 55 9 64 47 99 36 66 4 66 18 57 57 24 21 23 40 62 95 41 69 5 43 75 74 2 17 34 
63 93 80 98 90 73 89 18 71 15 77 77 37 47 19 48 96 48 95 34 22 0 2 59 31 55 99 43 38 62 89 37 13 11 70 63 84 3 60 85 53 41 82 70 78 65 21 53 91 67 71 76 38 9 32 25 88 34 75 62 94 9 31 10 27 53 55 52 52 86 91 56 41 48 64 76 66 62 93 29 66 30 27 22 31 91 46 19 26 31 1 70 76 90 24 14 58 34 43 33 
48 13 2 64 0 8 35 12 1 29 55 71 58 19 37 35 37 56 24 26 52 64 39 63 82 5 94 17 93 38 46 61 90 87 64 80 69 89 43 89 80 38 15 52 14 52 46 68 21 74 29 74 7 87 58 34 39 65 93 22 4 45 44 21 26 34 71 85 69 27 43 8 58 77 65 15 94 39 38 33 10 20 51 26 85 18 30 59 36 68 59 81 39 3 88 16 26 57 69 99 
63 90 57 93 19 50 21 77 35 30 33 29 24 57 28 27 88 7 27 9 52 93 14 80 91 24 31 79 60 7 91 17 91 10 75 59 11 77 14 98 20 35 51 48 79 31 85 57 31 68 93 45 99 33 36 16 99 52 65 30 91 54 21 40 73 87 94 78 75 26 97 77 73 0 83 76 20 1 34 3 71 19 75 83 49 98 19 92 12 0 82 12 12 17 99 11 42 17 46 47 
46 13 78 86 3 68 95 82 18 75 74 29 14 7 90 65 35 45 80 50 88 74 14 61 6 28 17 79 73 33 98 86 89 74 81 75 57 47 49 33 74 45 23 72 76 76 58 58 84 82 54 42 69 19 24 70 89 35 18 67 86 29 24 74 94 90 85 97 63 44 45 15 15 51 87 76 79 73 35 52 20 33 99 61 71 40 85 55 37 38 35 8 50 98 94 44 51 23 24 47 
62 1 89 40 65 81 23 56 97 8 81 92 28 39 21 3 56 79 2 23 87 49 20 5 72 69 57 23 40 22 48 95 68 57 24 77 8 7 75 41 81 24 91 49 19 50 17 43 30 6 48 39 38 65 41 72 77 68 57 60 3 48 30 49 16 16 57 54 57 50 75 62 24 98 30 51 1 72 35 94 45 59 6 90 14 96 26 58 27 85 13 95 14 47 62 62 7 51 69 18 
87 12 38 92 64 68 34 52 75 55 43 43 95 8 23 89 40 3 14 61 72 79 11 91 5 77 19 90 31 60 80 14 99 10 38 11 19 75 75 94 72 37 28 19 58 56 50 40 99 95 6 45 99 37 41 5 34 49 35 64 47 48 74 69 23 13 29 74 53 59 29 9 84 33 32 21 17 2 76 34 0 98 18 53 9 17 64 80 59 86 60 25 67 47 74 8 53 3 88 41 
5 56 40 22 64 75 49 62 37 16 93 23 81 18 18 34 49 70 76 21 31 30 99 52 8 94 74 10 41 78 47 49 91 7 55 48 59 78 92 90 93 61 61 17 80 45 98 76 75 52 77 19 95 4 8 98 69 15 4 12 1 53 53 42 43 42 59 93 45 40 29 96 37 37 79 77 24 85 33 42 91 11 34 59 90 76 63 90 58 12 61 41 11 23 44 35 2 67 40 50 
26 40 79 77 38 72 13 98 70 25 21 36 42 35 21 16 52 38 63 97 64 79 17 83 74 2 74 85 55 12 22 73 35 6 84 40 34 30 1 21 69 0 40 3 87 72 80 87 9 22 90 94 50 46 7 43 23 81 52 60 30 79 64 42 31 82 2 62 15 39 16 21 1 64 63 95 31 38 24 96 86 48 14 31 96 40 77 23 53 40 10 95 71 67 64 89 39 29 14 62 
49 28 70 24 43 84 10 3 53 14 33 22 70 84 24 97 55 20 37 47 16 3 59 70 31 36 88 73 6 53 52 37 43 19 75 14 94 76 56 28 13 46 26 2 42 47 95 90 26 48 0 27 32 10 37 6 78 85 41 74 44 79 68 18 89 73 46 37 54 40 99 10 15 79 25 63 40 67 25 82 89 79 54 1 78 85 30 63 50 76 27 1 25 15 33 82 19 15 4 22 
15 56 49 27 76 94 52 58 7 93 28 16 32 5 51 32 61 68 15 76 73 36 89 18 18 82 76 45 78 99 73 95 98 89 43 6 87 65 4 62 4 54 6 13 56 14 82 70 50 47 52 54 78 57 41 44 86 18 5 94 57 83 9 4 18 49 69 5 56 70 45 40 25 96 49 33 8 62 8 28 72 90 21 44 10 31 97 24 17 9 88 94 88 85 44 21 83 1 66 29 
0 15 6 83 25 81 62 75 77 1 61 69 19 54 89 71 23 18 10 61 32 57 9 16 88 27 42 5 2 85 96 53 46 42 61 73 52 51 76 47 66 51 5 53 43 69 78 99 87 7 68 48 78 16 72 37 12 60 70 12 38 30 73 62 66 58 48 79 18 32 37 99 19 33 80 30 25 89 94 31 46 84 63 0 27 17 68 9 96 35 69 51 20 42 30 79 12 98 44 31 
96 67 47 84 64 93 90 1 40 44 98 11 23 74 90 26 52 76 74 59 20 2 79 90 2 47 19 5 13 68 61 49 86 44 59 1 2 16 46 65 56 84 2 60 54 62 46 90 15 24 54 19 45 12 44 20 38 15 48 11 45 39 51 8 82 71 81 83 48 51 93 76 42 39 73 70 51 34 0 47 79 43 60 30 38 45 79 58 39 4 76 78 58 11 97 9 10 67 73 45 
62 12 47 42 53 23 97 76 39 8 22 9 93 96 28 8 16 81 2 7 78 85 48 26 82 52 57 44 85 38 82 37 13 45 28 0 13 31 12 83 21 34 52 14 43 27 13 72 38 0 99 32 90 42 64 14 60 94 21 28 56 4 73 83 84 96 92 42 2 7 11 7 77 30 36 87 4 96 60 19 76 46 27 20 71 10 44 15 44 6 54 65 61 31 35 84 35 43 94 15 
1 10 74 3 0 75 84 83 17 79 97 20 10 32 14 16 82 11 24 0 67 82 84 20 7 72 5 80 39 61 67 28 45 50 64 67 92 16 49 72 12 5 76 16 37 96 23 56 37 40 32 54 36 87 82 81 87 91 78 18 42 94 39 44 71 50 35 36 72 35 83 90 19 76 97 95 28 83 20 63 23 49 11 68 76 49 86 55 95 40 97 19 43 82 46 16 70 86 57 54 
29 43 10 58 94 85 83 44 67 34 75 90 45 3 58 71 13 65 2 47 18 48 29 78 79 64 60 92 2 79 87 72 37 16 54 24 87 5 76 31 15 87 93 8 9 80 61 2 97 93 75 49 4 93 59 64 68 50 20 71 15 99 73 15 11 66 46 91 13 54 38 29 47 16 50 50 46 9 88 74 48 59 53 76 30 9 59 21 73 76 72 49 58 67 43 14 48 33 84 56 
9 38 18 18 11 23 26 35 48 2 99 7 96 90 20 0 99 34 53 32 67 44 62 8 38 87 80 78 82 25 70 2 12 75 15 86 40 14 68 12 72 88 1 92 91 73 95 22 79 34 21 89 0 91 7 89 55 76 58 87 68 82 9 6 19 99 87 91 41 88 98 48 1 41 27 98 52 66 3 94 31 48 58 89 6 53 58 90 74 0 63 28 67 45 76 67 22 61 72 72 
30 48 66 72 11 18 93 64 16 92 36 63 42 35 18 72 25 30 77 67 22 45 76 61 85 16 85 78 7 60 99 71 8 28 33 0 11 96 35 43 94 3 90 30 64 1 35 17 8 55 18 0 15 73 57 23 73 64 46 87 88 10 48 36 82 91 27 7 32 98 45 87 78 19 33 90 41 37 2 45 55 26 15 92 6 66 89 58 63 62 48 29 8 10 87 60 72 5 43 26 
70 91 63 27 69 92 1 92 82 47 94 15 6 9 98 35 34 87 78 49 28 76 75 36 4 4 36 39 10 98 19 44 50 1 20 67 81 6 29 11 86 19 77 64 18 30 35 50 39 79 42 85 87 72 19 62 43 56 66 12 5 34 57 10 23 63 97 84 73 45 98 12 18 21 65 0 54 55 68 45 18 40 94 66 4 85 8 48 17 74 6 24 12 73 30 28 1 61 98 98 
46 57 16 19 1 5 95 38 26 43 3 19 34 45 26 63 24 10 37 97 14 18 69 30 64 44 82 57 61 31 43 0 18 90 67 43 87 7 91 3 54 21 86 61 7 86 21 56 98 81 7 67 87 33 52 55 71 5 92 49 37 89 75 91 12 24 35 89 24 7 29 58 39 15 99 18 21 3 17 30 58 93 54 38 11 73 10 35 55 81 46 49 96 99 24 42 68 72 7 84 
89 74 69 8 24 16 59 95 89 88 64 49 48 74 86 87 26 79 82 9 52 65 94 89 27 45 68 70 67 44 76 13 17 86 94 64 2 48 53 88 50 45 7 44 89 84 43 42 69 40 23 62 36 43 61 24 52 55 76 63 36 86 2 51 40 41 41 79 4 31 7 48 5 30 6 92 80 51 72 58 99 26 82 49 1 41 3 39 54 9 36 80 47 36 49 99 19 49 30 12 
42 57 47 19 16 80 41 40 2 99 90 12 9 59 55 98 47 9 52 69 41 35 55 94 17 8 85 45 73 8 37 32 8 10 6 34 42 13 79 81 6 20 13 39 81 73 62 51 20 37 71 43 54 78 95 80 9 36 45 72 54 92 22 47 71 78 80 85 0 30 42 11 28 38 65 68 65 86 6 82 10 76 30 17 56 28 2 55 59 66 38 16 71 95 0 68 42 78 77 51 
40 52 36 33 48 6 70 46 36 33 13 11 88 77 67 98 43 95 9 78 56 65 73 75 31 92 40 56 82 28 0 73 1 73 54 91 87 14 23 82 95 93 93 31 67 90 23 54 72 69 36 14 90 5 95 30 66 71 94 2 57 77 27 15 87 79 44 74 16 15 90 40 41 36 75 42 38 98 10 11 26 24 23 2 76 90 23 64 73 39 70 47 85 74 36 60 30 65 37 6 
79 94 69 75 66 5 78 51 5 81 39 50 17 46 29 55 59 20 76 7 74 18 28 66 58 33 12 88 55 78 87 54 69 69 33 0 59 32 72 70 85 55 0 78 86 9 67 61 73 31 73 83 56 79 16 12 10 68 71 0 54 48 32 27 53 26 90 18 34 93 80 25 0 96 75 57 68 32 37 47 93 55 75 9 96 42 65 77 59 21 4 20 69 50 33 37 15 11 47 90 
2 16 45 9 92 52 57 75 91 15 23 82 72 92 78 25 36 39 96 92 33 74 69 99 50 12 34 75 44 42 22 99 68 45 96 93 9 32 6 77 16 10 65 73 72 38 46 58 79 59 81 65 2 2 60 10 0 10 66 69 47 98 29 54 98 5 49 87 78 46 17 30 93 85 55 73 39 58 15 28 89 96 48 10 48 81 10 48 20 0 83 56 36 91 21 54 87 70 7 7 
71 67 92 96 5 20 36 69 93 14 88 17 91 3 40 48 2 51 87 70 37 90 55 80 39 1 54 56 59 61 60 46 4 72 65 20 93 15 73 94 32 99 74 54 72 9 91 74 1 20 95 87 75 36 7 92 61 72 55 40 63 87 82 4 74 99 77 81 95 82 86 51 2 42 17 70 80 28 51 58 96 92 73 0 50 42 83 85 85 12 54 9 14 66 2 52 88 22 36 40 
10 17 43 21 23 1 65 11 92 22 61 8 51 7 34 5 79 28 47 22 72 65 49 60 16 4 68 3 62 75 22 20 30 65 72 56 29 2 34 85 47 1 77 77 70 69 59 49 65 31 18 12 61 71 41 76 74 51 16 80 93 64 82 67 44 20 12 15 98 68 11 89 9 27 78 21 42 46 29 41 80 1 98 35 68 70 70 34 83 77 97 76 56 24 70 81 35 91 64 67 
54 55 54 79 7 74 30 71 94 6 99 80 53 40 77 78 89 2 44 1 35 96 57 26 35 54 40 59 15 71 76 51 95 50 89 66 28 36 47 67 2 85 60 87 75 62 0 69 33 4 74 2 83 78 86 7 62 24 49 85 21 30 52 52 71 43 45 19 92 84 2 23 19 16 35 41 34 69 63 77 15 78 41 49 10 34 33 3 46 65 24 30 56 62 48 58 69 53 89 97 
76 42 19 25 76 61 89 47 79 71 13 14 99 61 98 49 88 96 98 69 38 9 67 31 48 38 8 64 94 64 23 53 87 14 74 65 50 54 22 33 85 34 24 59 62 90 30 99 57 44 68 70 7 52 8 39 54 9 27 74 93 60 53 95 93 88 30 48 91 89 34 14 88 1 82 73 87 96 96 82 50 38 85 13 92 22 21 39 25 81 86 33 22 93 88 18 22 32 5 13 
69 96 33 67 57 68 96 20 6 78 55 79 26 90 71 75 17 83 76 30 41 5 57 29 85 43 40 14 35 66 1 77 91 70 58 91 51 10 30 71 28 2 38 21 74 92 43 75 78 96 85 77 78 17 60 49 31 27 57 28 83 58 75 32 82 70 90 43 26 21 63 6 40 99 78 69 76 20 65 10 56 51 62 32 37 97 2 30 51 87 91 64 79 56 35 41 5 22 9 2 
30 40 1 78 6 97 47 70 46 99 89 11 38 41 22 34 17 81 49 11 85 40 29 17 33 93 44 73 40 17 67 41 44 59 94 15 70 59 81 65 88 67 22 55 92 91 52 20 11 13 11 5 14 63 64 72 15 83 83 75 76 79 52 55 7 83 19 16 89 11 92 50 37 13 21 90 95 23 41 77 38 93 25 36 97 30 88 36 57 55 57 0 79 64 88 61 20 66 72 26 
26 16 23 80 89 42 34 39 38 59 81 54 46 65 79 31 42 87 1 78 17 90 52 8 64 92 34 39 45 45 97 92 94 62 60 32 32 40 57 31 21 53 36 90 47 26 12 27 98 40 35 86 85 46 9 98 52 51 55 52 8 40 97 71 80 78 53 9 23 45 42 5 93 59 1 14 78 50 86 99 60 99 93 75 45 37 91 10 13 61 19 93 93 20 26 95 20 82 90 72 
4 72 93 38 9 96 49 77 6 98 47 99 0 99 85 50 3 54 12 29 94 39 62 9 14 99 22 31 58 99 97 0 86 88 69 49 5 47 49 25 91 79 96 53 3 16 17 38 69 69 6 75 19 3 23 73 13 47 14 27 19 17 69 38 38 11 79 31 62 30 43 91 90 48 85 91 0 17 38 60 42 9 26 11 25 70 12 48 94 42 14 68 70 89 69 82 58 72 23 84 
38 28 75 65 54 80 90 85 95 40 95 91 51 44 48 42 59 21 43 55 87 50 21 14 91 33 66 87 5 83 81 15 72 53 27 99 27 29 66 84 8 88 10 0 19 65 64 12 81 2 97 2 86 18 89 96 75 3 64 66 0 8 61 37 77 89 81 96 18 66 62 40 4 61 37 10 30 8 21 36 28 63 94 92 79 73 24 59 21 13 71 22 26 59 82 73 79 12 94 21 
94 78 10 80 90 92 70 70 32 25 52 10 47 79 21 17 80 61 83 15 45 49 62 16 91 28 89 52 17 3 55 94 51 99 62 40 87 79 35 88 98 52 46 31 34 97 40 27 35 73 14 19 8 90 87 31 35 27 78 77 40 36 89 94 81 16 90 98 25 87 32 23 31 73 5 7 94 59 9 59 15 53 80 67 77 83 60 44 59 80 65 93 74 56 95 53 5 93 86 0 
15 80 63 64 96 21 89 17 42 8 29 80 21 25 35 64 68 10 34 19 22 96 54 48 61 3 71 0 34 46 93 70 42 87 98 22 15 78 80 18 6 52 32 76 79 29 49 86 9 14 1 47 49 29 64 69 49 22 23 83 81 7 12 9 8 34 79 66 47 73 40 69 58 63 25 59 16 53 79 84 37 39 84 72 22 52 41 88 32 47 53 77 13 56 59 84 88 51 84 87 
69 23 90 75 19 49 14 98 13 69 5 51 35 29 49 35 23 54 43 10 52 20 6 79 98 90 6 76 38 60 25 34 27 54 2 11 80 46 77 21 84 66 23 18 32 60 58 64 24 69 55 83 61 11 25 44 60 83 77 73 59 91 88 82 24 80 32 62 86 26 27 43 4 42 84 26 99 72 48 42 27 19 8 94 85 58 96 85 56 0 15 98 94 62 60 29 60 24 92 84 
52 57 16 5 73 86 26 55 52 38 59 46 30 71 60 4 2 28 1 38 1 82 17 88 67 67 96 60 95 97 81 44 10 75 28 6 92 63 3 92 55 64 63 44 56 8 17 17 63 89 29 94 7 19 67 82 46 93 57 89 86 57 49 79 0 49 23 67 48 23 28 33 49 87 7 91 26 28 40 72 65 8 72 73 47 21 1 29 76 60 7 20 17 79 34 36 43 41 24 35 
97 32 97 79 49 80 73 71 55 82 77 21 83 51 58 85 20 42 11 21 16 88 10 76 98 83 25 36 2 52 28 47 88 37 25 74 55 41 75 53 51 66 28 21 5 49 83 23 90 88 37 17 67 29 37 78 71 9 33 38 53 47 35 31 96 65 50 33 72 76 38 69 87 24 45 4 27 66 50 82 14 14 42 57 76 99 26 98 3 9 56 79 53 20 81 70 57 66 58 49 
55 15 49 70 25 20 3 41 62 98 60 40 75 55 75 18 67 50 19 35 91 55 8 67 29 69 70 72 40 63 62 54 0 92 38 1 28 98 96 77 61 6 57 65 21 97 40 84 44 30 97 45 57 31 62 17 61 21 77 7 3 36 54 51 16 5 67 29 17 82 2 99 93 84 49 22 60 7 25 82 56 87 71 41 92 37 38 54 38 68 83 60 5 41 17 52 58 20 70 79 
