7 48 64 79 43 50 62 54 3 99 45 17 5 14 48 91 35 15 84 95 65 70 56 91 65 45 9 73 68 19 86 79 6 86 23 32 77 28 32 83 78 18 60 92 37 12 46 5 19 16 69 59 36 72 83 9 34 90 55 63 78 27 99 79 69 83 91 32 12 53 16 68 19 4 83 20 60 4 77 17 86 10 71 5 76 42 78 26 52 12 93 83 59 13 38 64 59 38 33 79 
38 41 58 0 9 63 86 72 81 25 25 2 33 71 67 38 0 94 51 63 52 74 87 90 59 63 69 92 4 63 65 12 94 72 8 96 60 49 96 61 85 43 10 93 82 54 80 69 68 10 51 96 92 23 92 19 0 95 97 40 57 22 58 79 93 94 48 59 81 4 59 43 35 94 51 18 20 27 28 15 17 36 30 60 95 21 13 11 20 23 93 78 32 91 2 70 97 87 67 90 
71 43 5 77 39 42 9 88 56 10 73 68 62 18 11 47 42 47 42 81 67 1 39 34 76 34 7 79 9 95 54 41 62 70 55 32 17 56 80 43 68 7 4 95 63 99 88 7 43 57 59 51 31 76 45 92 58 91 2 10 77 62 2 55 79 69 48 83 70 62 28 48 23 35 61 69 93 90 51 77 5 31 28 81 50 59 97 26 80 22 3 40 98 64 42 68 72 8 42 15 
37 61 88 23 53 24 68 37 67 33 69 92 29 57 0 12 39 32 45 71 69 68 14 20 43 78 40 73 92 67 47 15 6 13 66 11 83 59 73 19 13 3 10 70 74 75 16 52 59 74 13 13 81 51 54 7 29 74 34 54 12 78 97 16 46 15 68 81 0 36 71 81 71 72 41 23 64 9 65 52 13 93 95 69 33 44 0 69 82 30 94 82 70 21 42 58 96 25 39 24 
53 36 83 21 58 48 8 88 83 63 92 37 85 69 53 6 40 36 16 77 12 12 29 58 65 60 18 16 48 37 27 25 16 21 49 51 37 67 85 57 80 57 60 74 35 74 85 56 6 61 14 44 3 30 86 1 57 71 19 10 35 74 48 56 63 69 25 20 49 1 21 13 26 96 56 36 72 84 61 69 36 73 98 25 17 50 15 92 35 83 87 69 68 27 89 48 25 39 23 88 
45 86 64 65 57 94 47 71 75 39 18 23 57 7 20 81 28 10 98 99 14 70 52 93 3 54 75 22 99 74 6 86 53 91 70 44 38 20 26 30 77 12 31 14 97 10 55 47 55 77 24 49 38 26 32 89 41 42 30 57 4 32 27 51 17 46 27 39 60 91 1 77 48 73 14 71 73 52 64 0 31 83 53 26 48 89 28 6 61 79 86 90 24 88 22 98 90 88 62 61 
43 38 36 13 42 91 13 38 36 12 95 56 95 96 13 40 11 17 99 68 55 49 43 12 40 30 83 12 3 14 4 83 36 8 47 82 23 71 45 90 58 22 16 38 67 12 32 20 55 81 87 2 91 40 1 76 91 62 86 56 96 22 53 65 14 31 37 35 61 11 98 19 79 26 11 79 47 95 13 93 37 68 86 12 82 68 67 21 77 40 27 63 26 74 77 90 49 54 95 93 
46 49 32 15 32 88 87 82 12 9 25 1 76 16 49 79 55 49 82 80 62 32 57 77 24 0 16 34 6 0 29 92 42 16 3 87 8 16 73 28 81 82 44 16 52 76 8 19 11 67 94 77 71 22 45 45 66 94 77 31 80 83 71 99 23 7 10 70 32 6 13 68 55 6 78 67 6 16 87 91 32 2 83 55 55 14 47 91 9 83 73 2 91 94 33 30 43 24 54 22 
50 30 7 31 76 41 75 5 72 52 26 96 44 34 1 19 31 88 7 80 83 91 52 62 91 41 50 70 1 94 3 91 45 49 75 17 35 48 18 8 52 84 88 6 87 76 35 64 37 13 52 16 71 78 98 49 25 80 79 47 74 13 97 86 18 33 20 1 65 81 25 5 2 92 54 36 40 38 10 75 47 31 32 79 90 99 99 91 32 84 61 28 49 41 80 67 7 39 4 31 
44 98 54 23 77 40 92 74 31 66 22 27 25 43 49 51 78 44 46 73 13 7 21 90 26 70 63 25 39 4 37 64 95 21 62 75 25 8 90 49 32 66 99 85 61 62 24 63 78 69 1 7 98 86 10 48 49 28 95 69 6 82 84 64 54 4 80 0 22 89 56 97 60 48 77 9 81 78 33 13 83 60 26 24 45 41 27 23 75 39 28 34 93 43 96 34 65 33 38 60 
41 61 13 61 9 18 91 10 65 37 35 41 59 2 54 48 6 41 91 83 3 91 86 49 79 2 79 19 21 62 6 39 49 17 46 58 22 18 83 60 91 66 48 65 56 47 56 97 59 0 11 27 14 40 25 61 72 62 23 39 90 6 89 18 70 66 87 47 12 51 95 88 65 4 70 38 62 47 74 41 50 20 47 71 94 75 40 79 44 37 5 17 86 85 27 29 65 30 56 93 
45 21 40 14 86 9 90 91 16 51 14 76 79 47 11 64 49 82 97 35 92 26 57 21 35 11 0 95 81 83 93 35 60 64 1 82 19 88 80 93 30 73 58 23 12 83 3 2 23 15 62 16 75 9 95 60 40 36 88 69 98 80 89 54 10 16 32 22 51 61 36 23 64 63 19 25 43 3 10 16 74 56 40 34 14 50 91 46 50 4 6 86 57 24 26 2 58 45 87 97 
2 32 69 99 91 31 52 51 92 70 69 15 40 91 39 27 56 93 64 2 55 27 11 79 93 37 34 74 12 83 91 85 16 21 81 77 22 91 80 93 73 30 8 47 33 34 34 88 81 98 96 89 98 53 59 99 34 86 34 39 60 62 8 26 70 96 90 26 21 54 58 98 32 42 71 99 11 35 7 36 25 41 13 46 56 58 78 27 72 55 29 4 99 14 2 18 99 9 37 86 
56 63 84 43 8 14 58 35 48 41 8 45 57 82 63 14 27 50 96 31 96 80 45 22 4 4 41 78 68 93 14 36 48 60 88 55 34 38 84 24 23 96 22 79 36 30 20 13 14 6 80 2 49 73 28 80 31 90 64 20 99 94 64 65 88 20 39 23 37 86 59 46 97 16 73 31 87 71 3 98 69 32 0 57 44 34 44 79 13 37 44 44 83 45 57 68 85 83 72 27 
9 82 37 48 73 41 20 13 92 78 87 37 21 2 62 3 84 43 7 86 25 70 93 78 33 59 43 14 54 21 33 34 66 30 63 59 3 15 61 28 65 8 1 36 41 86 74 5 65 96 21 51 23 83 91 1 59 98 59 47 91 6 28 4 89 51 68 42 47 82 58 5 14 95 61 8 49 58 50 50 15 38 48 91 8 66 90 89 32 40 65 82 36 42 6 55 85 47 38 6 
10 14 48 63 5 93 35 40 74 52 37 51 91 27 62 32 23 10 9 39 84 79 4 11 10 97 51 60 54 35 7 95 11 19 3 79 36 69 42 93 23 6 22 11 8 9 29 10 60 39 38 39 11 57 10 67 8 76 83 18 97 84 0 32 11 69 31 84 34 6 60 38 48 19 58 24 42 6 63 32 52 72 71 0 2 65 65 54 71 41 57 50 37 8 93 45 17 69 11 71 
16 38 47 49 13 91 37 7 2 60 1 47 78 31 37 27 73 43 6 19 85 29 67 71 26 41 18 35 13 21 56 88 97 12 84 42 95 22 87 34 87 93 34 11 62 71 35 11 70 15 25 83 16 5 43 83 49 30 23 14 95 62 19 38 21 60 39 42 14 76 40 5 25 79 72 19 72 8 35 69 99 16 98 6 40 31 50 78 45 70 43 97 8 93 86 18 25 26 31 81 
32 85 95 75 9 5 41 75 25 26 43 44 27 4 88 54 75 73 24 45 54 7 3 9 67 81 81 47 39 38 2 94 63 9 57 25 22 70 94 60 76 77 68 33 87 15 12 6 23 89 36 56 9 36 43 14 72 25 66 38 94 76 42 98 90 44 34 59 76 32 31 22 98 41 54 28 1 31 75 76 92 45 96 78 68 65 27 51 63 91 35 22 7 64 0 77 49 18 34 36 
15 22 76 88 2 35 85 4 56 21 31 21 4 64 50 68 90 54 35 64 29 42 57 28 32 78 40 89 49 23 5 76 8 56 1 91 16 69 77 34 97 1 20 72 93 6 43 5 88 11 70 10 70 73 68 67 12 42 49 73 81 52 94 56 18 2 69 39 44 56 53 13 2 3 44 66 2 95 63 62 44 60 54 81 92 14 8 16 87 97 33 67 10 27 58 8 38 72 29 10 
35 77 2 58 74 76 13 82 56 55 62 67 61 37 93 12 85 60 85 3 90 97 82 88 82 6 17 55 23 98 81 95 16 6 20 44 77 14 64 41 54 42 99 71 76 34 16 44 16 35 46 83 52 80 9 59 19 75 99 78 53 93 81 56 59 21 71 72 40 99 54 66 8 44 67 18 51 51 2 60 62 67 73 33 29 0 14 9 24 92 64 84 4 83 1 94 81 28 55 98 
14 89 88 94 10 49 30 41 76 77 89 49 77 13 84 24 74 91 13 9 42 7 12 34 85 13 68 20 77 1 43 37 51 30 97 65 61 41 56 32 71 78 27 43 31 27 68 13 66 39 77 72 32 42 10 80 59 8 31 51 19 15 41 25 60 13 59 58 8 40 13 38 82 71 25 45 36 34 84 51 81 78 0 81 94 12 31 1 86 78 22 78 59 6 59 60 16 13 44 66 
75 63 77 0 19 25 75 67 47 86 26 47 88 23 88 29 45 69 15 61 27 45 29 2 26 45 10 91 83 20 6 84 67 92 55 78 18 19 25 94 32 40 92 29 18 38 42 52 8 93 42 22 61 83 24 58 27 2 10 33 25 41 50 81 63 76 60 27 9 84 7 86 39 46 83 88 63 39 78 53 87 68 91 97 68 14 66 63 15 80 78 48 99 64 71 68 56 64 76 23 
54 34 72 10 25 90 3 37 79 86 99 16 30 6 48 93 25 9 69 69 53 79 71 64 88 25 51 30 16 66 55 3 72 96 29 7 61 54 60 43 47 59 63 95 30 87 31 40 95 20 63 71 49 32 14 94 73 44 52 27 93 64 53 91 48 49 2 93 91 88 97 35 78 86 44 19 26 55 33 58 46 82 37 38 23 37 69 46 29 57 31 58 14 33 25 2 89 19 71 19 
11 75 96 96 77 75 7 59 67 22 46 24 98 81 26 77 8 59 32 15 56 80 60 27 16 84 4 77 3 49 32 85 22 26 71 71 43 18 68 25 79 97 34 42 76 16 24 5 11 62 9 21 86 13 63 52 50 27 18 79 91 95 72 60 8 23 43 55 72 23 95 65 68 86 28 3 23 35 9 13 21 43 2 42 12 41 88 18 76 69 71 97 11 65 97 20 27 45 36 73 
52 47 11 8 86 66 33 91 84 38 47 66 36 60 85 80 53 90 66 88 35 50 67 43 90 15 61 84 85 0 74 73 68 28 57 50 92 10 89 80 94 6 20 67 34 75 4 27 25 10 82 32 9 42 45 84 9 50 13 45 97 0 20 90 67 88 30 98 61 88 36 31 21 97 0 30 71 46 71 32 5 95 8 58 97 17 51 80 18 20 12 98 60 85 7 21 21 29 75 1 
12 6 22 71 89 92 77 72 77 67 72 2 28 91 36 83 36 47 31 16 20 66 48 88 76 31 71 49 67 37 31 42 38 67 94 42 55 51 97 87 2 60 94 2 30 56 10 67 80 32 2 32 87 69 19 59 32 79 48 19 0 14 85 86 49 70 38 80 34 19 22 79 97 47 24 52 4 68 29 73 24 9 84 27 16 31 86 98 21 99 50 62 80 10 8 32 65 21 8 14 
70 82 2 51 35 19 59 31 5 50 42 73 44 44 0 90 98 2 57 69 85 28 52 39 59 24 97 25 80 51 29 60 4 86 74 88 91 28 59 76 85 9 54 49 93 70 43 32 53 80 96 5 75 7 36 94 18 4 32 49 72 60 97 93 3 86 61 46 57 94 92 46 21 35 22 87 2 20 78 90 30 11 87 18 87 34 88 2 1 14 81 91 60 44 7 46 95 17 73 20 
2 69 93 26 19 67 57 11 11 56 35 28 4 94 29 23 62 79 93 24 78 66 96 52 9 35 29 6 37 37 4 82 40 69 36 56 50 57 90 94 45 44 82 93 79 4 15 45 55 76 43 79 47 56 16 3 61 61 33 90 48 49 39 41 30 14 95 67 75 9 0 75 67 79 61 30 55 71 85 16 26 23 65 80 3 60 70 89 7 86 24 97 8 69 46 17 73 16 15 83 
52 75 28 40 53 52 78 70 61 6 3 7 88 86 88 58 66 6 70 29 76 34 14 60 57 0 81 69 51 91 11 49 68 56 94 74 28 93 47 70 17 65 49 30 59 63 81 74 21 34 16 52 14 34 50 95 32 24 84 30 91 20 69 37 67 66 42 11 55 93 82 77 5 24 26 6 6 81 46 43 47 36 92 57 76 76 14 77 32 8 50 39 97 13 43 74 62 6 99 55 
46 76 32 28 7 39 56 63 2 72 56 39 81 53 37 53 62 17 92 75 14 1 28 77 18 83 27 45 88 57 83 85 57 34 88 86 26 50 77 0 73 60 86 55 57 71 45 56 85 82 41 76 33 97 54 68 81 7 43 57 9 13 28 86 57 55 72 4 66 77 54 94 82 73 50 49 41 63 94 89 68 57 53 97 37 9 12 39 58 59 60 79 54 55 23 86 57 27 46 90 
88 93 98 60 74 3 62 65 21 50 81 49 11 0 24 9 2 65 46 59 66 17 41 67 42 12 8 16 82 70 7 11 51 80 47 55 39 74 75 38 15 31 57 71 27 94 85 73 1 78 15 71 32 52 60 68 57 59 46 52 99 4 87 60 72 75 83 43 44 42 45 61 37 93 96 68 75 58 6 45 33 38 32 28 64 3 55 87 76 55 51 44 56 81 58 16 65 63 51 59 
34 32 95 18 31 2 52 60 23 46 89 64 26 55 65 85 79 44 71 51 38 42 57 77 9 18 59 52 40 6 7 51 99 62 55 48 63 41 7 38 19 5 79 34 69 83 2 43 71 46 52 81 43 43 85 49 63 65 0 31 1 58 67 36 74 85 23 83 67 42 55 34 20 87 52 80 13 32 79 41 51 9 50 20 20 98 43 32 33 35 27 74 42 45 63 42 39 58 64 12 
34 16 12 25 65 4 55 82 70 88 91 24 68 37 48 69 60 95 55 70 75 13 89 57 93 49 14 68 19 27 86 47 53 29 52 23 35 4 74 15 81 57 52 80 20 30 4 51 47 38 4 78 30 41 38 15 73 65 93 55 49 46 61 91 39 92 29 83 21 99 27 40 12 58 92 36 50 56 76 83 93 79 56 84 77 1 29 41 67 37 92 51 77 30 65 5 0 98 21 70 
63 1 7 13 30 59 64 29 11 11 93 37 7 86 29 53 44 68 56 82 50 57 91 79 28 26 13 40 44 57 22 51 9 22 6 77 56 12 39 66 97 64 87 8 24 79 64 93 4 22 13 47 94 69 86 99 73 84 54 5 36 94 48 71 88 3 55 68 12 17 11 32 90 73 25 85 9 22 21 83 72 34 97 31 99 97 64 16 28 47 76 32 39 17 5 14 71 86 52 11 
77 22 90 14 74 3 13 43 20 0 43 12 76 82 44 23 62 81 63 42 17 95 67 8 41 15 80 71 42 12 35 90 96 91 42 13 47 83 25 19 11 39 64 7 88 73 58 34 38 9 41 92 81 40 55 17 27 94 80 74 62 54 9 12 3 72 17 32 23 71 38 72 98 56 70 73 61 11 46 33 80 53 7 59 35 22 99 60 76 75 34 64 38 50 50 74 33 61 19 16 
90 61 0 83 55 80 30 18 90 36 54 16 31 33 28 10 40 53 68 69 28 95 26 53 22 6 70 31 43 70 6 21 78 43 62 28 88 53 72 93 48 16 60 62 67 54 86 50 35 37 31 59 20 73 56 96 43 57 84 96 91 24 88 2 1 43 10 2 97 37 71 54 85 24 81 48 56 30 19 27 36 18 89 75 47 76 11 54 76 38 46 5 24 1 31 64 83 16 34 61 
76 75 61 2 36 58 72 5 63 30 84 28 7 32 21 49 1 22 33 63 5 19 42 85 54 91 49 46 22 49 95 50 79 23 92 9 38 19 23 22 79 39 25 81 21 52 38 40 35 42 16 98 95 31 97 53 54 68 47 65 68 32 89 5 25 88 33 86 45 76 92 78 24 20 70 55 97 12 19 60 32 19 41 75 89 74 6 84 59 90 12 9 40 16 48 54 59 60 76 54 
56 91 8 10 47 52 71 94 95 18 17 50 64 83 8 51 71 80 67 42 29 27 90 73 79 21 75 11 20 46 65 8 79 97 7 46 23 1 27 13 60 36 52 38 39 13 36 94 41 13 46 53 89 1 43 97 28 95 44 87 44 30 95 49 35 23 21 69 56 78 31 37 43 0 48 11 54 37 67 71 76 33 49 27 89 15 52 90 79 58 61 12 59 16 51 53 23 32 58 55 
46 42 23 66 8 8 32 46 4 67 27 31 63 4 82 36 12 53 53 72 36 91 39 42 58 24 70 35 19 15 57 6 22 39 67 35 64 62 70 10 42 96 93 25 35 86 22 41 63 51 2 34 48 8 94 91 92 18 6 52 79 70 0 39 3 60 43 92 98 89 24 96 87 98 69 82 2 72 80 62 80 57 75 77 6 22 77 28 10 19 67 67 36 20 33 41 74 13 86 90 
42 53 67 52 15 30 2 2 86 52 10 38 94 39 31 40 82 45 42 47 18 21 19 53 34 89 40 46 14 54 86 57 72 50 39 85 66 32 2 60 23 51 94 5 30 9 19 4 25 90 15 36 91 73 8 21 63 69 43 50 27 23 17 60 77 40 47 91 9 29 27 37 55 94 25 21 74 99 75 25 94 99 89 67 22 8 40 24 57 48 1 6 17 41 72 8 24 15 5 91 
39 55 86 24 40 67 59 63 76 89 19 98 29 82 96 75 41 0 65 53 27 82 5 90 45 10 66 16 22 35 95 97 12 32 47 49 14 92 60 6 80 72 91 92 15 14 68 16 67 47 59 45 66 55 88 1 2 51 33 41 94 24 2 44 81 62 94 86 19 56 59 44 57 58 86 82 43 2 76 3 52 91 52 40 40 23 82 32 8 33 27 47 8 38 82 93 93 63 99 77 
17 10 93 97 39 40 17 88 89 84 61 76 36 26 58 85 31 70 59 62 76 38 89 37 8 33 27 92 56 34 17 42 76 40 99 42 54 27 84 68 2 67 31 30 64 91 11 37 63 81 22 32 81 32 43 91 19 66 96 48 7 59 93 6 42 61 51 47 27 9 7 20 13 55 2 50 32 78 97 91 38 2 85 5 59 65 5 26 76 19 91 61 76 69 59 37 41 57 61 3 
5 60 26 48 62 16 22 79 2 91 25 84 38 18 90 66 43 67 75 70 23 81 42 84 90 78 99 74 76 8 11 91 36 35 0 1 1 86 43 86 0 54 86 95 23 10 22 27 92 17 68 90 21 37 22 65 2 81 48 65 64 62 83 18 60 69 11 99 27 33 20 26 41 71 30 41 95 57 1 55 26 10 61 91 5 1 38 39 30 58 64 0 27 63 99 81 78 52 53 69 
15 89 46 84 42 58 55 82 4 2 78 42 30 92 78 57 87 27 68 35 81 1 89 72 8 59 49 99 54 83 83 79 18 54 17 32 73 87 82 49 78 27 51 5 79 54 31 43 96 26 90 68 96 23 20 88 52 58 25 85 78 82 36 7 34 92 65 97 73 74 15 82 19 39 10 84 45 40 52 9 67 46 58 47 5 78 73 54 89 5 93 75 72 81 6 67 73 99 57 68 
3 19 82 63 13 81 88 75 28 74 92 28 48 66 54 40 74 43 84 90 90 38 52 92 47 28 71 83 23 40 99 56 25 70 95 45 87 95 21 32 25 96 25 76 67 0 2 34 23 6 8 53 39 2 37 21 48 23 29 20 15 5 97 62 58 92 85 59 46 20 44 2 91 94 73 4 29 91 96 77 70 76 86 43 65 34 21 1 77 78 30 81 61 60 96 45 82 31 37 71 
9 96 35 87 11 8 81 5 81 15 98 7 61 3 83 67 7 40 48 97 68 57 46 47 81 91 44 22 10 85 91 93 36 27 68 12 63 23 80 10 88 48 74 17 4 61 44 2 49 26 93 64 13 37 67 70 76 96 25 65 45 28 71 42 3 85 92 28 58 9 88 60 85 31 26 62 65 32 40 71 56 59 10 83 67 44 39 77 56 94 58 73 19 22 89 42 95 39 91 7 
61 83 7 35 92 70 91 47 10 54 90 3 35 74 13 54 46 56 24 1 48 76 68 98 61 10 8 56 75 55 49 19 38 82 62 54 69 70 12 11 31 74 1 97 70 77 60 4 94 63 4 17 49 64 48 90 58 47 13 92 52 2 26 81 12 52 29 81 93 3 67 40 78 59 70 30 93 63 40 85 20 7 52 42 41 13 59 46 62 11 77 64 76 13 45 44 39 27 40 17 
11 74 70 50 69 59 9 54 45 0 16 38 87 42 55 96 47 7 36 65 85 89 85 89 13 86 3 74 0 53 75 74 55 49 74 14 11 69 86 24 81 20 19 95 27 10 91 10 68 66 14 93 0 53 20 30 75 19 68 99 1 60 37 99 34 98 63 28 77 1 21 5 66 51 48 79 96 30 22 88 87 6 32 6 74 23 9 21 44 42 40 72 85 95 51 17 67 87 65 43 
30 19 53 36 75 57 8 3 79 69 29 7 92 79 67 69 40 35 67 70 90 49 27 33 81 82 57 28 82 50 4 4 30 67 75 94 28 66 39 71 56 17 84 19 55 33 95 6 85 9 67 62 89 2 0 17 51 1 51 35 24 18 11 46 1 69 35 2 93 6 53 78 1 73 7 51 25 16 0 28 97 77 97 85 59 95 8 45 50 8 81 50 80 86 87 26 60 2 97 17 
15 70 94 8 52 53 74 0 93 41 66 39 56 24 33 38 38 87 63 32 95 47 50 62 14 88 0 28 50 56 49 42 13 80 13 38 4 57 44 9 63 86 48 1 39 48 70 90 1 34 53 15 65 38 80 99 2 15 58 23 43 4 94 18 23 97 64 68 86 65 2 23 20 96 3 32 13 62 58 88 5 28 62 58 64 89 9 92 1 31 37 44 44 35 94 61 90 42 33 53 
80 41 80 34 55 84 59 72 46 31 31 17 17 57 17 76 28 88 2 18 43 60 80 42 44 87 91 26 37 37 49 10 40 66 34 33 40 89 80 58 31 65 78 37 17 77 44 81 54 71 70 60 70 62 72 29 4 14 50 78 64 72 71 43 74 66 36 25 60 54 34 9 55 94 75 15 61 40 41 75 65 91 15 7 8 61 65 43 6 50 58 20 20 30 69 78 53 50 81 53 
10 53 24 42 66 28 14 59 18 66 41 79 13 50 91 23 56 14 47 74 32 81 85 97 60 98 73 6 77 15 50 1 94 25 24 29 45 25 46 50 35 75 79 44 47 97 39 79 58 75 10 74 57 74 89 60 20 62 92 69 6 31 43 95 65 73 76 29 95 60 68 44 36 16 65 39 6 1 83 19 7 65 82 16 50 76 48 70 81 69 66 0 33 92 12 97 86 39 93 31 
16 57 72 4 58 39 73 63 62 41 39 96 70 41 94 63 10 21 92 59 70 71 39 90 4 36 65 83 29 22 58 42 73 55 62 35 48 26 17 34 80 80 39 70 59 85 79 41 29 88 37 2 87 48 59 56 34 53 93 98 14 26 93 31 52 76 66 45 66 23 11 64 19 68 34 8 67 50 77 59 28 41 21 12 16 80 9 69 96 46 10 62 38 51 16 90 76 23 95 21 
49 12 75 54 99 32 33 83 29 21 28 55 53 56 66 44 50 47 46 94 92 35 82 70 76 97 56 66 86 16 87 87 12 3 99 96 37 15 92 43 25 45 7 89 86 29 18 63 92 93 90 18 17 55 26 90 49 96 73 63 60 24 92 76 15 42 73 73 76 11 59 78 16 37 64 45 63 36 71 68 27 30 37 18 32 24 50 32 52 13 67 82 33 97 15 96 31 40 95 58 
56 63 30 83 37 79 13 65 51 70 42 40 13 67 83 30 88 9 9 78 97 10 38 7 1 68 52 58 75 69 59 46 9 95 92 28 4 50 75 16 10 69 98 27 24 10 27 45 65 58 84 52 36 84 57 81 25 53 78 87 43 72 70 62 64 79 83 58 10 94 74 52 96 90 97 56 44 36 7 15 39 3 40 19 38 96 33 9 24 49 95 42 40 91 95 82 12 7 93 56 
93 91 33 22 30 74 13 23 99 50 93 46 83 57 59 14 78 72 10 14 46 2 53 60 16 29 80 9 70 48 67 47 72 81 50 61 55 7 75 5 99 58 62 35 60 50 81 86 76 74 4 81 36 10 25 84 70 26 31 67 48 88 36 98 4 8 91 65 11 59 31 78 92 30 93 5 63 91 96 55 37 56 95 82 97 47 35 31 71 19 65 77 92 32 18 82 63 12 57 88 
3 16 17 65 76 5 36 66 82 44 47 44 68 44 6 48 61 43 62 93 9 10 30 11 34 65 15 46 32 1 20 72 58 80 20 27 25 14 73 90 31 50 65 22 61 29 59 0 57 72 36 33 43 0 82 68 4 85 52 44 75 80 56 81 36 34 14 0 58 95 29 70 58 99 67 64 48 63 48 49 40 60 75 92 17 57 8 69 64 10 5 37 65 19 8 8 22 77 93 59 
40 47 60 90 65 33 57 19 46 1 70 68 94 14 84 81 84 82 70 94 98 70 38 27 85 55 25 33 99 23 38 52 78 70 94 57 22 42 22 43 74 97 56 12 32 22 51 89 75 37 62 14 20 15 67 26 67 25 92 63 75 71 17 40 92 28 63 4 57 32 8 31 5 2 44 70 93 56 56 75 98 56 85 21 8 72 27 49 52 63 63 26 22 65 81 19 15 17 34 54 
60 54 9 55 18 0 4 45 77 36 94 40 74 33 39 68 34 88 7 53 91 71 26 76 37 1 40 60 21 1 76 20 17 48 74 24 69 76 14 6 48 66 15 96 70 66 99 31 60 89 19 38 16 12 11 54 15 91 84 44 0 40 65 5 39 30 7 26 30 76 83 73 99 98 21 22 26 13 39 73 84 54 55 6 36 85 48 99 45 91 62 54 52 62 45 38 71 35 28 84 
82 17 30 93 13 32 37 11 35 36 37 87 25 7 99 40 38 56 2 65 9 13 70 87 52 28 60 71 80 13 81 67 52 43 38 71 7 16 70 58 60 94 74 84 36 88 18 90 86 52 77 36 85 14 63 11 56 28 93 11 30 31 57 78 9 35 26 66 87 87 18 35 13 11 70 5 60 89 2 53 25 37 13 53 81 32 47 97 32 20 65 95 13 2 9 2 3 71 56 31 
91 87 95 88 50 43 45 41 69 82 57 28 41 3 86 12 96 25 12 97 25 26 1 10 18 24 1 59 28 61 86 73 51 81 71 35 40 14 22 82 67 87 44 92 37 78 75 0 26 95 3 1 58 36 54 5 60 74 89 44 56 79 80 61 25 50 32 36 26 12 62 69 15 9 78 92 54 86 62 62 95 95 88 2 99 36 59 51 48 48 81 25 37 3 8 83 71 53 54 92 
1 89 66 68 72 66 93 53 82 87 33 65 56 30 83 75 61 48 11 45 88 91 68 16 65 3 5 54 37 1 99 11 0 33 95 71 54 27 43 70 88 1 9 6 87 83 92 61 67 23 13 39 78 61 67 30 47 89 10 10 65 20 13 40 67 29 56 93 78 9 1 16 52 52 81 64 99 21 74 15 21 44 70 76 82 0 10 30 0 64 0 16 29 17 34 68 62 59 88 39 
51 78 27 35 31 29 79 16 61 26 38 95 35 97 90 24 86 30 17 10 55 32 23 24 64 15 12 26 90 40 34 72 77 84 69 46 24 50 33 26 3 65 84 1 38 97 17 40 8 61 28 10 52 97 95 10 63 56 56 51 94 89 39 45 53 21 91 42 80 69 12 81 84 82 60 7 29 24 66 76 64 11 34 11 76 59 67 72 85 59 25 18 70 84 87 70 6 71 80 22 
89 36 52 61 93 41 37 94 93 94 87 68 88 54 85 33 89 54 28 73 46 96 1 48 55 7 98 14 56 97 41 95 53 69 61 4 13 54 5 16 21 83 2 46 54 41 43 71 2 82 7 91 26 19 82 33 64 36 92 70 88 7 2 76 55 50 83 67 84 49 74 5 85 39 0 33 21 8 61 93 68 39 62 66 34 64 89 36 89 81 28 17 8 29 7 18 52 61 97 5 
14 34 73 61 1 39 41 39 18 39 79 41 17 93 25 96 73 16 62 65 71 21 67 0 27 39 88 53 83 17 88 92 36 1 86 63 62 89 57 32 60 2 20 32 92 5 66 98 4 5 25 69 56 96 9 46 42 93 28 16 60 62 8 24 45 27 13 59 75 34 11 5 31 77 97 89 81 5 23 87 21 80 26 68 11 81 22 76 15 99 69 52 80 75 13 94 62 98 45 78 
56 15 76 74 71 64 43 10 49 54 70 60 78 41 60 58 37 18 42 37 1 13 33 12 78 2 31 82 73 87 23 16 34 2 56 46 53 75 72 99 75 45 17 48 91 1 16 73 20 10 45 98 89 39 65 53 38 50 21 23 56 51 44 80 48 37 27 54 8 6 24 69 11 72 45 29 67 54 98 24 55 65 74 51 53 97 96 42 20 64 52 14 87 56 54 83 18 22 1 18 
29 69 57 40 94 25 5 11 77 46 30 29 51 84 42 79 3 92 76 52 33 82 24 74 64 92 21 80 5 95 62 48 70 25 46 3 67 63 19 59 92 68 24 44 58 5 33 59 43 38 43 30 24 13 77 44 21 90 35 32 16 23 93 51 49 48 90 95 86 73 73 29 33 31 11 35 6 93 3 18 67 72 86 29 57 93 19 91 49 1 2 6 39 41 15 85 78 32 38 87 
20 45 64 64 94 93 77 7 71 52 71 49 1 43 17 81 5 30 93 8 33 27 83 47 3 51 88 35 59 83 94 32 47 66 20 33 91 61 56 7 72 15 99 63 1 82 32 17 19 25 17 7 88 79 94 39 51 84 40 8 30 23 81 50 26 88 9 31 34 91 72 20 73 12 17 97 77 68 79 50 64 48 5 27 22 89 99 69 35 72 66 37 19 58 41 4 90 31 30 75 
97 87 39 77 50 41 22 79 43 35 61 95 78 1 46 65 76 69 86 69 87 11 4 77 48 10 4 98 21 79 25 72 83 37 52 44 24 32 18 92 34 58 35 77 83 50 32 40 12 83 62 81 84 29 88 9 3 14 51 9 10 80 68 55 21 9 58 61 94 47 44 13 83 32 9 59 43 61 54 29 93 39 20 78 13 58 59 36 63 22 54 25 94 86 72 12 1 91 98 81 
36 81 74 73 85 67 47 82 32 33 46 67 72 97 72 87 75 23 29 87 5 70 65 69 87 42 85 22 9 47 24 60 38 25 54 96 28 90 29 58 72 30 70 79 99 33 86 62 12 82 41 14 64 38 28 42 15 30 90 90 61 97 48 93 1 41 65 64 61 41 90 74 26 79 99 12 21 72 46 7 14 28 49 92 36 94 70 83 18 27 13 43 32 70 97 53 36 52 59 79 
30 8 52 55 7 78 73 75 42 52 91 95 49 54 3 54 81 86 40 73 42 46 8 34 90 48 89 19 32 82 23 69 10 67 57 4 34 54 31 64 63 30 15 78 59 46 60 23 88 10 38 36 49 29 36 70 67 28 90 76 24 87 15 23 66 71 98 30 7 99 23 66 15 43 28 43 70 62 12 48 36 46 20 31 11 86 97 84 92 55 57 84 56 87 61 49 96 22 22 80 
38 73 95 26 86 9 95 87 82 20 55 0 38 55 58 94 10 59 54 68 84 23 98 10 20 70 94 46 55 41 67 79 48 0 68 47 97 34 0 81 41 10 20 76 96 79 47 39 8 22 49 1 27 78 73 94 17 56 46 7 31 97 15 90 72 69 62 86 27 1 50 38 73 83 45 27 12 79 0 11 13 14 52 87 98 43 29 85 94 30 53 11 37 72 75 18 23 2 37 62 
84 9 34 73 45 54 32 30 46 64 85 41 75 38 40 24 36 25 3 7 76 74 91 67 16 0 75 7 55 88 20 16 5 76 97 15 74 77 22 21 20 24 54 55 88 0 61 29 41 18 15 55 65 73 99 34 68 95 27 76 38 48 8 12 21 65 69 96 47 67 63 23 20 65 15 29 63 71 63 81 9 93 5 66 43 8 26 1 62 55 63 18 52 32 6 37 24 92 34 91 
72 36 98 85 58 42 59 8 49 51 65 10 29 38 33 16 70 93 20 12 21 27 70 0 87 26 79 72 2 49 30 13 62 68 49 14 4 58 0 48 45 40 57 44 88 57 78 91 48 42 33 2 33 38 21 31 13 80 38 52 4 52 11 17 75 39 34 39 64 35 36 40 91 74 97 96 31 2 42 18 59 33 89 27 82 66 8 22 46 44 94 6 73 93 91 0 85 29 10 80 
65 40 20 88 75 50 14 74 65 9 11 27 99 44 11 73 77 6 75 98 8 33 58 49 50 48 28 65 8 15 5 84 68 93 24 2 94 98 8 73 26 62 90 27 38 18 96 77 94 98 90 55 5 26 15 26 97 9 7 21 3 39 14 15 56 58 39 95 59 83 10 45 78 94 39 29 58 31 40 38 27 66 68 60 84 37 85 0 81 85 63 19 42 78 39 70 45 51 10 94 
54 33 62 4 14 87 37 58 22 23 47 10 42 86 51 94 42 45 56 28 19 30 54 52 9 37 14 65 43 4 70 61 16 45 70 84 21 38 82 5 71 2 53 37 94 78 61 40 46 26 56 58 33 17 86 52 1 90 12 71 55 97 1 68 52 77 79 9 47 96 60 43 52 8 65 24 67 82 75 55 80 92 12 61 34 3 56 90 89 43 77 21 12 26 75 60 86 55 1 96 
1 19 44 47 29 77 29 95 42 83 92 74 72 15 58 30 62 54 44 15 25 98 53 2 43 36 50 25 83 38 55 52 22 89 90 66 42 81 23 1 26 51 30 2 63 39 96 84 86 92 86 46 74 29 55 95 66 53 37 22 22 81 63 42 42 96 9 60 44 56 0 82 88 71 59 18 0 36 62 0 69 15 69 80 39 67 37 68 99 87 31 84 59 10 11 54 90 86 35 60 
98 2 43 72 90 44 0 79 16 79 2 77 71 77 35 17 76 15 53 48 54 96 85 86 31 44 96 31 53 14 50 71 45 55 46 57 58 52 33 13 13 38 91 8 76 9 10 32 81 75 92 51 69 22 99 45 13 39 78 46 15 88 91 72 71 48 99 85 48 93 54 55 13 50 44 5 1 59 43 77 63 10 86 23 78 51 64 48 65 47 25 54 56 63 50 52 74 43 67 25 
70 49 11 46 44 52 46 75 53 23 34 41 9 52 62 57 44 25 90 92 87 52 73 44 81 13 71 70 30 42 14 4 38 82 75 5 48 10 17 47 5 49 34 56 84 65 58 80 24 31 7 17 96 74 93 88 94 89 81 27 93 3 76 76 19 71 99 89 43 26 49 72 88 97 53 61 63 45 8 37 37 36 96 62 47 61 62 17 89 63 34 35 29 60 93 46 50 76 63 29 
29 99 1 63 94 11 17 1 34 20 53 99 27 62 25 84 13 97 24 87 24 20 64 73 13 72 72 16 22 41 59 98 80 60 71 19 15 19 3 95 97 51 5 60 71 76 86 38 72 94 95 79 86 26 60 65 70 30 27 74 23 26 71 8 82 7 57 33 32 61 47 72 97 96 7 4 4 26 51 93 18 32 26 97 87 30 97 45 63 28 36 36 5 3 98 78 2 3 32 20 
56 29 64 64 89 48 81 77 90 80 83 88 91 60 39 0 72 32 41 46 4 93 19 4 13 64 66 37 49 8 0 22 28 64 64 14 5 32 41 76 89 18 63 4 70 20 24 41 8 81 38 83 18 45 98 41 86 13 45 52 78 86 36 32 14 84 37 70 26 2 12 91 22 36 59 97 51 90 10 96 63 3 26 42 35 40 96 33 93 6 64 64 21 93 90 40 12 99 28 89 
39 48 54 38 36 15 91 94 70 44 61 95 62 48 23 47 6 2 40 56 61 79 38 56 90 57 40 58 78 23 69 67 48 56 27 89 75 49 35 31 48 92 9 33 92 6 5 67 84 83 95 44 50 53 69 53 74 34 7 85 30 30 44 76 98 16 98 39 12 47 50 54 7 41 93 52 5 91 2 10 39 35 93 86 44 94 7 82 8 16 11 18 82 34 93 58 80 11 69 72 
10 38 49 44 94 62 18 61 10 93 61 23 50 79 6 33 24 87 29 16 69 24 80 37 10 73 71 68 62 92 78 1 34 60 68 28 54 29 96 87 46 22 13 62 9 97 5 54 65 65 27 67 47 44 5 17 48 58 23 64 93 77 98 26 38 7 59 35 85 45 39 15 13 1 83 25 53 70 36 48 3 74 13 86 44 33 88 22 30 25 81 78 32 81 8 70 72 49 94 8 
62 46 63 56 76 34 11 46 97 51 9 1 39 16 23 34 8 8 27 9 79 50 61 19 47 84 58 86 15 44 0 57 38 68 20 43 54 45 20 37 97 18 73 89 96 66 40 42 61 87 27 90 52 33 66 35 86 2 94 9 76 27 91 70 40 11 33 35 35 70 28 51 94 17 16 81 62 56 37 87 41 88 27 0 96 82 54 45 78 47 42 4 22 85 97 77 44 75 27 81 
63 29 33 11 35 63 57 37 53 61 42 48 28 25 41 68 55 61 99 82 26 63 88 58 49 20 71 43 38 60 66 85 15 90 88 50 12 63 58 4 82 75 31 82 80 16 47 9 1 10 66 13 47 95 60 16 82 51 53 47 19 62 46 78 58 37 65 44 34 63 13 23 52 41 72 85 3 40 63 68 35 57 71 15 99 17 56 14 8 78 66 34 98 46 71 13 56 70 92 4 
80 38 51 57 64 83 80 60 44 9 7 9 16 74 50 8 56 6 75 43 7 81 55 99 59 6 8 33 70 6 13 87 14 96 44 95 13 41 29 16 96 3 35 55 68 86 90 47 70 71 52 20 87 92 21 4 71 3 70 43 51 39 59 52 40 77 60 81 55 3 9 40 98 98 9 18 76 31 1 33 67 14 60 84 89 60 46 21 77 34 97 98 16 19 19 4 11 53 74 18 
74 10 65 21 98 38 56 39 19 63 45 5 53 77 43 36 40 11 34 95 65 22 73 51 7 72 61 51 54 96 63 98 51 12 60 94 92 31 75 78 69 84 3 75 16 94 13 27 4 58 11 46 68 58 14 74 62 44 13 12 78 10 43 6 93 46 80 32 85 85 35 18 31 16 10 1 82 7 17 6 34 61 52 33 33 0 39 30 81 29 51 75 34 31 62 50 0 65 95 46 
28 40 76 72 0 57 88 73 61 47 40 40 13 65 56 25 80 39 74 75 58 1 38 10 18 59 40 93 73 35 26 93 50 68 37 40 68 61 43 95 4 17 7 90 53 24 72 61 46 94 9 54 15 87 96 50 38 31 69 24 67 38 53 1 89 42 32 9 88 91 4 44 76 83 72 8 59 48 36 26 42 87 77 3 3 58 59 45 15 45 72 91 70 40 72 5 0 96 7 63 
7 63 51 68 84 12 99 1 66 59 39 7 92 5 41 82 67 40 84 15 12 98 82 29 99 23 31 14 76 67 47 39 1 73 52 26 16 68 50 2 2 63 23 33 32 32 39 41 46 68 82 20 5 23 95 66 93 13 33 79 95 24 40 69 42 68 59 46 4 47 95 98 92 47 18 44 43 52 77 23 76 30 51 95 83 82 15 19 92 60 35 57 40 66 10 36 63 43 79 38 
89 45 36 38 19 15 5 83 48 17 96 90 53 30 73 48 77 5 82 32 61 55 45 79 75 24 17 53 55 75 5 43 62 27 15 26 63 83 56 35 20 7 8 34 2 52 85 96 63 19 35 36 27 74 59 18 12 0 24 87 75 57 85 84 20 15 72 21 1 54 23 59 38 71 29 33 74 65 75 63 30 15 87 88 14 45 25 54 68 57 64 63 6 97 15 19 74 38 25 43 
67 78 82 20 94 87 43 24 18 83 87 44 45 23 86 35 2 8 78 38 79 23 9 97 92 19 51 16 12 20 20 1 60 54 28 61 28 36 5 70 8 7 17 12 52 98 52 82 40 19 8 99 83 93 63 60 73 32 96 52 70 54 79 63 37 63 10 27 53 63 40 20 82 50 12 46 39 64 37 57 99 18 53 4 6 29 38 84 50 22 44 7 25 26 24 16 88 35 28 42 
32 42 8 17 72 74 41 31 43 9 32 79 80 25 10 62 11 90 9 90 86 94 5 72 0 62 12 77 92 15 38 33 69 19 73 95 36 92 60 26 75 57 99 56 45 13 58 88 11 36 29 22 37 37 12 76 63 12 74 17 61 99 12 68 81 0 3 10 64 1 45 33 92 60 68 25 89 32 99 39 60 24 15 83 56 50 49 22 95 34 76 97 0 64 77 61 63 27 1 75 
4 76 88 25 96 39 72 42 25 83 87 78 60 76 88 98 22 84 87 91 50 43 52 73 40 68 82 93 87 71 9 30 34 8 4 84 34 44 47 54 71 87 27 78 91 49 75 19 11 77 51 98 3 91 7 52 45 20 59 91 5 4 1 2 60 39 62 66 63 92 68 2 34 38 15 83 40 63 3 17 59 40 86 72 95 29 81 2 36 45 96 16 46 98 58 12 50 28 82 34 
53 67 44 14 50 90 63 76 11 39 35 92 31 41 54 13 56 39 22 49 96 82 65 79 17 88 27 35 62 79 4 25 19 18 88 77 52 69 3 54 16 63 8 65 19 91 39 92 53 68 42 74 5 18 25 90 39 44 98 72 58 48 56 82 21 23 82 35 30 57 22 48 12 53 26 16 77 88 79 26 3 32 24 84 72 59 90 37 39 65 25 14 85 71 17 58 60 0 10 89 
43 17 25 99 70 91 61 48 55 11 96 2 97 7 25 8 28 24 90 82 61 20 65 10 92 36 21 45 55 56 98 99 36 57 72 22 38 95 92 54 28 53 36 17 75 42 65 1 5 49 14 58 57 71 50 0 85 75 54 74 30 38 68 80 23 5 75 6 72 80 65 53 37 56 25 6 17 11 8 73 28 50 98 76 92 51 76 79 2 8 89 54 57 56 50 5 39 37 98 47 
45 58 30 18 12 13 80 14 20 23 82 60 15 63 33 17 41 24 11 0 39 67 18 96 21 85 42 37 21 77 28 80 5 76 40 17 51 64 4 24 55 22 86 88 17 0 69 40 61 19 62 42 55 69 52 57 50 33 45 65 28 65 35 18 10 80 51 5 10 33 19 61 38 81 58 38 39 29 64 7 82 62 34 6 2 76 61 64 14 40 62 68 52 89 77 44 34 81 90 62 
3 93 67 93 98 6 68 21 87 94 7 58 82 83 7 51 64 69 59 22 99 46 71 47 9 89 99 51 60 87 19 94 80 62 77 55 42 71 61 98 92 59 2 38 17 4 93 94 18 77 19 38 68 55 46 30 12 17 64 70 13 42 36 26 13 14 97 32 22 10 48 92 14 36 4 67 17 87 12 7 99 78 1 97 26 3 68 32 36 10 26 42 67 18 78 13 36 31 95 7 
99 29 79 81 42 18 59 4 32 86 47 21 75 98 80 23 59 62 21 62 49 18 51 46 40 24 49 28 15 83 58 77 16 63 36 69 59 47 97 50 13 59 92 92 7 80 90 15 65 32 25 83 16 42 32 3 60 30 25 42 74 53 96 77 57 80 44 49 9 17 67 12 33 61 5 98 81 47 81 78 84 14 71 20 28 67 77 77 34 9 17 9 31 73 67 16 19 11 27 5 
65 98 73 75 67 12 15 40 20 9 22 59 71 6 17 16 5 55 86 35 46 30 7 77 4 58 88 46 12 26 13 12 94 16 38 58 75 64 90 81 97 53 73 11 86 9 93 44 96 56 71 54 92 63 77 87 32 6 23 54 23 20 98 3 92 41 72 26 58 37 97 35 22 51 42 93 9 20 64 96 76 65 71 49 49 42 84 99 56 28 27 73 49 89 17 65 48 95 37 15 
62 83 9 78 62 91 60 10 93 1 34 91 49 26 7 13 36 33 15 68 39 88 74 74 0 33 7 79 49 81 82 72 14 82 71 43 14 9 77 2 68 82 74 38 16 34 55 9 81 38 68 3 41 62 22 38 31 77 76 84 7 51 43 46 83 18 25 18 1 89 63 52 81 22 26 0 36 67 79 10 29 88 37 39 86 11 52 16 74 15 0 5 63 73 76 96 83 39 87 82 
